/*--------------------------------*- C++ -*----------------------------------*\
| =========                 |                                                 |
| \\      /  F ield         | OpenFOAM: The Open Source CFD Toolbox           |
|  \\    /   O peration     | Version:  v1912                                 |
|   \\  /    A nd           | Website:  www.openfoam.com                      |
|    \\/     M anipulation  |                                                 |
\*---------------------------------------------------------------------------*/
FoamFile
{
    version     2.0;
    format      ascii;
    class       volScalarField;
    location    "0.26";
    object      epsilon;
}
// * * * * * * * * * * * * * * * * * * * * * * * * * * * * * * * * * * * * * //

dimensions      [0 2 -3 0 0 0 0];


internalField   nonuniform List<scalar> 
5794
(
17.4639
0.840822
4.12803
0.933113
11.5518
4.25594
23.7022
49.9913
147.181
12.653
37.8265
1.389
5.44711
7.26492
7.93789
0.470993
165.871
3.07694
5.87672
0.994153
69.9423
12.0558
6.45585
3.63027
44.7435
122.947
117.857
12.0924
96.1279
2.91073
5.82337
6.26175
10.9837
1.29212
60.1981
25.7748
4.42945
1.53312
11.2172
7.0287
25.6968
5.25787
9.64745
9.154
8.97764
49.4827
6.2531
23.6899
6.86701
18.1995
0.965854
83.2925
15.1505
4.83821
0.110609
46.5799
9.31041
24.8784
5.61388
254.312
56.2224
1.63036
11.5505
8.58358
20.3991
0.885374
15.3025
11.9223
2.82402
2.6537
91.0633
27.0507
105.052
3.45401
2.4754
23.9674
1.08512
81.2325
9.22148
0.253587
7.62764
1.41956
16.8375
7.382
1.21397
36.051
12.3401
57.2933
5.7283
7.64039
81.006
18.5085
40.6662
66.8395
69.8925
100.263
55.7703
35.3578
12.7539
61.7797
52.4176
2.2402
7.32128
8.17784
5.46906
74.0716
1.22178
7.49526
67.7811
9.61699
0.907041
11.8155
58.8088
0.382901
49.1195
44.8942
3.47156
39.1097
51.2215
22.1338
83.8719
9.01316
0.704055
17.4698
15.0383
53.3731
6.52429
2.95493
94.9194
16.1515
1.88612
9.84734
6.32508
68.0598
76.4738
9.81396
121.722
1.57353
0.359329
0.76901
4.28872
14.1674
18.1691
15.3586
0.7289
164.386
4.62591
41.8174
5.9359
23.7503
13.0513
3.48694
77.6932
1.27631
150.49
5.4257
3.47253
7.611
78.4495
1.37355
8.0867
18.5716
1.35851
41.9048
70.5784
92.9702
40.9557
4.79248
0.822086
16.7708
3.44991
32.7539
14.9899
39.7
1.91756
9.2143
4.93134
42.726
1.53573
136.735
1.63149
14.0517
2.0034
16.0902
7.76397
103.329
3.46869
7.63927
9.85883
2.11268
48.2689
8.27578
11.0609
3.17769
8.42293
2.47687
51.8124
0.799193
5.5971
6.94445
19.1395
96.6873
20.1541
9.04974
6.20983
57.9304
0.953877
19.2853
6.67261
75.9373
12.7146
10.4258
37.0499
17.1279
1.41027
35.5801
10.2038
4.91437
32.4032
56.7752
9.9499
34.376
126.08
47.0072
133.918
30.6483
1.81893
20.0537
6.26202
5.28523
13.5398
54.4872
1.16628
60.673
1.67574
16.2474
12.5244
30.6072
3.52176
5.40719
1.4597
54.3834
54.7994
1.04762
1.24984
1.74396
11.8427
3.79519
94.2338
46.9843
13.9917
0.643221
162.094
0.400879
4.93816
14.4556
6.87576
15.7224
13.3592
12.2229
71.2584
37.6004
11.7586
0.295984
16.1878
9.9144
23.9912
75.0579
10.4275
58.1533
5.78383
19.3457
44.3413
98.3783
16.5052
4.39541
4.80907
4.01785
0.634685
6.09499
3.69589
60.8515
28.8537
4.64312
9.4272
84.1996
25.7652
41.8448
78.2815
98.0979
17.5202
47.6543
1.27724
7.52357
4.8545
109.177
40.7418
2.50656
11.3016
0.276689
1.95939
55.5242
4.60286
64.2154
7.73996
78.5368
0.467825
2.21901
64.9845
5.09295
16.7964
39.0409
87.2968
0.303181
9.82496
34.7167
11.7523
8.11273
61.8752
159.297
28.7617
21.0236
9.96097
6.85316
0.48301
13.1183
5.94648
1.71708
5.92872
36.4511
119.43
8.85418
1.87664
10.5567
5.68458
12.1234
12.9923
1.1401
7.77287
4.43309
3.00855
48.7337
138.789
9.67877
4.70179
1.61642
23.8356
20.7071
107.739
2.04004
23.6557
113.528
12.6844
10.9897
2.60834
73.6109
5.74543
107.415
22.5246
47.9086
15.7028
1.3181
94.7333
21.6955
37.3104
4.18901
79.7999
58.251
9.04461
31.7439
2.77851
0.645049
4.05892
1.10046
27.2634
60.8506
44.3297
10.6043
35.1127
0.163749
4.4844
2.49139
12.4913
35.0705
36.3647
1.25344
63.4868
38.8279
26.0742
38.8743
7.21708
71.9548
2.35273
4.23117
12.3752
44.6428
1.60864
6.90178
7.45831
8.37775
2.41743
37.9012
35.8763
1.36535
13.9834
41.5067
13.0791
5.19464
1.16089
52.1729
43.2658
8.78334
35.4632
32.5492
75.3934
6.74582
19.0471
3.30595
59.8686
53.732
11.525
36.015
19.7125
2.94471
26.5864
34.3607
1.80283
0.472089
0.723395
11.6898
84.9113
5.75938
21.1164
85.5966
7.26343
4.80361
1.07283
6.67341
32.1854
28.746
1.43988
8.11634
8.9536
1.86258
3.29153
50.9815
56.6817
0.155176
8.6485
77.8763
13.8665
0.90345
103.348
15.2461
50.345
0.29936
53.1596
120.284
47.2126
98.5529
13.1857
0.97613
21.4424
2.77113
68.2438
15.8573
25.1926
16.0453
18.9472
8.90893
0.270205
9.89051
54.3965
5.1327
15.5912
84.5446
32.6527
8.66863
4.75434
1.04722
31.0996
12.8992
7.10923
4.8465
14.5154
34.1156
10.3574
3.94231
86.0898
9.36154
1.12274
1.83032
8.47259
3.99953
20.2548
0.885353
3.3058
2.31266
0.365707
36.0719
10.3762
22.7598
8.51346
12.6201
21.3615
1.15322
6.85653
26.1801
41.4781
0.695992
95.4958
0.358421
5.49635
0.191828
0.204338
32.616
40.8763
0.168137
5.59625
33.5735
5.88154
0.851369
13.436
121.648
16.0398
1.29529
6.74485
41.1954
0.953228
11.7781
24.5784
0.346862
23.8726
1.88223
3.83757
19.8214
6.60761
148.548
14.6784
56.1541
11.8955
104.105
0.867263
6.90641
7.19233
0.469954
5.58537
13.3272
0.278687
2.69033
9.89452
0.331075
6.04738
6.73081
1.72693
17.0674
21.4665
10.2165
1.05658
7.23256
239.24
2.63089
58.029
4.96744
6.15485
3.59145
0.49273
10.833
3.39789
0.497806
76.1847
43.4339
50.0179
81.6185
95.158
9.14805
15.0081
8.81737
2.67289
35.826
54.4358
24.4539
85.7567
22.3262
105.971
46.3207
0.54313
42.8498
10.8827
61.6984
0.630378
1.39272
1.49078
64.2345
31.4334
31.6381
0.132654
9.33408
0.316178
12.0334
2.69702
86.3974
40.1686
65.2557
0.243281
8.67161
169.73
11.967
0.15656
6.21246
14.7091
19.0212
3.75014
10.8772
1.02332
6.97045
32.0843
36.3072
7.55082
1.02037
1.6455
45.7066
64.4474
13.5632
1.54746
1.38306
3.22473
14.7728
65.8546
0.44034
10.897
0.795172
0.888254
4.9746
0.90203
6.49309
91.3032
26.4038
5.30901
7.84402
5.6384
8.1683
32.4603
13.9691
123.063
94.8984
37.8928
49.3063
0.660019
0.858428
2.72055
6.20471
1.71354
4.53617
3.83207
79.1153
46.1204
0.75903
55.0738
5.95761
0.202915
8.39821
14.2259
47.0515
1.1045
39.1568
85.6392
84.8493
28.2329
34.4719
32.263
7.26698
35.2702
19.8432
33.7806
44.7317
69.1745
7.67843
3.6683
5.09636
1.49136
23.4428
3.30619
0.266325
6.30242
134.131
127.131
2.03444
0.985886
0.142138
3.73484
127.942
84.2117
55.6675
7.46329
39.7179
20.5333
1.78986
1.84539
9.81962
5.67894
3.3016
0.400699
16.147
8.6226
133.931
7.11398
5.58948
1.33922
101.338
18.5473
113.04
44.7684
97.5647
44.4693
16.2146
8.68879
76.3227
48.4211
48.9504
42.3753
104.076
149.143
1.87493
11.7535
7.82216
12.4243
28.2111
86.1446
37.862
71.8221
47.1108
88.4941
29.2714
7.58383
5.21711
103.517
13.4983
16.2777
37.9927
68.6663
1.71739
3.42919
11.4793
9.34302
77.4443
21.6611
95.7812
15.3707
8.98791
2.11032
5.50209
2.48916
0.236888
41.1439
58.0314
5.16342
72.9946
71.5117
7.49547
3.34476
19.8171
54.7455
37.6851
88.7996
82.8046
28.3053
39.9503
7.67311
39.834
9.95481
57.6474
13.5078
1.33252
5.56228
1.53638
1.26707
6.77394
5.65286
3.29131
31.4261
57.6435
18.1281
11.5571
0.92169
57.5117
23.1936
24.7744
60.1903
27.0592
0.430419
58.1325
36.3609
24.0739
4.03771
26.8775
0.901026
151.654
12.498
88.8676
9.83031
13.7279
3.25715
0.177729
1.87768
5.78117
31.593
40.6091
82.1991
138.659
46.6832
4.31443
8.87395
29.3169
159.982
0.912276
1.37237
11.531
64.9522
1.18289
6.96131
21.1759
41.2292
27.9848
0.348688
17.4142
3.94152
5.31078
6.3657
12.2078
47.1041
57.9675
9.3222
1.83391
6.42601
5.5006
6.85841
109.783
8.86357
2.06722
5.67916
1.19615
21.694
2.12392
25.7186
0.196354
4.60325
5.58605
10.743
22.8076
41.3715
70.6451
58.2742
30.819
72.6758
41.4678
32.8796
34.5257
0.180439
1.29789
5.24467
6.25106
8.61919
3.93985
109.533
41.9678
110.765
18.4377
1.78697
4.84719
0.651068
14.1358
52.1691
4.00177
281.15
3.00405
2.14503
65.2647
14.369
6.49608
1.64688
2.50477
15.04
6.80487
1.03709
2.00107
49.8531
76.446
10.4695
10.0865
36.7033
5.42922
39.5179
80.0353
106.739
65.732
9.90319
7.98061
0.934188
13.7792
0.46582
0.251126
0.970297
4.93134
26.5453
1.56383
7.36122
0.560418
5.43981
111.717
7.09946
8.3069
9.14091
19.7691
34.0011
28.8311
40.7657
6.29561
0.596384
33.2887
11.9217
43.2387
7.81988
79.8914
26.267
55.8901
3.12261
51.8044
49.6442
13.0959
11.3043
10.8814
7.20838
2.21518
74.2992
15.0283
22.2212
51.8223
10.7274
38.9154
17.657
10.4913
1.14834
5.85416
4.96154
0.395264
11.462
31.1906
151.334
6.9482
12.3796
73.6335
0.961128
15.8057
18.0956
31.9288
10.044
7.73288
23.2045
54.1664
7.25153
15.7278
1.48828
5.66995
0.917383
1.13803
1.29702
2.78155
0.182775
0.563568
1.13889
1.98815
7.96398
3.24782
5.3489
1.06645
0.522801
65.0623
9.71908
53.7374
1.55545
19.3732
0.739577
45.809
4.81124
6.66009
2.00504
20.3389
47.2956
1.91081
9.99616
3.58994
0.16013
9.23115
70.3072
21.4826
17.3521
221.818
0.162948
11.0596
29.2965
15.9822
22.2105
27.7102
80.6058
65.4338
1.52755
7.43973
0.578603
0.578648
17.5776
11.6667
122.834
61.1021
85.6955
0.424416
49.5973
91.6017
34.254
30.0408
42.2012
1.41053
16.6427
0.829562
35.9605
11.012
18.2479
4.58075
6.83354
4.4087
4.81474
10.0072
18.331
0.798122
10.0088
8.9681
13.1893
13.2246
1.4545
8.2023
36.4517
0.23753
5.7104
1.46941
7.02056
13.7363
0.209118
27.7443
1.30154
10.3656
19.4093
2.50252
16.0761
8.7883
0.509044
7.49915
11.3561
0.138813
116.682
22.406
4.69511
0.987982
19.9054
0.138683
0.772819
10.3674
2.1183
0.140032
1.50129
36.7931
16.8729
43.1645
24.0707
8.18771
69.8078
34.3752
0.150373
1.74569
9.10404
6.48555
23.8871
67.4685
0.166293
26.857
0.304199
9.48699
1.38344
59.3862
2.23905
13.7376
75.569
0.617255
36.7809
4.74852
0.266646
6.28476
5.2091
31.2037
34.4289
0.475417
38.7157
0.501504
0.622611
18.1894
1.02618
8.62851
7.37531
5.49788
30.1474
5.93394
89.11
0.646057
3.23769
0.948825
4.49963
4.1459
17.2978
4.78278
29.1919
7.93108
21.215
18.8611
4.3353
1.01229
6.95595
12.5143
12.2212
5.38751
7.27006
160.21
62.8266
63.6683
19.4856
135.067
8.255
8.31275
14.905
1.21174
5.18961
0.151373
701.214
41.0399
0.183342
5.84932
59.0006
54.9827
8.87951
1.7126
5.47882
48.9085
12.8418
1.13205
14.036
7.07046
28.8749
3.44084
6.09668
1.86214
0.246986
7.68205
7.62564
5.24226
32.1797
0.856417
47.6462
16.6839
17.1535
12.0087
2.15559
4.32018
20.686
9.25081
17.7844
11.6159
4.37357
4.10565
4.99978
25.3736
9.34775
5.75346
0.86498
7.5556
20.5581
5.38291
21.6396
61.6586
30.0801
8.17636
5.9781
6.89463
6.54235
4.22099
17.2493
11.1122
22.2447
0.131993
2.26843
0.985201
183.315
0.203503
0.18575
8.42681
2.76583
1.08664
35.6397
6.01909
5.92145
2.40077
5.12727
22.8614
140.245
59.0922
1.59973
1.82955
1.69934
6.43496
60.5591
27.8117
5.3106
8.61671
0.564476
2.44081
11.003
10.9884
37.8666
2.19119
7.8193
35.3642
5.0735
0.56993
14.1861
92.9167
32.779
24.1866
23.5344
5.29048
0.530537
3.04691
17.461
5.83422
65.5758
0.823633
0.58239
37.9379
9.98697
7.74479
0.128576
13.0812
62.962
0.32895
0.265447
8.53307
1.89851
1.59192
7.07043
4.87075
15.3766
0.179865
2.67466
21.6783
65.6023
10.5029
10.7527
30.5466
4.43395
4.71317
0.842667
4.1621
79.8207
15.1488
44.8393
3.9116
14.1023
35.9237
29.0035
5.61128
15.6055
0.548785
9.4935
0.158267
3.43355
3.30515
5.99306
7.69352
12.9497
6.85934
3.92492
12.177
0.167925
1.28359
7.39349
4.90951
0.196748
3.70144
66.5559
9.35889
53.3851
46.7913
3.69783
1.34188
144.873
0.713654
35.7969
14.9668
3.74322
1.55893
1.51377
25.5862
0.614499
15.3021
0.348861
7.26961
0.173244
1.33182
4.46503
37.7039
6.82546
34.6311
25.2449
5.25214
8.84324
0.496602
19.8533
8.04051
9.61061
24.4682
5.81861
0.408166
8.31514
26.9572
19.5783
109.135
71.0499
43.5212
45.471
8.2712
0.17369
2.63662
24.3215
2.99069
88.0777
0.357188
0.234035
2.31281
17.447
0.44791
5.57224
16.0355
1.25053
5.95276
10.773
5.2489
1.0891
7.60485
3.95153
36.8564
22.3444
0.236533
23.8875
37.5868
2.33883
18.3517
1.91935
69.4235
0.258723
1.53616
0.723171
10.4233
368.258
11.3837
57.6374
10.4096
46.3043
108.792
18.8201
12.9654
0.359179
0.683827
0.393849
0.200546
6.56797
10.5604
0.462887
14.7352
0.210556
0.59609
4.65516
17.3464
0.564095
1.3118
0.187302
4.1963
11.0505
0.893275
13.565
5.53611
0.557716
1.5296
0.179071
0.656504
16.8552
6.52546
8.27457
0.329679
1.42351
15.5022
4.36018
0.856553
0.348502
0.574667
0.368727
0.320811
10.3005
0.623586
0.146458
4.66734
0.340208
4.16059
14.0156
1.50021
5.53909
16.4671
0.200505
5.30167
28.0791
81.3104
6.44952
1.07402
0.140989
16.3139
1.73467
29.9244
2.54011
182.455
11.8122
103.599
32.8754
0.169075
0.161972
0.18258
3.08766
4.57941
23.7828
0.195011
4.21177
6.37417
10.7839
19.1105
5.01368
4.06922
28.9975
16.2688
252.371
2.34387
34.2621
25.7594
11.5958
7.21794
5.35636
83.2232
5.90699
32.2752
4.72901
9.90576
8.84627
1.64862
11.4948
13.9057
622.612
1.66066
6.01823
0.949234
6.03064
7.97355
5.06198
71.3276
5.63735
0.641579
0.234138
13.7429
7.9282
0.433314
12.9566
0.187146
0.592389
2.76676
0.169128
13.8132
4.17624
0.200592
14.5026
5.75193
15.8284
5.02948
1.4813
0.990425
0.38371
0.345561
14.6762
0.641992
33.4831
86.4777
2.44059
18.0544
3.55609
13.9162
3.54095
0.156757
60.9454
6.14143
6.37772
44.019
11.5784
4.64958
0.209667
13.315
35.787
5.95855
26.6803
84.4644
24.4493
0.133388
4.89535
27.0051
2.17237
4.65352
13.1022
52.779
1.21778
7.13884
0.333301
1.82243
1.86031
7.41074
6.54999
0.353984
124.512
0.214942
113.703
1.39848
0.245439
0.135515
1.61591
0.287684
0.366063
7.58776
1.45235
109.988
10.7394
11.6103
19.5405
3.43932
5.18656
21.8462
0.934866
9.10876
7.97949
3.6858
42.1824
11.9219
0.892952
33.7699
8.37088
5.38354
10.2525
1.4364
0.219731
5.27156
13.1867
0.443645
7.8043
1.8797
0.136747
8.6429
107.826
82.8905
13.2383
4.5223
49.0028
0.149696
5.69429
9.85518
5.28983
6.05177
18.095
1.56793
45.1113
0.134441
12.4332
6.13114
6.28578
7.95167
1.68788
6.82057
4.96058
1.46387
1.13945
0.767394
1.99571
21.9036
6.6264
6.5551
145.576
43.4613
41.3256
12.7029
22.005
28.0173
26.4882
60.81
11.3429
5.34945
28.5608
7.27438
32.9104
113.009
107.688
10.3973
72.2196
26.1644
17.2884
5.80253
1.39417
42.0522
57.0706
14.6706
51.6422
20.2299
109.579
22.1344
28.3445
68.6419
5.04491
13.0328
21.7998
0.691817
1.87462
11.6597
46.1848
0.743257
0.383933
9.05299
47.5705
51.1979
27.775
22.4281
52.181
27.1119
49.6462
2.1586
46.4744
33.7772
27.2237
23.2579
40.855
22.6217
14.9754
25.5527
10.1581
7.31328
6.64241
1.3096
36.7657
4.92624
1.20793
1.25309
4.24951
0.239159
4.99448
21.1017
24.6759
4.49013
1.01774
2.25427
48.8997
20.9979
39.246
20.567
2.18798
4.19946
1.696
5.24849
8.09614
5.7053
106.455
7.30955
5.33225
7.68465
4.94097
0.287576
39.0616
0.527625
20.0309
5.99893
0.267785
4.99622
4.135
5.86844
4.84176
2.51802
3.23915
57.2621
4.46511
4.33684
5.17895
4.62973
40.6571
165.629
3.81738
72.9534
25.7326
4.67167
168.986
0.936053
9.57396
142.637
21.0077
78.1434
5.08779
7.34514
121.216
158.825
69.0895
7.44975
6.31594
11.335
7.43717
12.612
108.797
4.08831
4.12593
41.6791
3.46
5.94792
1.04963
8.87292
53.8123
30.8511
19.8037
102.256
127.911
10.9572
138.993
4.72871
43.4192
20.5207
1.22154
122.884
14.532
98.4573
22.5566
44.0322
1.11428
101.349
96.1459
14.6577
103.265
87.6469
4.50456
19.6748
49.4082
16.7235
17.4221
61.2546
13.0791
72.1809
37.742
31.5035
7.41988
25.1059
9.9193
88.6303
5.52609
1.27838
2.09354
160.191
1.1156
8.56614
0.363683
35.9931
15.0036
4.68595
5.02882
3.82554
5.38874
2.07516
2.9739
4.30301
7.9368
3.69375
2.52599
3.79098
1.26158
17.7489
46.1623
19.6643
4.92009
5.64005
5.32036
9.42614
10.3451
9.64233
19.116
16.9876
8.53399
0.238165
16.578
14.5382
66.3094
4.51079
4.41548
10.1986
9.90587
4.43723
12.2629
12.8954
3.83271
7.01707
5.75155
32.5259
5.73719
4.54052
40.3372
8.55112
6.2974
5.02835
1.91461
6.11897
6.99336
37.132
4.33784
3.22121
6.10858
5.65788
4.69825
8.45458
9.61002
2.05236
4.33364
7.7165
3.46887
2.28349
3.27237
8.31353
6.41357
6.03926
9.35142
6.16594
5.11025
13.2771
7.35451
10.84
2.56826
0.515343
9.59302
0.937084
0.585878
14.8067
12.8128
59.7762
6.6156
4.95238
3.08851
7.19788
5.52247
35.8408
81.8771
30.5299
29.1152
3.61891
3.42696
37.5395
1.88511
11.3507
0.995691
11.3036
0.765125
48.735
22.8845
3.98092
39.6439
8.58112
14.7138
10.5535
1.17907
0.653028
40.1921
31.6578
24.7807
34.6688
22.1217
11.5127
1.33501
0.770181
65.0634
17.2202
10.2136
41.981
73.1775
30.8864
22.6444
37.6767
54.4554
9.99677
2.18773
11.2342
18.0364
34.6605
24.136
1.31497
38.6231
11.9415
44.4388
31.6714
9.0351
1.57806
0.676253
0.898968
34.9371
72.2156
39.4507
71.0789
0.50511
52.908
33.8615
3.94629
5.63205
7.36114
1.57538
22.9673
34.512
16.2903
32.1303
1.50958
8.18269
25.7088
1.54979
25.6244
53.371
6.40172
60.9374
43.2483
22.6961
96.7889
10.8159
5.32052
19.4763
25.1402
23.1921
19.1184
2.89645
13.7503
27.7274
46.0118
17.0773
28.1241
8.29789
1.50101
0.687796
26.0546
39.4952
4.4441
41.0526
94.105
108.31
125.526
38.6869
21.7374
11.3729
7.3297
0.352794
38.2946
3.7134
64.9369
79.2381
4.85389
9.41203
173.652
5.58
4.83807
37.0102
35.2782
10.4864
5.94271
6.03617
133.978
33.3028
1.59272
27.1427
6.03588
3.32231
3.39175
24.0326
16.2411
3.64795
14.3115
15.2812
32.2745
12.0696
1.20489
0.561977
8.31608
42.1282
8.88907
5.48356
155.12
165.414
24.636
1.98179
121.784
35.6777
21.1058
6.20136
0.220121
51.2749
3.58282
1.63032
5.83501
132.774
52.9282
45.1895
5.96244
188.712
43.2347
45.9718
1.10596
7.00557
3.50916
11.3716
8.21355
9.25574
11.218
6.7086
20.0421
55.3023
7.53433
4.32556
14.3104
28.7694
16.0074
41.2565
24.0338
26.9512
9.43001
46.3441
5.31439
1.31538
93.3419
41.2535
28.6454
34.9605
75.011
17.0198
5.2073
4.27041
4.04214
12.8885
11.3927
8.57027
0.942539
0.542241
4.23676
3.91868
2.91534
51.4439
50.2645
14.1359
4.4118
4.02773
7.08607
5.58397
2.50507
3.24079
2.98289
3.13067
2.34395
13.6975
6.55558
51.5128
23.4424
11.3169
0.338047
66.3697
5.39183
5.98114
2.59512
44.9242
130.068
31.0394
21.2025
2.72446
62.6229
3.7038
13.9245
0.340089
0.207439
12.0791
13.1013
36.1986
7.30864
0.97965
0.846144
27.722
5.20631
3.61672
133.992
1.56119
8.76608
10.3581
10.6146
5.30292
47.2076
137.917
32.5718
2.76745
3.79911
43.3088
43.275
6.07193
2.59945
11.4437
3.3748
18.6891
5.74552
0.243704
9.61664
6.24484
0.26676
10.3154
3.59178
9.08394
9.02053
2.98778
4.86553
6.31447
2.91087
17.8916
4.94774
3.09218
6.76362
1.29538
6.85816
7.84799
5.74973
11.9312
29.3453
46.0803
17.1391
59.9977
4.24078
141.131
30.0757
87.0373
0.873708
1.03804
5.60661
33.2944
8.2447
0.403731
102.38
4.69998
6.27987
5.55586
17.4097
18.0117
5.33922
68.4739
29.0948
1.59243
3.04022
3.36812
6.33574
12.8328
0.632753
0.532251
7.28806
9.26187
17.5682
9.93657
0.607038
131.777
83.6958
150.035
151.752
5.26711
5.10252
6.5717
3.00654
31.9787
2.9266
2.83963
24.7572
29.4683
1.82128
18.8963
28.1497
58.8626
75.7351
7.56104
18.1733
1.5104
9.43234
10.2341
1.35311
4.7902
42.6518
9.19531
22.9853
44.0439
55.615
22.82
1.73917
5.32471
53.1017
17.7183
8.8204
26.1411
18.6549
32.748
4.45501
21.3764
31.1592
112.477
6.81923
6.26429
1.5922
0.335941
43.625
8.50628
5.11605
188.292
73.913
352.102
2.72505
26.0444
22.2609
26.1323
8.71412
141.78
45.0781
0.325364
0.223175
7.17969
0.246694
1.84287
40.3622
7.64778
37.6177
43.9873
40.9427
59.4857
5.47856
17.4185
109.433
17.5429
21.3016
557.482
4.78704
6.16027
32.7008
139.77
5.03771
34.2216
58.2377
4.45338
2.08435
41.4982
5.19239
11.3672
26.8149
0.283998
5.2425
2.31989
2.81553
11.0958
67.679
4.54471
5.12742
13.8593
49.8472
21.6391
121.629
0.99138
126.052
9.39073
9.49227
7.31794
1.42845
4.88095
79.6233
8.07542
44.3924
5.96954
75.0249
111.56
4.77308
28.5166
7.51075
4.91776
12.7775
0.160187
16.8581
54.7125
10.5413
7.37104
18.3201
14.8005
23.1104
49.5811
3.59101
59.0248
5.62571
77.8186
8.62211
3.33273
0.271648
8.43363
12.7193
39.8506
5.31927
33.1398
109.342
5.91123
8.12335
98.3403
5.29103
1.86385
47.8135
2.36949
1.4901
7.64522
12.3728
37.4935
3.6548
28.5924
55.8103
0.338172
9.60124
17.4426
43.2983
35.2405
4.40246
35.7268
13.5857
7.09042
13.7243
11.0325
9.74058
7.46924
0.432817
0.517122
10.2616
70.9552
3.88082
9.41748
66.6425
8.36411
32.2353
43.499
5.38951
4.93181
5.37106
106.713
5.4454
1.25295
1.49711
4.67437
24.164
5.17931
5.714
3.79008
85.1927
34.5455
5.32161
47.9726
76.5189
53.8321
20.1257
50.7827
0.38138
26.1931
59.3543
9.29941
0.524554
0.501638
1.53158
2.28893
6.17686
43.4361
1.42206
27.2793
5.49458
3.58717
4.87994
1.3095
7.28451
76.3475
1.58549
18.5209
62.2648
7.78353
4.40463
13.2785
0.414769
0.502234
45.9102
14.2511
5.14973
109.477
14.4687
27.1364
153.108
41.266
4.77956
0.382944
86.5856
0.211966
5.14239
75.2569
30.5339
9.12526
2.82139
4.96946
16.2853
36.866
0.2362
0.602567
6.66395
32.5706
5.30897
5.13435
5.01351
16.3937
38.5707
13.2361
1.78449
49.2808
93.8765
148.544
16.8476
6.92796
4.97663
25.743
22.7233
16.5722
2.43898
11.2263
6.93118
14.7561
0.909406
4.81074
4.96035
13.3771
30.4757
0.149318
5.05447
47.421
35.0927
1.75145
7.29598
4.72022
5.04346
55.7569
29.4384
10.4016
4.23703
0.327321
0.509548
11.6686
6.17148
99.6269
0.354525
23.6284
6.63991
22.6435
0.963728
12.4951
9.5891
71.2846
13.9156
0.324504
0.480244
8.30152
28.2538
1.34358
5.80029
0.137949
8.80457
2.07203
0.435565
2.61764
5.46773
5.91405
26.6759
17.918
6.49103
26.9876
5.64366
5.10926
4.82932
0.375497
1.47201
7.28392
1.7602
15.2117
1.82547
22.2349
6.65892
34.6688
2.96261
1.50282
6.35139
6.60018
35.1883
3.65418
2.76899
10.1966
0.3593
0.476827
4.63437
0.496667
31.5857
195.251
5.00074
3.96964
0.747923
11.3255
0.165275
29.8356
5.05306
94.0046
35.1772
8.57678
117.162
0.351253
5.52953
6.64913
47.7047
6.99098
169.797
4.2464
8.78864
0.530108
6.81729
1.891
3.35449
8.69156
23.349
24.6111
9.04358
1.55081
4.01588
0.274272
10.0815
4.99678
8.15882
14.6343
37.1167
11.8723
14.9188
19.4059
5.96565
11.3927
5.51595
27.0773
1.93247
4.06959
4.3164
38.1983
11.8733
0.538634
6.06472
0.358796
2.75316
11.0049
1.40558
4.17326
3.08834
75.0603
6.83246
18.0702
7.18213
8.82283
35.1039
6.24385
12.0091
12.9104
5.98603
2.60577
3.65256
7.23465
11.8065
6.6421
5.49891
21.9904
0.137617
2.85353
5.49202
0.512451
4.90896
0.543997
0.398536
0.897415
0.134327
14.1494
0.360266
5.46037
4.96355
8.69439
7.02605
0.895503
1.50849
14.1653
8.93998
13.6837
8.17806
15.0041
4.17859
2.65894
70.1662
51.4335
4.07334
137.921
7.34367
1.37705
129.216
111.96
39.1713
0.287813
0.467178
0.380279
0.314189
0.479779
7.6503
12.9404
61.139
0.246214
0.35191
4.92809
6.72322
10.0133
1.70924
0.234534
0.149553
48.7864
10.0354
17.3098
43.6966
2.90555
13.79
29.3676
26.3984
42.0742
0.171901
14.0052
20.7001
9.59684
33.5746
7.6605
0.301996
2.94254
20.0625
9.80666
0.925096
9.85016
0.567663
5.60218
5.15068
5.33936
8.82603
0.218195
3.00642
1.27087
107.489
0.764728
2.43404
0.135256
4.77925
22.8661
1.56881
20.1508
3.64972
0.281034
56.7273
5.39487
4.16834
72.0191
70.2665
46.8962
29.2471
1.51884
5.10159
8.88514
33.1332
8.95865
0.382345
37.3602
1.64372
14.5451
3.53558
0.958353
10.2797
8.53625
4.96033
0.854533
10.1807
35.2605
2.09913
7.19788
1.93287
2.83581
7.26723
159.43
9.13201
4.45752
10.958
0.300518
0.465624
0.348808
14.2331
0.489649
3.31946
6.6128
5.25077
39.315
20.8586
23.7136
20.4026
8.10925
4.82076
100.124
5.60845
22.7294
29.6809
6.10419
155.341
12.7042
0.34376
0.500601
4.2562
4.1026
11.8194
10.5402
1.26791
2.30458
17.31
90.9405
37.8452
16.4321
14.5682
193.459
32.9623
32.9041
7.06547
4.56739
13.9292
124.554
13.99
149.151
25.1165
0.628428
1.95162
1.98796
38.209
4.05917
47.8605
29.7952
23.3514
23.8274
21.9858
17.8723
3.28905
0.708007
13.1959
0.595409
1.73588
11.4578
5.77863
4.88591
1.62875
7.30851
8.20906
4.43545
25.15
50.6171
17.9035
0.161057
2.12388
1.98323
6.85028
6.23876
37.6692
3.92419
6.74341
7.42473
4.82547
150.515
5.0533
6.69365
16.8285
32.2344
6.3114
1.30842
0.497457
23.8917
52.9871
13.3205
10.2106
39.553
5.4654
12.6427
9.62006
5.33912
13.3889
44.3097
4.4369
19.1275
3.98112
0.219755
5.92008
0.205633
26.2673
49.6283
17.3322
7.48763
6.52366
1.17398
31.8833
23.4822
0.236827
30.0012
9.27267
0.187449
1.32961
19.0972
153.428
22.0455
6.09498
3.20275
1.22953
7.82086
0.263042
0.218539
1.26149
9.42073
28.9796
2.03836
29.0072
7.07423
1.60408
5.68247
34.5822
6.7949
0.184082
2.03101
4.1837
87.8367
76.5173
42.4347
4.96441
0.498166
1.37837
15.235
19.3186
10.4258
5.55776
14.1491
144.544
5.78008
26.7829
7.84986
41.1382
8.47821
3.98977
105.24
0.514719
5.27546
4.92435
6.07546
1.98147
0.377586
0.995581
1.87688
1.996
16.9082
4.46315
13.3709
6.8291
17.346
7.36651
12.287
4.49551
13.711
157.008
1.332
18.0655
0.855624
16.1463
55.6589
0.747471
20.197
6.36839
6.86501
5.60446
0.879854
4.87599
40.2811
1.46158
44.4101
181.727
22.2181
56.0776
0.489516
28.8827
64.7286
5.513
50.7745
18.6679
9.68886
23.5651
10.2462
7.54712
36.1858
8.4826
10.6182
0.880424
0.903138
11.087
6.04949
4.33212
7.63126
29.5562
32.1036
1.21374
0.586759
5.06071
22.141
31.9106
5.48343
0.331249
13.0553
6.5152
29.0223
18.4504
3.38014
99.839
48.4838
8.18637
7.86278
37.3657
0.212751
48.1992
28.1879
5.60607
47.3834
47.4755
16.0066
0.947086
0.151645
1.8134
3.15795
1.66954
7.11963
9.9749
32.6455
5.0714
48.1142
104.202
27.0693
43.1127
58.5192
26.6015
10.0765
5.74866
38.2035
3.10102
56.587
107.552
2.72793
21.6964
1.07585
3.91661
49.5856
42.712
14.0712
0.246897
1.5846
103.762
30.5985
9.08858
1.36014
1.11642
1.36076
50.4364
15.7402
43.8309
26.9547
132.284
0.250964
117.579
0.358035
20.8727
0.54457
62.1993
7.62318
59.9851
0.228878
11.6448
123.764
4.25508
1.89687
30.6252
3.70702
38.0217
52.7835
103.153
53.0928
0.847961
1.28884
56.3176
16.5493
144.094
101.094
178.068
5.55598
1.05126
47.9321
140.887
0.656571
0.443715
11.9508
1.14919
4.63266
8.32419
6.88475
16.8697
5.11409
20.5243
29.4962
2.783
160.552
34.8167
129.522
12.329
33.762
10.1598
5.77156
17.5312
10.5174
76.3752
85.0086
39.4752
2.01947
9.80658
49.1159
0.481124
0.173458
180.219
64.5764
3.843
8.66434
1.0519
8.39735
21.1413
62.6381
4.41483
11.4473
1.73124
74.1118
0.523847
20.9592
0.636326
6.24991
0.376228
4.42838
117.767
44.1457
1.26618
108.4
1.16101
5.05983
61.433
3.6596
51.4216
8.98655
15.4743
37.7159
7.53261
9.90173
1.63939
43.9691
14.8446
4.27008
36.3022
81.8183
33.5164
48.0909
10.306
3.75042
11.8715
51.2966
0.28667
13.4634
46.948
7.27735
13.9624
172.612
10.3415
147.919
8.30718
0.470026
0.299732
0.492941
20.5398
2.55977
61.0856
119.706
5.25537
29.2083
5.92814
6.9425
7.70085
4.9255
5.42872
5.59045
17.313
14.7769
0.350507
0.400342
0.525641
138.35
7.49526
5.73744
4.55426
163.843
58.0055
84.6687
41.0265
6.37011
59.4768
2.48946
8.21829
45.3002
85.5028
13.8508
11.0106
1.31412
6.34177
10.0364
112.23
3.12366
5.47753
13.4028
12.9454
0.7097
13.5684
0.341228
3.48994
8.55688
79.7631
20.3896
6.14946
81.4526
23.4682
8.19977
2.24086
31.5136
2.58241
5.30837
32.9099
12.4875
10.2555
33.5314
0.305968
0.502513
47.817
4.84776
6.31575
1.6644
83.9042
31.1904
37.1645
1.04088
40.545
1.30723
46.5964
35.1004
27.8132
31.8619
34.8125
3.98236
0.771551
1.85371
5.12406
35.7391
0.147519
6.38286
0.160154
3.47534
3.12042
17.1829
8.84095
1.15953
7.01306
5.89355
0.600649
4.87402
0.609082
0.542383
171.524
37.8554
16.6588
0.291832
0.531821
16.2339
0.253049
0.603701
18.4015
0.785815
0.389296
12.7735
1.00524
47.9058
7.97595
0.819143
28.9803
4.45852
5.50925
31.0028
9.391
6.01463
9.34307
42.7195
37.0555
1.39105
6.88045
102.625
53.6087
45.6138
14.577
10.2984
0.152797
0.146166
39.2764
89.7455
27.0165
4.34882
32.3281
7.21882
5.45084
28.7585
37.4548
4.12561
6.08845
100.289
0.141242
8.43974
84.1878
35.2239
6.31051
34.6888
16.0855
86.0944
43.7645
20.8762
18.0141
2.03703
2.88564
3.37872
6.06924
18.0323
6.4081
7.73877
18.6912
107.274
18.9441
32.4822
1.81457
3.83774
13.1978
47.0423
53.1362
102.978
4.85542
143.782
13.289
9.2727
39.885
0.430249
1.75155
1.67946
61.4012
40.703
29.4245
46.4138
22.1467
37.1146
2.96039
4.83467
0.277995
6.18388
3.99564
668.786
183.16
4.54454
76.272
31.6627
5.45689
0.312924
24.2282
0.644766
0.341013
0.314527
6.64288
35.2901
50.8926
5.15494
32.8329
1.31135
4.63513
0.507059
4.83697
31.1092
11.7495
398.456
15.1683
11.0457
0.151404
3.32324
87.5637
75.4398
3.75399
4.90952
3.561
12.4429
5.66232
5.02097
11.4184
30.0906
0.602022
19.3927
0.408351
21.7361
29.4637
5.47987
4.9663
12.1888
122.437
33.8367
75.3037
57.4006
0.724298
16.9217
1.44222
6.18462
0.546464
5.24949
5.00197
38.4704
48.3861
1.83131
1.15117
6.11816
92.4519
2.45904
6.11143
12.6217
16.5406
96.4169
98.0065
0.262864
18.5083
0.543597
4.98346
10.0231
6.23998
50.8756
4.50506
24.4077
63.9077
2.8824
53.1734
4.47501
49.7948
44.7365
8.42896
0.91465
0.836569
36.0675
0.324714
1.48009
7.79687
24.7577
20.7751
11.2967
50.4811
7.71871
91.4898
9.64634
16.2807
46.0615
1.4306
46.4281
40.7074
0.314031
0.189668
1.05232
5.12001
16.6199
35.2393
77.4824
7.06781
6.75685
162.597
6.76093
5.49004
91.1147
58.6872
5.98359
13.7805
6.7827
50.8095
1.18749
2.40454
15.1224
0.40755
6.87595
10.292
65.4522
5.62294
7.10256
0.593035
0.714297
44.9559
24.1362
6.41525
4.73681
69.3216
39.0901
13.4813
10.3426
19.8794
0.791039
11.9316
21.8708
11.9461
207.099
0.401614
4.80895
94.1633
71.7328
3.06267
30.5284
28.1025
8.99343
16.4946
49.7151
9.07237
47.5822
76.6005
11.2752
17.628
6.58739
5.24332
87.8747
43.7213
165.455
13.9343
41.4159
1.40413
28.5192
10.2745
20.6913
35.6473
3.14663
7.89874
7.93462
0.184093
0.21592
3.95255
0.56272
9.67448
16.0808
28.1726
33.0914
48.9949
5.81996
48.4796
91.7294
108.065
1.81032
0.855204
20.6182
0.749855
35.755
19.4174
1.91792
4.20697
4.58454
190.144
11.6907
4.01733
3.86655
5.35477
77.5459
0.186697
5.80584
3.27668
0.279214
62.0611
34.8035
5.31226
2.47563
51.9955
72.84
25.4048
0.939724
10.1191
1.1595
0.853495
0.44494
0.319834
1.88137
5.15131
2.92544
0.206213
37.5064
4.40493
0.262355
6.68223
0.796461
69.4564
3.99239
176.951
4.48771
0.418922
5.56567
59.2203
7.92431
98.5539
30.5308
29.6558
11.6164
4.84678
5.78594
16.5333
5.95289
2.43979
5.79419
0.150742
27.4577
10.3657
24.978
9.94941
6.44983
6.47101
74.1207
20.1063
581.415
13.375
1.91146
0.587697
0.897814
5.91585
0.886922
7.62488
25.374
2.01265
17.3417
1.95195
0.976899
5.35903
6.36852
5.53867
27.164
3.59767
10.7766
3.46913
4.90705
1.22025
5.37761
62.6777
5.79005
13.1078
6.01288
81.7116
145.701
58.0047
5.07234
9.41872
0.527163
6.69441
0.17151
16.0963
7.56283
109.858
0.609194
103.2
256.899
1.31554
1.29973
5.99862
31.2552
43.7217
1.01226
2.8075
17.8611
34.6514
0.22126
34.0589
41.1596
6.88639
0.360783
1.05367
95.4711
3.74529
15.9245
34.7781
5.26223
70.9956
18.1399
0.326859
14.8509
1.33165
183.549
4.51112
86.6256
463.489
6.72776
144.936
0.522992
157.357
15.7575
4.21576
8.36667
78.882
0.751721
0.772476
1.02379
0.848488
4.87562
6.62076
3.85431
3.42605
0.803567
3.15465
51.179
41.337
46.5222
44.5523
46.0382
62.2158
37.3312
51.3643
20.0316
19.795
19.4695
20.3756
34.6783
71.6388
18.2562
19.1041
23.4776
16.2187
35.7626
12.0518
16.1824
14.2717
9.26622
57.2491
2.96133
18.1075
48.5646
0.884316
68.7363
64.7579
65.1659
68.5158
20.5547
84.5946
108.992
123.525
35.0044
87.6772
85.2184
14.9801
85.6969
87.7372
98.9921
142.692
73.8187
80.0715
164.76
182.052
122.049
169.216
85.4096
35.038
82.4341
77.6492
46.9093
36.6755
14.1644
35.3921
18.7994
0.963841
1.03028
26.2121
1.05943
1.04596
1.00625
4.4942
93.5741
5.92971
4.66881
0.418834
8.06778
0.385932
4.87765
0.368265
0.815929
3.11759
6.9015
23.67
2.70013
109.309
63.0154
3.06791
7.83988
31.1383
15.5268
0.618724
2.63708
0.750004
19.3548
3.95187
0.471305
4.93917
8.32768
8.75792
19.1035
5.95759
67.4428
0.771479
103.283
11.2108
2.94413
6.24703
0.509088
67.4468
0.51158
40.7763
1.74568
6.7648
1.75942
1.19528
10.8678
19.3889
0.387168
1.61106
45.8931
68.0473
11.7848
46.5044
1.67039
6.12932
5.47102
12.3969
146.661
22.2092
0.610652
0.46891
32.2965
26.3655
2.42614
11.4822
1.64516
4.2349
5.46218
182.984
2.11917
17.7888
5.06276
55.0271
6.74555
6.05207
6.15566
14.5188
10.3953
5.6395
27.4533
8.61451
8.23453
0.48185
0.395352
13.9041
18.6555
2.32627
0.747097
1.83423
28.9583
3.04553
77.8146
2.2407
4.16943
2.68761
34.0797
1.81482
27.3547
2.21483
4.30897
10.415
31.0421
110.912
0.223466
1.33261
69.3687
18.4899
41.6959
11.2945
6.39
5.85011
5.13021
3.0271
18.7422
34.8607
10.3882
3.07384
38.9362
4.75296
4.58405
6.35078
31.7733
1.91314
29.1021
2.03079
8.05072
3.9223
5.79855
4.26289
0.533167
43.2154
18.5092
5.28617
5.99956
144.788
1.33227
1.89212
100.231
124.567
73.1848
31.5472
7.71188
1.78172
13.253
5.64444
1.86794
31.6118
5.42646
2.38633
2.00449
50.8208
4.21453
25.0558
35.5621
16.5918
8.30337
23.1471
9.84089
0.559306
7.30641
125.164
20.8789
60.0609
34.8822
1.53644
1.21259
34.9052
14.4272
46.2393
6.81854
15.2414
77.046
2.00026
6.98128
74.4763
0.744135
6.07416
23.4899
11.3228
39.3899
0.866479
4.24132
1.21064
43.4184
18.2884
11.6681
0.127042
13.2437
6.54925
24.1231
0.635268
0.717562
1.70729
10.9376
14.0895
28.7961
56.0135
34.0079
26.0504
23.9946
31.4721
0.13238
10.2377
4.66933
35.1375
11.9509
56.7548
36.9351
14.6009
40.8292
14.1784
0.531402
11.3905
49.3764
30.1689
46.2141
5.30674
5.70767
43.4577
72.1723
0.917619
129.405
11.8492
25.7769
2.14764
40.013
14.0249
23.0046
36.7365
16.565
51.6649
1.82755
6.3285
28.4768
4.54649
2.87127
123.709
26.8495
0.496007
5.37104
45.4827
6.64914
0.407041
5.88973
11.927
1.01599
88.6686
163.547
58.2169
7.30598
15.2316
10.6317
54.2702
95.7202
13.065
0.507034
4.91708
48.8378
8.62777
5.88372
13.0734
6.63864
5.77308
92.8081
34.0443
72.9766
27.3267
1.26499
8.40069
55.6768
5.5919
36.4069
7.26747
2.12209
15.9805
23.9298
67.8029
18.7473
104.402
53.8972
5.44703
1.86139
52.0275
8.57802
18.5568
9.98889
56.9675
17.7304
38.1214
102.429
2.58238
3.1221
3.66463
0.268747
4.33237
4.95502
5.98323
0.14307
7.36378
40.5467
8.62801
0.257229
8.40689
0.468365
1.31316
59.7892
0.279828
8.10454
741.422
2.02409
80.9693
2.32542
113.112
43.0808
5.88763
0.177124
77.6087
29.9337
16.6914
171.934
3.64636
21.466
0.627278
1.4159
4.72363
5.14752
14.6787
0.562053
14.0713
0.14857
4.78409
6.49662
141.958
35.2198
8.74979
13.8984
6.00584
0.376827
5.38291
32.1302
0.584122
38.0296
2.65934
4.33629
141.403
120.546
8.50908
21.8055
8.59319
0.188125
0.198328
8.05676
1.39101
4.11597
4.47816
18.0773
88.0295
10.7632
42.1568
24.4881
9.72916
20.4522
69.8542
99.1329
42.9267
408.26
46.855
18.6065
72.7826
28.8324
4.57078
7.69465
5.4972
47.9917
19.9987
1.02383
38.3032
11.8293
0.26242
23.6076
0.493965
31.1627
25.1784
106.474
61.5735
5.22958
0.725277
10.0142
0.674114
1.68057
9.92102
7.56413
12.9044
38.3189
0.86413
55.5635
41.5713
19.3667
98.8858
1.44049
82.7585
8.06502
5.57897
4.24818
157.884
40.8954
59.3654
4.17182
66.1069
6.53805
81.7868
2.06756
7.97688
0.127298
9.5244
8.70812
38.2027
28.4558
84.9617
18.2076
0.775036
2.35297
45.5858
30.656
8.31353
7.02603
0.188825
6.64125
30.4074
15.1722
65.4643
1.28301
3.98002
0.374208
134.031
17.7742
15.0194
12.1774
3.63605
5.44016
1.7927
4.5681
4.65045
5.27392
19.7379
154.48
11.8821
45.5345
27.5151
38.1072
1.19974
12.9894
40.6296
3.80104
13.3051
23.6366
3.30678
8.01124
31.3374
39.0722
55.0729
2.47275
6.95553
5.07164
10.8891
10.9222
10.754
3.51963
4.81956
0.78928
7.81386
14.6873
128.262
8.1034
31.8015
137.664
6.71268
7.54945
11.0845
26.3258
11.481
6.18734
4.53535
6.01543
57.1369
36.3354
409.397
5.80767
79.4963
6.05355
0.360612
5.52922
38.0408
59.3639
13.2693
4.50345
0.493893
135.458
4.65876
4.61809
138.154
97.676
174.242
9.68187
64.4748
58.6111
35.5271
11.9148
25.0559
3.33217
6.93387
60.435
50.3303
14.3791
36.1898
33.6206
6.54066
5.94558
0.180656
29.367
33.8875
26.6346
14.3275
5.31216
5.45743
2.92398
71.2513
5.42111
80.8168
72.4101
42.7131
7.08507
10.6174
73.3745
14.1811
14.1378
1.24572
12.5486
13.1754
9.90393
4.03839
0.54994
22.0145
91.9436
3.79365
35.4925
4.82332
10.6023
7.98724
0.380988
0.325325
175.809
7.25195
41.4071
5.71666
6.47629
1.12919
12.3955
26.3781
40.9515
33.634
14.6786
7.23324
53.5007
39.3596
8.11134
0.173267
15.1985
10.0113
6.72277
4.50398
19.4872
0.154442
22.5966
3.331
0.15569
9.39848
5.62593
2.51986
17.9327
72.471
0.505083
3.13426
8.08439
4.69434
65.1801
4.06568
4.643
43.4234
44.2871
34.1316
1.58968
85.6673
8.22875
38.0015
25.3581
12.7357
136.096
95.0595
38.3511
2.91931
0.429718
40.1395
38.5321
18.8339
7.36917
4.1858
5.70566
27.5747
7.85877
102.26
20.1513
12.0803
2.30213
30.0361
84.3946
0.141341
7.67553
11.6327
0.767625
8.47295
83.7414
6.0236
8.77721
105.891
9.80881
1.34276
26.8169
25.3144
1.63181
7.08488
19.4518
0.445628
30.6628
5.22614
81.8914
41.9497
4.16565
0.309463
3.31993
0.397332
57.2981
14.7514
5.17336
74.2288
6.37492
7.11524
41.9644
26.2819
0.279989
19.8214
0.477867
44.9198
0.760162
149.16
35.3083
21.0957
7.58576
0.608631
6.47029
35.8606
79.0934
0.180114
12.126
5.46094
12.7838
0.828618
33.6713
19.7043
9.80541
4.82657
0.169257
12.2587
7.00724
26.9656
12.5305
6.13567
27.8667
62.0834
5.98031
13.5483
35.5947
22.7797
8.46034
59.2097
9.44993
26.3735
69.7705
27.9729
9.98946
12.0862
9.98242
10.9755
18.3208
41.752
20.2299
22.7967
27.9464
45.4282
31.1806
32.135
25.7435
12.7868
13.0661
31.7512
13.8339
14.0149
9.96273
79.2567
66.5343
10.1542
13.2591
16.272
10.8189
13.5601
15.439
5.20773
4.43437
10.9023
7.1305
169.075
25.4594
7.77489
11.9753
7.52728
9.07439
77.6155
0.137853
4.67614
3.70223
15.3053
28.9983
0.128372
5.99142
0.162062
4.34832
1.21888
30.0973
39.6343
77.2024
66.8923
3.49568
1.33857
23.6149
4.40268
39.1674
0.156533
108.436
67.6434
39.8829
12.3749
5.95287
33.1941
1.55027
32.9062
28.7747
0.21793
6.95451
26.6937
36.4815
0.912706
9.40856
18.1595
3.98547
22.8929
0.195672
67.2806
47.2579
0.184746
3.84667
0.485463
6.5731
63.755
2.11217
104.858
1.08993
13.3796
43.2168
1.85925
14.4648
0.341704
1.47567
4.11615
39.0008
36.4555
8.18525
2.53352
102.286
48.8324
44.194
3.28142
0.319204
0.208515
17.9412
0.916874
4.42864
7.32149
2.36546
1.99502
8.15351
52.3379
0.546828
2.19808
41.8161
10.6492
2.47767
2.34023
42.6608
2.52879
5.3084
31.4496
7.1936
570.39
119.933
93.7099
3.04515
49.422
70.8587
25.5054
7.11226
65.2442
32.8922
1.94237
0.140706
5.54305
0.395537
21.1146
0.668274
80.4799
5.11458
6.55005
0.361842
6.64786
8.51422
7.84562
4.86813
22.5616
4.46329
9.65913
32.0501
3.50431
8.38518
3.92582
6.90706
1.29864
17.2403
13.9666
46.9526
89.9032
5.35459
1.57702
6.69263
7.83627
4.83635
23.0266
2.03849
61.112
4.23934
69.3491
73.2119
7.37423
2.49959
73.7705
41.6702
6.18327
9.90529
0.276616
23.7444
0.51232
6.65805
61.8878
77.2743
6.03329
16.2169
4.361
54.641
12.0695
15.683
36.4437
23.0344
5.81069
27.2024
23.7488
6.35315
46.777
42.3671
0.201194
44.4362
8.90713
35.8073
127.959
115.817
93.2985
140.999
16.4782
44.5805
1.42258
23.1251
6.57216
4.25795
10.7641
20.3791
40.079
0.717242
16.3836
0.759288
7.57768
51.7565
40.6108
4.99379
20.5284
19.6742
32.6658
21.8484
109.752
39.6662
173.402
0.306088
22.9545
0.56778
1.49713
34.6837
12.1215
41.5119
1.91817
37.8315
9.41873
1.14302
6.52894
100.565
1.62004
2.18833
39.0471
31.0315
14.3825
70.9772
4.77374
3.37533
48.9257
57.5431
3.81287
0.317779
0.236364
62.5953
3.02676
2.57101
4.66591
104.613
78.6076
4.2384
9.5
0.827348
2.1153
5.00954
8.49718
43.7596
142.297
2.05449
0.553161
0.856081
22.43
3.39764
4.63158
2.55197
6.38301
26.802
62.6387
4.62425
6.7061
38.8594
2.93775
28.4309
5.06286
1.16738
13.2526
0.746555
32.1975
0.131546
2.23493
90.3643
51.3335
30.6341
7.25627
1.29595
24.0938
0.402558
14.4209
8.64648
10.5597
7.24931
12.9689
65.117
5.78535
6.70331
8.10787
10.9401
20.1987
48.9163
78.282
44.2615
4.51258
79.7666
44.8575
13.4287
67.2987
42.3732
173.865
37.1943
0.320957
1.37888
7.26928
0.127628
6.16351
0.220027
205.533
1.66858
46.501
11.8111
11.6697
4.79714
7.99285
0.150645
79.3466
3.90931
46.48
27.055
30.4638
30.4541
12.6638
10.5191
34.4439
28.3645
30.95
21.0298
153.974
26.9697
66.8063
181.785
156.342
1.00207
1.13956
15.5897
0.365412
181.755
7.98709
5.58296
58.6527
182.548
13.2127
34.2119
14.2274
47.9121
8.77525
0.164846
66.4604
34.7634
5.06688
5.29648
49.589
22.6185
98.4953
13.681
8.25817
52.8547
56.6405
0.159083
52.9263
4.76026
0.523487
0.370689
0.155676
12.3477
91.2983
3.11071
9.89363
29.9244
20.2259
84.3174
120.262
7.29478
1.59322
145.161
5.75018
22.4919
211.542
39.9276
39.4097
25.4317
52.359
6.42043
16.9645
5.19252
5.92016
0.695082
2.76024
5.84783
2.78565
35.2657
38.769
18.5498
19.5105
82.9882
3.08138
4.71135
6.45643
25.6034
27.2904
26.6902
4.32756
9.53011
57.5882
7.18335
14.0421
10.1778
5.22027
5.02943
12.3139
3.79195
40.6497
37.5729
7.53526
2.58889
19.7862
0.133057
12.6213
4.00307
17.7417
30.1109
130.817
42.0894
166.029
6.81646
36.9239
75.577
0.15249
60.3776
25.0507
7.52659
31.6019
0.720108
0.973007
101.544
12.1455
8.3584
4.99577
42.1089
95.4243
1.39529
23.6126
35.6989
8.90395
10.7521
6.49837
21.7947
56.5422
1.14558
12.8574
11.1472
0.463303
1.95105
4.22611
33.1846
6.29509
10.8063
0.243252
1.53067
5.01963
1.34099
41.6854
2.97837
12.2641
16.1595
15.1384
52.8442
107.034
2.4781
119.846
8.33942
0.560909
59.8703
1.36223
66.0773
16.143
57.6842
1.14376
7.51921
101.697
3.63402
1.35528
13.1541
38.6417
3.77701
50.5764
37.4432
0.811164
5.66844
9.33136
0.928526
12.5852
20.2778
5.55738
3.50636
4.63785
3.5301
53.3819
6.56459
3.06731
148.467
5.00698
10.4125
81.4171
5.19903
193.292
6.71392
30.9175
12.8856
7.20506
1.39578
4.55679
190.215
0.646642
0.480646
13.7917
100.184
5.82696
4.30303
16.0468
7.34158
59.6115
48.9832
9.10471
18.9412
3.60794
0.402151
74.7023
0.139817
159.231
14.1638
183.042
8.8653
8.58904
33.1889
18.3027
12.3865
9.83687
70.2256
25.4676
41.7685
76.686
34.0641
16.2972
3.3851
5.61816
0.284884
33.3357
22.0595
2.67103
78.9613
143.36
24.3188
5.62104
11.8083
2.56711
11.7725
10.9739
11.9322
36.2245
10.5445
0.149311
3.66873
4.21788
7.60953
4.79162
11.864
21.2734
4.84826
186.398
0.338085
4.29228
52.7423
102.163
0.131336
6.2011
0.514247
0.519515
5.43136
1.32667
11.3666
7.63724
9.39876
114.073
26.5035
2.91191
16.0225
4.01093
5.65744
22.1111
7.63604
62.9379
4.11483
16.1136
7.85837
91.4658
6.86349
9.80746
92.5635
9.80382
2.27608
34.4639
40.2477
118.256
0.458471
35.3521
25.9108
41.7615
3.54435
36.3376
16.9335
192.054
6.36467
10.2702
1.49334
48.7425
9.45101
22.1348
2.32831
6.00271
0.238379
102.629
6.9284
6.64249
16.0935
15.0057
39.8457
4.7454
92.4217
5.64605
16.8044
450.519
0.181374
38.3249
112.959
10.0512
11.8432
6.82115
7.42172
20.767
7.48301
39.3417
82.6207
41.4577
4.28502
0.142153
176.684
5.46531
0.402268
39.5806
1.68382
4.51688
5.73579
167.826
0.462301
5.97814
4.80397
34.2093
109.767
1.12659
84.5595
90.2839
140.014
37.5138
59.8549
14.2022
11.6298
5.47631
5.50908
25.0745
179.549
0.991308
5.55384
0.840003
0.463594
19.6033
15.9678
7.0905
6.70227
11.7927
13.0987
3.3906
2.27525
1.19307
3.50385
12.0448
15.2351
0.419227
0.775748
6.1898
4.41305
11.2365
14.4292
7.39567
17.6032
6.01298
0.661291
7.06794
33.4035
5.0083
14.6622
7.01971
32.3321
6.5188
10.7596
5.75526
104.517
3.17249
12.5328
196.062
5.33871
5.10778
25.9754
3.47417
9.82992
0.192215
11.861
20.055
6.33655
4.07248
7.80161
1.75448
10.9022
54.2416
4.37671
2.99349
6.45356
11.7594
4.11207
3.68366
2.84728
0.279294
6.03004
1.36204
5.80075
0.184829
68.7163
4.78461
20.1229
55.7973
0.341655
4.04833
4.62219
16.3648
3.32124
69.8654
0.313141
5.04387
5.85152
0.282496
6.12116
240.574
5.4464
50.8934
6.98217
5.08574
7.22016
1.1872
6.45604
1.4276
31.1399
0.127508
4.00733
7.73378
1.38412
38.7423
21.9848
0.537755
3.54213
0.154435
14.0162
6.50379
0.176847
2.95564
92.7893
14.8816
43.1034
6.28301
4.84603
5.26241
16.2778
52.0976
16.6111
0.931511
3.67901
57.7192
3.50503
31.943
6.51086
23.9572
3.3689
102.187
4.12777
52.9857
34.6356
9.34566
23.0494
13.3319
6.85184
2.17699
10.8036
6.03643
4.9575
0.940925
6.11296
2.20631
0.187002
4.45832
4.73439
21.3675
31.6626
6.7671
1.06397
130.885
123.554
45.7164
5.56662
0.412015
15.6606
2.87827
6.56831
0.304079
0.177051
49.3508
89.9277
5.34506
84.2175
26.3513
39.8972
0.804691
27.7354
0.454734
64.1638
41.0375
15.0556
30.6571
59.5118
47.8997
1.55656
74.4422
64.6756
5.90126
29.8999
49.8955
52.6929
17.7097
0.896012
31.6668
13.3786
47.2506
85.3111
180.111
1.9063
7.26025
17.0203
2.18731
4.89135
4.77585
1.38346
129.639
21.2783
15.1006
12.7058
58.0436
20.3437
114.94
0.825173
27.707
1.0853
5.43487
5.08488
4.94924
88.7035
6.53015
47.1828
13.7873
91.7235
0.792693
71.0919
54.6099
0.130525
1.34091
5.49396
0.218183
168.149
8.96304
31.1021
21.151
0.799519
26.2716
0.486422
6.13652
36.931
11.9703
1.989
8.21951
32.8317
0.816986
26.8698
0.509432
18.8228
36.6448
0.74663
35.8912
6.78987
6.16723
368.083
31.5226
7.08911
36.5134
1.2787
4.04445
8.38116
8.47274
6.16743
0.163136
0.293526
3.02205
4.92826
113.677
0.582329
2.6393
17.1871
18.2191
1.27977
41.361
79.1011
38.637
4.0393
1.2374
50.7003
139.208
3.57335
0.576499
89.9955
0.157352
29.9888
2.44011
14.7024
12.2438
2.16495
17.3995
4.81918
88.6078
0.4168
26.6182
281.478
4.11149
6.74365
11.3829
1.13315
3.54331
7.48441
0.242911
6.65724
9.43736
190.736
7.4836
0.228117
2.43301
0.612078
9.35121
1.44669
101.865
7.15196
11.3601
18.718
0.466321
0.224353
2.57344
2.18235
6.90069
110.924
44.9395
136.295
147.894
7.255
11.4831
5.35384
4.92949
41.8258
0.857922
13.1328
0.491407
56.1904
0.431289
1.21929
24.5964
29.6791
20.1609
62.139
2.9256
2.19011
0.947175
37.0718
14.3122
4.55377
92.5361
6.52237
19.7188
3.73084
14.2756
56.2463
46.3018
1.46071
15.843
161.758
35.5941
6.7542
122.759
0.16077
9.09963
3.8578
86.7066
65.3501
2.66447
62.8694
45.6162
1.17372
4.12401
80.9196
26.3939
263.573
0.131484
58.7553
46.4325
10.8547
8.96427
22.2376
35.1189
60.8355
1.69592
1.15472
0.89537
4.57095
9.35475
6.25491
61.5918
22.2426
3.67562
0.659518
4.57253
14.1287
71.5169
4.65187
2.88924
32.6259
8.33023
3.38783
0.156575
71.9502
56.4685
0.188451
60.2135
0.856756
0.832783
10.7373
26.2104
3.58114
0.145628
39.1124
5.95425
8.60541
52.3256
101.99
6.9691
6.83696
12.253
4.90204
89.8797
10.1224
166.766
5.06363
7.63246
67.7512
0.585787
11.1894
1.86435
4.88194
3.34815
145.501
6.13927
12.3842
4.75695
37.0614
4.616
14.3902
8.25697
0.184526
43.9587
39.6413
74.139
101.616
12.0941
79.1874
5.58266
40.7256
1.63597
46.6321
1.49931
103.423
1.16918
8.60221
20.5126
9.45789
16.155
0.526261
2.69514
1.09211
13.4196
28.4984
228.875
11.2331
1.20882
55.2294
16.4504
0.169986
4.01473
2.28256
201.402
7.31845
1.34449
0.156567
3.42336
49.3063
72.6126
69.2498
1.64698
11.9397
9.81055
6.72285
1.29222
39.4452
13.2565
74.0005
0.874471
0.839476
13.8213
169.457
4.20844
0.955162
1.40515
16.4955
58.4122
5.29943
7.40951
46.0622
53.7625
61.7302
4.44538
9.59241
5.34952
2.5164
16.3555
0.588372
11.8849
0.44923
3.79708
23.7171
1.03989
0.403995
113.372
30.3103
24.2256
42.0037
1.8221
5.97089
11.7425
15.5507
1.37407
98.1953
21.0978
43.3277
61.8742
68.3187
13.0314
57.5117
65.8887
92.8867
12.607
9.54669
76.7801
24.8909
66.532
21.9428
31.8606
6.56066
10.7953
8.25011
14.262
4.7435
4.76793
5.94797
9.51181
18.8878
13.1247
1.64767
22.1105
57.6655
134.189
33.2142
49.752
42.0092
9.7067
86.5745
21.28
46.2884
66.8815
50.5312
8.55656
11.6382
13.3032
10.0969
0.4728
4.28231
3.38479
58.2181
3.35613
16.4629
7.84005
21.3872
6.59144
1.77249
3.99405
4.11318
181.02
22.8463
0.5502
31.3077
21.1874
1.07641
3.17209
59.411
95.1626
93.2983
59.7153
19.2648
11.973
1.57648
1.73772
37.2548
35.9628
75.9084
35.3799
41.3808
122.916
33.96
31.3273
26.9884
10.2973
41.3804
4.8366
10.7878
1.52888
1.71538
3.33516
18.9614
1.45118
5.91056
69.1817
0.15116
4.04578
0.216048
21.8675
76.1895
46.222
12.5785
6.10632
1.85132
6.88744
4.46103
5.27064
7.39493
18.407
11.8077
12.3948
20.9727
111.701
5.95365
18.6816
12.6371
4.57073
17.5305
5.97126
1.11791
0.714741
3.07102
5.7052
22.1676
6.3177
12.0128
164.317
9.45659
0.661024
1.20298
81.7281
23.7088
4.99806
101.278
54.1916
60.1166
145.211
8.01145
19.5035
10.3623
24.8042
47.91
129.654
113.768
181.892
47.0565
59.0178
25.7514
40.5056
10.0009
43.4451
1.36485
1.25517
3.23888
39.1426
96.3382
35.3089
13.91
3.60634
13.1202
20.1542
4.4162
4.33518
4.59152
3.77164
10.3218
20.4386
106.218
29.974
5.97867
2.59576
9.09581
16.7945
51.0585
5.20622
1.13732
18.932
45.0424
0.979309
6.88539
9.25984
36.2066
118.305
22.8935
9.2153
36.3106
118.72
61.7915
16.1482
39.2818
75.9365
10.8646
7.88474
7.08116
43.5641
16.9418
7.94752
56.0353
0.672489
7.01351
2.64924
2.55814
1.97258
54.5043
0.633583
0.626672
112.655
5.38232
69.746
36.0632
26.5488
)
;

boundaryField
{
    frontAndBack
    {
        type            empty;
    }
    wallOuter
    {
        type            epsilonWallFunction;
        lowReCorrection 0;
        value           nonuniform List<scalar> 
396
(
0.110609
0.110609
11.9223
36.051
12.3401
57.2933
9.01316
94.2338
46.9843
13.9917
0.270205
0.15656
2.19119
0.496602
2.44059
0.934866
0.246214
25.15
50.6171
23.8917
52.9871
0.219755
0.205633
26.2673
49.6283
0.236827
30.0012
0.187449
0.263042
0.218539
1.26149
9.42073
28.9796
29.0072
5.68247
2.03101
19.3186
5.55776
5.78008
26.7829
7.84986
8.47821
6.07546
1.98147
13.3709
6.8291
0.747471
20.197
6.86501
5.60446
40.2811
22.2181
56.0776
28.8827
23.5651
10.2462
7.54712
29.5562
32.1036
1.21374
0.212751
7.11963
42.712
0.246897
1.5846
30.5985
38.0217
2.783
33.762
9.80658
49.1159
1.0519
8.39735
21.1413
62.6381
81.8183
33.5164
11.8715
6.31575
31.1904
37.1645
1.04088
40.545
1.30723
46.5964
35.1004
27.8132
31.8619
35.7391
5.89355
6.31051
34.6888
18.0323
0.277995
0.507059
6.11143
6.23998
24.4077
63.9077
11.2967
50.4811
16.0808
62.0611
34.8035
51.9955
1.91146
0.897814
34.6514
34.7781
0.751721
0.772476
1.02379
0.848488
4.87562
6.62076
3.85431
3.42605
0.803567
3.15465
51.179
41.337
46.5222
44.5523
46.0382
62.2158
37.3312
51.3643
20.0316
19.795
19.4695
20.3756
34.6783
71.6388
18.2562
19.1041
23.4776
16.2187
35.7626
12.0518
16.1824
14.2717
9.26622
57.2491
2.96133
18.1075
48.5646
0.884316
68.7363
64.7579
65.1659
68.5158
20.5547
84.5946
108.992
123.525
35.0044
87.6772
85.2184
14.9801
85.6969
87.7372
98.9921
142.692
73.8187
80.0715
164.76
182.052
122.049
169.216
85.4096
35.038
82.4341
77.6492
46.9093
36.6755
14.1644
35.3921
0.963841
1.03028
1.04596
1.00625
0.368265
3.11759
23.67
2.70013
40.7763
1.74568
1.19528
10.8678
19.3889
1.67039
32.2965
26.3655
2.42614
34.0797
1.81482
27.3547
2.21483
1.33261
69.3687
18.4899
31.7733
1.91314
29.1021
2.03079
73.1848
31.5472
9.84089
34.8822
1.53644
1.21259
34.9052
14.4272
35.1375
11.9509
56.7548
43.4577
72.9766
27.3267
55.6768
5.5919
36.4069
7.26747
53.8972
0.268747
0.257229
0.177124
6.49662
0.376827
72.7826
28.8324
0.725277
9.5244
84.9617
30.656
1.7927
4.65045
45.5345
40.6296
3.51963
38.0408
59.3639
13.2693
58.6111
35.5271
11.9148
25.0559
1.24572
12.5486
13.1754
1.12919
12.3955
26.3781
40.9515
7.23324
53.5007
39.3596
8.11134
10.0113
17.9327
72.471
0.505083
3.13426
8.08439
43.4234
34.1316
1.58968
40.1395
1.34276
26.8169
30.6628
81.8914
41.9497
0.309463
74.2288
44.9198
0.760162
0.760162
7.58576
0.608631
12.7838
26.9656
12.5305
27.8667
13.5483
59.2097
26.3735
69.7705
27.9729
9.98946
12.0862
9.98242
10.9755
18.3208
41.752
20.2299
22.7967
27.9464
45.4282
31.1806
32.135
25.7435
12.7868
13.0661
31.7512
13.8339
14.0149
9.96273
79.2567
66.5343
10.1542
13.2591
16.272
10.8189
13.5601
15.439
1.33857
23.6149
108.436
67.6434
39.8829
12.3749
33.1941
1.55027
6.5731
0.341704
8.18525
2.47767
42.6608
3.04515
9.65913
13.9666
46.9526
89.9032
44.4362
1.42258
23.1251
109.752
1.49713
34.6837
100.565
48.9257
57.5431
104.613
2.05449
28.4309
30.6341
1.29595
24.0938
65.117
79.7666
44.8575
13.4287
35.2657
95.4243
1.39529
23.6126
41.6854
66.0773
30.9175
6.2011
6.36467
10.2702
1.49334
15.0057
0.192215
11.7594
0.279294
0.313141
1.4276
31.1399
16.6111
0.304079
64.1638
41.0375
15.0556
64.6756
1.38346
129.639
21.2783
0.792693
35.8912
6.16743
26.6182
11.3829
0.242911
0.466321
2.18235
5.35384
20.1609
62.139
62.8694
8.96427
3.34815
12.3842
103.423
)
;
    }
    inlet
    {
        type            fixedValue;
        value           uniform 14.855;
    }
    outlet
    {
        type            zeroGradient;
    }
    wallInner
    {
        type            epsilonWallFunction;
        lowReCorrection 0;
        value           nonuniform List<scalar> 
528
(
18.1995
0.965854
1.08512
0.253587
5.4257
3.47253
7.611
78.4495
1.37355
8.0867
18.5716
1.35851
41.9048
70.5784
92.9702
40.9557
4.79248
0.822086
16.7708
3.44991
32.7539
14.9899
39.7
1.91756
9.2143
4.93134
42.726
1.53573
136.735
1.63149
14.0517
2.0034
16.0902
7.76397
103.329
3.46869
7.63927
9.85883
2.11268
48.2689
8.27578
11.0609
3.17769
8.42293
2.47687
51.8124
0.799193
5.5971
6.94445
19.1395
96.6873
20.1541
9.04974
6.20983
57.9304
0.953877
1.81893
16.1878
9.9144
1.71708
5.92872
36.4511
119.43
8.85418
1.87664
10.5567
5.68458
12.1234
12.9923
1.1401
7.77287
4.43309
3.00855
48.7337
138.789
9.67877
4.70179
1.61642
23.8356
20.7071
107.739
2.04004
23.6557
113.528
12.6844
10.9897
2.60834
73.6109
5.74543
107.415
22.5246
47.9086
79.7999
58.251
9.04461
31.7439
38.8743
7.21708
12.3752
44.6428
1.60864
1.36535
13.9834
32.5492
75.3934
6.74582
19.0471
59.8686
26.5864
34.3607
1.80283
1.07283
6.67341
8.9536
1.86258
13.8665
86.0898
0.346862
6.04738
2.63089
3.39789
50.0179
81.6185
95.158
11.967
36.3072
0.888254
49.3063
55.0738
5.67894
3.3016
0.400699
1.71739
3.42919
11.4793
9.34302
8.86357
2.06722
5.67916
1.64688
79.8914
26.267
55.8901
3.12261
51.8044
49.6442
13.0959
11.3043
10.8814
7.20838
2.21518
74.2992
5.66995
0.917383
45.809
221.818
122.834
61.1021
85.6955
0.424416
91.6017
34.254
30.0408
18.331
0.304199
0.617255
36.7809
4.74852
0.266646
5.2091
31.2037
34.4289
0.475417
38.7157
0.501504
0.622611
5.93394
89.11
29.1919
41.0399
48.9085
32.1797
61.6586
30.0801
4.22099
17.2493
22.8614
140.245
59.0922
0.564476
35.3642
0.56993
32.779
65.5758
7.74479
0.265447
34.6311
19.5783
109.135
71.0499
43.5212
45.471
10.773
1.53616
0.723171
10.4233
12.9654
0.359179
0.683827
0.393849
0.200546
6.56797
10.5604
0.462887
14.7352
0.210556
0.59609
4.65516
17.3464
0.564095
1.3118
0.187302
4.1963
11.0505
0.893275
13.565
5.53611
0.557716
1.5296
0.179071
0.656504
16.8552
6.52546
8.27457
0.329679
1.42351
15.5022
4.36018
0.856553
0.348502
0.574667
0.368727
0.320811
10.3005
0.623586
0.146458
4.66734
0.340208
4.16059
14.0156
4.57941
6.01823
0.949234
5.06198
0.641579
0.234138
13.7429
7.9282
0.433314
12.9566
0.187146
0.592389
2.76676
0.169128
13.8132
4.17624
0.200592
14.5026
5.75193
15.8284
5.02948
1.4813
0.990425
0.38371
0.345561
14.6762
0.641992
0.209667
19.5405
11.9219
1.8797
0.136747
8.6429
1.46387
22.005
60.81
107.688
57.0706
109.579
0.239159
4.99448
106.455
20.0309
0.267785
103.265
9.9193
88.6303
160.191
15.0036
4.30301
4.92009
9.64233
19.116
16.9876
32.5259
37.132
2.05236
13.2771
0.585878
3.42696
0.995691
0.765125
37.6767
34.6605
34.9371
72.2156
60.9374
96.7889
11.3729
64.9369
5.58
24.0326
16.2411
3.64795
14.3115
15.2812
5.48356
6.20136
45.1895
3.50916
93.3419
3.24079
2.98289
3.13067
2.34395
62.6229
0.340089
8.76608
137.917
46.0803
8.2447
0.403731
9.26187
150.035
3.00654
31.9787
58.8626
32.748
8.50628
141.78
11.3672
12.7775
49.5811
7.64522
5.4454
1.25295
1.49711
59.3543
1.3095
13.2361
22.6435
1.47201
7.28392
195.251
37.1167
18.0702
14.1494
7.02605
0.895503
1.50849
0.301996
2.94254
1.27087
8.53625
0.348808
14.2331
0.489649
100.124
9.27267
1.32961
1.22953
7.82086
13.711
1.46158
9.68886
8.18637
7.86278
3.10102
4.25508
1.89687
144.094
5.11409
48.0909
0.28667
0.350507
0.400342
4.55426
0.341228
16.2339
0.253049
31.0028
9.391
10.2984
0.152797
0.341013
0.314527
0.324714
0.44494
0.206213
10.7766
109.858
256.899
1.31554
43.7217
0.360783
0.418834
8.06778
0.385932
0.471305
4.93917
34.8607
2.00449
50.8208
4.21453
25.7769
2.14764
40.013
14.0249
28.4768
2.12209
12.1774
3.63605
135.458
5.45743
2.92398
71.2513
3.31993
0.397332
0.319204
0.208515
2.36546
1.99502
2.03849
61.112
4.23934
0.317779
0.236364
3.02676
58.6527
3.08138
4.71135
122.759
58.7553
46.4325
10.8547
5.58266
12.3948
164.317
9.45659
1.20298
54.1916
60.1166
145.211
8.01145
19.5035
10.3623
47.91
129.654
181.892
47.0565
25.7514
40.5056
10.0009
43.4451
1.36485
3.23888
96.3382
35.3089
13.91
3.60634
13.1202
4.4162
4.59152
3.77164
10.3218
20.4386
106.218
29.974
5.97867
2.59576
16.7945
51.0585
5.20622
1.13732
18.932
45.0424
0.979309
6.88539
9.25984
36.2066
118.305
22.8935
9.2153
36.3106
118.72
61.7915
16.1482
39.2818
75.9365
10.8646
7.88474
7.08116
43.5641
16.9418
7.94752
56.0353
0.672489
7.01351
2.64924
2.55814
1.97258
54.5043
0.633583
0.626672
112.655
5.38232
69.746
36.0632
)
;
    }
}


// ************************************************************************* //
