/*--------------------------------*- C++ -*----------------------------------*\
| =========                 |                                                 |
| \\      /  F ield         | OpenFOAM: The Open Source CFD Toolbox           |
|  \\    /   O peration     | Version:  v1912                                 |
|   \\  /    A nd           | Website:  www.openfoam.com                      |
|    \\/     M anipulation  |                                                 |
\*---------------------------------------------------------------------------*/
FoamFile
{
    version     2.0;
    format      ascii;
    class       volVectorField;
    location    "0.3";
    object      U;
}
// * * * * * * * * * * * * * * * * * * * * * * * * * * * * * * * * * * * * * //

dimensions      [0 1 -1 0 0 0 0];


internalField   nonuniform List<vector> 
1466
(
(0.101182 2.26047 0)
(-0.0220445 3.07517 -8.7594e-17)
(0.671096 -0.089771 -1.46966e-16)
(0.0405642 1.97364 1.24173e-16)
(-0.717819 -0.193741 -6.54287e-16)
(-4.15906 -0.249426 -2.53239e-16)
(-0.216499 -0.141777 3.00472e-16)
(-1.05444 -0.91518 3.94596e-16)
(-1.54355 -0.533866 1.35698e-16)
(-0.695694 0.206636 7.19922e-16)
(0.43129 -0.323218 -1.61722e-16)
(2.06148 2.42223 1.07219e-16)
(-0.0964881 -0.0728184 1.00565e-17)
(0.69029 1.74367 -1.00513e-16)
(1.79888 0.301804 -2.17956e-18)
(0.0505176 0.986171 -7.40114e-21)
(0.677525 -0.0232884 6.66931e-17)
(-0.00420136 1.90053 -1.22712e-16)
(0.0394405 -0.530678 -1.66244e-16)
(0.0837079 1.7507 0)
(0.126641 -0.479027 1.45893e-16)
(0.862015 0.405775 -3.27967e-16)
(2.41842 0.0833751 0)
(0.107718 3.03387 5.38473e-17)
(0.836116 1.69204 -1.51399e-16)
(0.143754 -0.178611 1.95843e-16)
(0.15879 -0.0392976 2.19338e-16)
(1.48611 0.538427 2.46838e-16)
(0.0489827 -0.0807684 0)
(-1.76149 -0.375755 3.74731e-16)
(-0.691275 -0.712407 0)
(-4.87061 -0.576985 4.13656e-16)
(0.417742 0.504436 -3.03216e-16)
(-1.99805 -0.460779 -8.75095e-17)
(0.304554 1.7973 0)
(1.31713 0.293374 2.40231e-17)
(-0.674869 0.242327 -1.5333e-19)
(1.17558 -0.169888 0)
(-4.12458 -1.06804 -3.17656e-16)
(1.20476 0.291759 2.81255e-16)
(2.41329 2.12849 -1.21366e-16)
(0.594375 0.272326 -1.83789e-16)
(-1.4931 -0.620273 -3.72275e-16)
(-1.13646 -0.770191 2.12583e-18)
(2.72163 1.03435 0)
(-1.91853 -0.77259 3.85905e-19)
(1.15394 -0.320747 -1.58775e-16)
(-0.00753715 1.60891 8.86827e-17)
(0.498741 0.20862 -2.63767e-16)
(0.28337 -0.446261 -8.19171e-17)
(-0.158633 -0.364974 0)
(-0.890321 0.0643764 -2.88739e-16)
(-0.548545 -0.244855 4.22762e-16)
(-2.92418 0.032369 2.92734e-16)
(1.38536 0.222078 3.65629e-16)
(0.407478 1.10255 -1.14137e-16)
(1.5057 -0.270509 0)
(0.554946 -0.477633 2.98072e-16)
(0.654088 0.0878789 1.41969e-17)
(0.248235 0.730716 0)
(0.0208972 1.08364 -2.24121e-18)
(-2.39965 -0.305467 9.0128e-17)
(-0.630071 -0.277911 1.3758e-16)
(-5.632 -0.57783 -2.24115e-16)
(-0.186372 2.33136 1.50617e-16)
(0.200517 1.72589 -3.01822e-17)
(0.641283 1.50442 -3.26531e-17)
(-0.0353066 -0.458606 -1.87893e-16)
(-0.0335843 1.97741 -1.11838e-17)
(0.732882 0.461335 0)
(0.246833 -0.206478 0)
(0.0112826 2.09139 -5.13029e-17)
(0.896962 -0.0595296 -4.99487e-16)
(0.137547 2.00961 -1.74492e-16)
(0.373756 0.0849075 3.898e-17)
(1.03586 0.245869 -1.74303e-16)
(0.0898481 1.95279 4.31105e-17)
(-0.0327932 1.98591 1.54127e-16)
(-0.252768 0.0808207 0)
(0.128409 0.854928 0)
(0.572669 -0.332601 -3.28232e-17)
(0.227197 1.79852 1.76057e-16)
(1.77447 -0.140688 0)
(0.446472 0.145291 1.66086e-18)
(0.840329 -0.0398013 1.84016e-16)
(0.499485 -0.313918 -9.22981e-17)
(0.801474 -0.0454644 -2.44412e-16)
(-0.403426 1.40172 1.26467e-16)
(0.335822 1.85222 -3.29091e-17)
(0.291486 2.2442 5.23802e-18)
(0.145075 2.06172 8.94972e-17)
(0.0793571 -0.132762 0)
(-0.109036 0.568883 -6.32323e-17)
(0.0114786 1.96775 1.65708e-16)
(-0.399821 -0.272159 0)
(0.110348 -0.281483 -2.03642e-16)
(0.0900682 1.96254 5.28995e-16)
(0.789458 0.145686 0)
(0.142641 2.10742 1.26142e-16)
(0.183 1.96017 -1.41428e-16)
(-0.117876 0.0277012 0)
(1.58043 0.840151 -7.53039e-17)
(0.791795 0.0394118 3.75537e-16)
(-0.0790011 1.05931 -1.4541e-16)
(1.60123 -0.485285 0)
(-2.31616 -0.839136 -1.98425e-16)
(-0.184297 -0.359487 1.7055e-16)
(1.72474 -0.323066 -6.07662e-18)
(0.180054 2.72697 4.06267e-17)
(1.17938 1.30494 5.29097e-18)
(0.591955 0.0475332 1.94297e-17)
(0.171178 -0.220935 5.07443e-16)
(-1.04683 0.404456 -2.98769e-16)
(1.10781 -0.156626 -4.96365e-20)
(-0.0938086 -0.192651 -2.00176e-17)
(0.00783417 -1.62053 0)
(0.312991 1.75412 -7.01218e-17)
(0.453574 1.83802 4.85356e-16)
(0.240627 2.2509 2.61359e-17)
(0.583305 -0.294596 -4.46864e-16)
(-0.307406 -0.293156 1.81533e-16)
(0.144252 2.18605 0)
(0.16866 0.709421 -7.23399e-17)
(-0.448933 1.27182 -6.64654e-17)
(0.330807 1.63853 2.62707e-16)
(-0.192528 -0.486 -1.17571e-16)
(0.033211 0.0853395 2.81284e-17)
(-0.0305099 1.0902 0)
(-0.129842 0.188816 6.37278e-17)
(1.07087 1.43569 -2.53902e-16)
(0.409868 0.00627944 1.22626e-16)
(0.0142616 1.93374 -1.8376e-20)
(0.432556 1.34816 2.01733e-17)
(0.936252 1.9435 -4.92038e-17)
(-0.0994386 -0.360232 -1.04815e-17)
(0.0131197 0.943591 1.46629e-16)
(0.718971 0.347193 0)
(0.755505 -0.087833 0)
(3.18393 0.604731 2.56829e-17)
(0.049382 1.26549 8.30631e-17)
(-0.630422 0.298324 -9.73894e-17)
(-0.138823 -0.161648 -1.65115e-16)
(-0.140893 -0.121464 7.5381e-17)
(-0.0531151 1.26065 -4.00504e-16)
(2.9731 0.781238 1.03027e-16)
(0.527601 0.667253 0)
(-0.640987 0.438238 0)
(0.0657657 1.3907 0)
(0.716493 2.28951 5.6488e-17)
(0.86681 -0.043295 2.39807e-16)
(-0.148407 -0.156106 -1.49097e-16)
(0.183429 0.29907 4.18535e-18)
(0.332221 2.16674 9.99245e-17)
(0.055832 2.34486 -1.67765e-17)
(0.208655 2.11004 -1.40969e-16)
(0.233499 -0.169845 -8.70559e-17)
(-0.020032 2.07411 -2.9651e-16)
(-0.275093 1.61206 1.60955e-16)
(0.0316027 -0.525835 -7.28745e-17)
(0.160111 1.54863 0)
(1.88294 0.841395 8.55196e-17)
(0.222536 1.80262 -2.08977e-17)
(-0.0272356 2.32217 2.17318e-16)
(-0.0916421 -0.304225 1.82769e-16)
(1.25824 0.770033 -4.11802e-18)
(-0.0759802 1.00811 -4.0066e-19)
(0.422902 0.379911 0)
(0.50577 0.560565 8.86696e-17)
(0.117167 1.53464 4.08069e-18)
(0.153944 0.174689 3.59084e-16)
(0.410176 -0.214644 2.5472e-16)
(0.559145 -0.274173 2.41274e-16)
(0.154503 0.197876 0)
(0.340405 2.43341 6.93075e-17)
(0.0905272 -0.12292 -8.28564e-16)
(-0.122533 2.3673 1.38825e-16)
(0.98625 0.658294 1.41983e-16)
(0.0440069 0.46637 -2.26356e-17)
(1.71883 0.503379 -1.13532e-16)
(-0.0458086 0.527353 2.21383e-17)
(-0.0216133 2.06599 -1.62787e-16)
(1.31963 -0.557342 1.79717e-16)
(0.342717 -0.0438009 -3.11566e-16)
(0.248195 1.7874 -4.40783e-16)
(-0.298146 1.84493 -2.98103e-16)
(0.636864 1.71764 4.80811e-16)
(1.35255 -0.380152 0)
(0.243291 -0.765418 0)
(1.33285 0.050915 -4.5983e-17)
(-0.0319981 1.08016 0)
(-0.254276 1.28946 0)
(0.0984111 1.17213 1.12461e-16)
(0.234886 1.82576 1.81899e-17)
(-0.17199 2.22227 -5.97583e-17)
(1.31132 -0.505064 2.81755e-19)
(-0.0167712 2.07375 0)
(3.37793 0.477749 -3.25701e-17)
(1.36222 0.982171 -1.09571e-17)
(1.30575 1.11458 -1.05498e-17)
(1.08891 1.41002 -5.00317e-18)
(-0.733502 1.11625 -8.397e-17)
(0.288317 -0.218348 3.12171e-16)
(1.66448 -0.443149 -4.95843e-17)
(0.156679 1.62771 2.17236e-16)
(0.355749 0.502311 0)
(0.463323 0.304485 3.40039e-16)
(1.33652 -0.511308 1.36407e-16)
(-2.21199 -0.717813 1.02155e-16)
(1.30228 0.541449 4.21308e-17)
(0.905852 0.380281 9.31921e-18)
(1.14893 0.696457 4.47589e-17)
(-0.724676 1.33144 5.27428e-19)
(0.208201 -0.263721 -1.07389e-16)
(0.812857 -0.164259 -8.48573e-20)
(0.187832 2.19385 -6.13738e-17)
(1.35034 -0.182083 2.32384e-17)
(0.112079 0.297563 -8.15504e-17)
(-0.448324 0.105098 0)
(0.24782 1.92767 0)
(0.0872377 2.12447 -3.89551e-20)
(0.268818 1.73126 1.35779e-16)
(0.236364 2.37093 0)
(0.119484 1.52812 5.16794e-17)
(1.01195 -0.271174 3.46559e-17)
(0.164993 2.50621 -3.74373e-17)
(0.856468 -0.274067 0)
(0.830157 1.31443 6.91247e-17)
(0.325941 1.07674 1.08838e-16)
(-0.719718 0.0133643 2.58201e-18)
(-0.461246 0.0409254 -3.67218e-16)
(0.714239 -0.134281 2.6297e-16)
(-0.500207 0.893255 0)
(0.350191 1.75023 -1.04207e-16)
(0.547571 0.0346144 1.05317e-19)
(1.80286 0.0758534 0)
(0.697488 0.8662 0)
(0.499269 -0.00309039 0)
(-1.46666 -0.57606 -4.97862e-16)
(0.45524 -0.0380711 -1.15034e-16)
(0.910999 1.47854 0)
(-1.01591 -0.243244 1.43788e-16)
(0.40107 -0.0878077 3.30212e-16)
(0.266609 -0.0969788 -3.90175e-17)
(0.899466 0.44451 -7.13619e-16)
(0.756288 0.566445 0)
(-0.904097 -0.0766145 -1.59047e-16)
(0.095404 -0.0398461 -5.51163e-19)
(-0.382042 -0.178357 3.26336e-16)
(-0.764697 0.0633237 0)
(-0.794909 -0.136057 -5.40213e-18)
(0.270927 2.00014 -5.76647e-16)
(1.41664 1.91938 -7.09567e-17)
(0.394148 0.179465 -1.32647e-16)
(-0.574273 0.813642 4.32068e-16)
(0.431461 1.45541 0)
(1.14425 2.00382 1.23958e-16)
(0.980899 1.03862 -1.04869e-17)
(0.92835 0.56366 -5.66592e-17)
(-0.516835 -1.06839 1.18896e-16)
(-0.187228 0.304277 -1.15754e-16)
(0.731307 -0.173645 -9.35001e-20)
(0.900101 -0.160872 2.52482e-16)
(1.11772 1.92239 9.01193e-19)
(0.256571 1.60905 -2.07841e-17)
(-2.60445 -0.115901 -1.47228e-16)
(1.88533 0.149476 -2.13553e-16)
(-2.2817 -0.959372 8.72881e-17)
(-0.652611 0.837765 1.45231e-19)
(0.364679 -0.240087 -6.54947e-17)
(0.0402003 2.11639 -4.64287e-17)
(0.564364 2.30748 -7.06699e-17)
(0.0330628 2.05053 4.96887e-17)
(0.662547 -0.108529 2.93619e-17)
(0.512712 0.802237 2.73898e-18)
(0.997259 -0.138977 -3.77347e-16)
(0.629503 0.126376 6.10144e-17)
(-0.554053 0.641182 1.28292e-16)
(0.485462 1.06168 0)
(-0.0034236 1.20845 -5.25171e-18)
(0.584231 0.437411 1.93112e-16)
(1.07108 1.04215 2.26042e-17)
(-0.891642 -0.00469417 0)
(-0.611991 -0.170281 -5.07287e-19)
(-0.116653 -0.00622894 4.8426e-18)
(0.316577 -0.736247 -8.32232e-17)
(0.638656 -0.0426165 -9.46722e-17)
(0.379655 -0.468784 0)
(0.39843 -0.0722589 0)
(0.454598 1.89487 2.42655e-16)
(0.111449 1.24016 1.15429e-16)
(0.764566 -0.255543 -2.05671e-16)
(-2.50035 -1.52285 -3.89306e-17)
(0.467039 -0.465233 -4.09082e-17)
(0.522103 0.256005 0)
(0.298053 0.0584957 -1.84978e-16)
(0.376202 -0.333235 0)
(0.400981 -0.158246 8.32836e-17)
(-0.754333 -1.73057 7.75948e-19)
(0.268999 -0.373359 0)
(0.276559 0.533804 -2.00755e-16)
(0.333217 -0.453032 -5.95689e-17)
(-0.983934 1.33424 3.27947e-16)
(0.122568 0.112913 -3.94252e-17)
(0.387242 -0.478402 7.50865e-17)
(1.66512 0.423752 2.08846e-16)
(0.788217 0.354361 -3.61954e-16)
(-0.617663 -0.148587 -1.57498e-16)
(0.465303 0.0350157 -1.31867e-16)
(-0.301986 0.00275422 4.92394e-18)
(-4.13418 -2.62953 1.67491e-16)
(-0.469604 0.308007 3.04726e-16)
(-0.441335 -0.152697 3.81384e-17)
(0.387091 -0.260479 -1.2793e-16)
(0.971165 2.97019 -1.62574e-16)
(0.381242 0.0783267 6.66857e-17)
(0.234268 -0.149907 -2.42365e-17)
(-0.689614 0.878302 -1.20462e-19)
(0.0611627 -0.136795 1.88333e-16)
(3.54734 0.668115 0)
(-0.0154691 0.138435 -3.72321e-17)
(0.840289 -0.356716 -2.84537e-17)
(0.111869 1.40573 -1.46869e-16)
(0.318045 -0.109195 5.85993e-16)
(1.6319 0.00641638 -1.44339e-16)
(-0.234197 0.0102693 1.70061e-16)
(-0.97926 0.0411648 -1.11458e-16)
(0.0408583 -0.0552869 2.03539e-17)
(-0.413933 -0.0946564 0)
(0.29306 -0.0740685 0)
(0.605788 -0.163993 -1.36586e-16)
(-0.769142 -0.138882 0)
(1.60586 -0.0984241 3.06251e-16)
(0.137212 -0.0500659 1.90348e-17)
(1.13414 -0.1072 0)
(-0.372921 0.0142387 -1.14451e-17)
(1.72572 -0.0287137 0)
(-0.0352321 -0.0416746 -4.75193e-17)
(-0.0148786 -0.0543064 -1.22856e-16)
(-0.825214 0.205769 -1.35442e-17)
(0.343604 -0.108138 1.46056e-16)
(-1.31669 -0.150948 0)
(1.33711 -0.234827 -2.39546e-16)
(-0.650975 0.135073 0)
(-0.251066 -0.0668109 0)
(-0.930561 -0.0391289 -1.20729e-16)
(0.135887 -0.0160932 0)
(-1.3664 0.0705175 -6.97472e-17)
(0.310672 -0.181232 7.96408e-17)
(0.0475088 -0.463906 1.02205e-16)
(0.32409 1.73765 -2.71548e-16)
(0.321978 0.226372 5.15141e-17)
(0.655008 -0.17325 5.0662e-16)
(0.415444 0.430808 -4.85192e-17)
(0.56545 0.0919423 -4.03501e-16)
(0.51424 0.0613821 2.34083e-16)
(0.191772 -0.161816 -4.46818e-18)
(-0.655106 1.13585 -3.12406e-16)
(-0.138587 1.1282 3.18129e-16)
(-4.20971 -2.38962 -4.19904e-19)
(0.43625 -0.395239 -1.88128e-16)
(0.48963 1.58147 0)
(0.257432 1.28093 1.52426e-16)
(-0.00485561 1.49414 1.615e-16)
(1.16714 -0.054888 -2.31508e-16)
(-0.092378 2.46675 2.56547e-17)
(-0.660388 -0.124106 0)
(-0.0912404 -0.065889 -2.09308e-17)
(0.236745 -0.0492232 -1.37346e-17)
(0.872626 -0.259543 1.13627e-16)
(-1.54714 -0.0825631 0)
(0.198283 -0.031122 1.82682e-17)
(0.0750635 -0.0469707 -8.68713e-17)
(-1.242 0.125513 -2.19707e-16)
(1.74166 -0.0720764 0)
(0.823152 -0.0515919 -3.71954e-16)
(-0.478305 -0.0347225 0)
(-0.880921 0.10852 7.74991e-17)
(-2.03342 -0.195028 -7.45862e-18)
(0.843283 -0.122715 3.4349e-16)
(-0.0572996 -0.0487884 -2.08526e-16)
(0.689318 -0.0613053 2.5086e-17)
(0.53553 3.022 -1.75604e-17)
(0.299361 -0.40869 -7.17277e-18)
(-0.287006 -0.206783 -7.91375e-17)
(0.299731 2.97309 -1.53639e-17)
(0.460586 -0.472607 3.63905e-16)
(0.524473 -0.114496 9.4555e-17)
(0.416418 -0.313636 0)
(0.498807 -0.0746998 0)
(-0.247641 -0.630234 0)
(-0.198749 -0.598005 3.23707e-16)
(1.47701 1.06833 0)
(0.0420846 2.52139 8.94319e-18)
(-0.0511424 -1.07538 6.73596e-17)
(-0.234817 0.0765691 -3.97462e-17)
(1.30546 0.820297 -6.36494e-17)
(-0.0424895 2.05849 1.33061e-18)
(0.172025 -0.109232 -1.30164e-16)
(1.53565 -0.449315 -7.38447e-17)
(-0.0604329 -0.0416877 5.00635e-17)
(-0.309899 0.427282 3.39674e-17)
(0.217817 -0.117787 -3.84184e-18)
(-0.0668101 2.46834 -1.18816e-16)
(0.615045 -0.150696 -2.44923e-17)
(2.41063 0.916522 0)
(0.234303 -0.843916 2.40105e-16)
(-0.0165534 0.684895 -1.22772e-16)
(-2.37789 -1.45191 -2.08426e-16)
(0.863192 -0.488246 -8.24526e-17)
(-1.15595 -0.34229 -8.85094e-17)
(0.390384 -0.501578 1.97369e-17)
(-0.201575 2.86736 -2.41301e-16)
(0.313453 -0.291978 5.24213e-17)
(0.0816641 2.71217 2.74725e-17)
(-0.559332 -0.231355 -4.20452e-17)
(-0.0387626 -0.301496 1.45983e-16)
(0.140217 0.722174 -3.00403e-17)
(1.16497 0.832713 2.06839e-19)
(-0.0971093 -0.556867 0)
(-0.0406741 -0.472691 0)
(0.866835 0.38838 6.31109e-16)
(-0.172716 -0.537081 8.05825e-17)
(0.301277 0.55997 -1.53952e-16)
(-0.386438 0.28835 5.59995e-16)
(-0.032524 0.49941 -3.33467e-16)
(-0.0418727 0.57606 7.0112e-16)
(-0.225809 0.616749 -1.56712e-16)
(-0.0432572 0.393047 -4.35213e-16)
(-0.302376 0.0534097 -3.08671e-16)
(-0.171748 0.116876 -3.30838e-16)
(-0.632606 0.629754 -1.83118e-17)
(0.414968 -0.436942 -3.99556e-17)
(0.129986 0.220451 3.82688e-17)
(0.183602 1.552 -1.32243e-18)
(0.458655 0.210506 -1.13749e-16)
(-0.0729665 0.809501 -1.64029e-16)
(-0.277728 0.213881 2.7356e-16)
(-0.954083 -0.911685 2.20775e-16)
(0.545912 0.625723 4.03256e-16)
(1.13844 1.71079 -1.49519e-16)
(0.599881 1.93244 -3.95341e-17)
(-0.201391 -0.607377 0)
(0.470488 1.85897 3.03261e-16)
(0.308279 -0.110688 4.27733e-17)
(1.01024 1.15731 -2.04216e-16)
(-0.201206 0.679446 -2.57234e-16)
(0.969973 1.77922 0)
(0.597566 1.44082 2.59878e-16)
(-0.943429 -1.00418 0)
(1.02727 0.537623 6.10492e-17)
(-1.49755 -1.53298 1.87983e-16)
(-0.479895 0.40334 0)
(0.0854108 -0.231711 -4.9268e-17)
(0.687629 0.419306 -3.36495e-16)
(-0.015585 0.732503 -8.8761e-17)
(0.206814 0.234629 -3.18623e-16)
(0.306446 1.28457 -4.88599e-19)
(-0.139892 0.9754 0)
(0.0521768 -0.126403 0)
(0.722432 0.148933 -1.07278e-16)
(0.0185475 1.05246 1.78137e-16)
(0.280446 0.186095 3.14319e-18)
(0.508977 0.196996 3.08341e-16)
(0.766677 0.118837 3.46981e-16)
(0.333342 2.01207 -5.58801e-17)
(0.130467 1.30247 0)
(0.177481 0.969895 1.89634e-16)
(0.460446 -0.746003 -1.01863e-17)
(-0.638582 0.509513 0)
(0.353988 -0.427086 1.05945e-16)
(0.329267 1.53169 3.13111e-17)
(0.431358 0.219463 -3.18575e-17)
(0.629991 -0.10866 -2.53402e-16)
(0.174415 -0.0319126 6.57649e-17)
(-3.48148 -0.469641 -5.89772e-16)
(-0.558565 -0.814567 -6.45058e-16)
(-0.0229571 -0.128853 0)
(0.0274363 -0.114828 -4.6109e-17)
(0.128886 -0.678477 -1.16355e-16)
(-4.95225 -1.01835 1.424e-16)
(-0.691632 0.362575 -4.72778e-17)
(0.528392 -0.976131 -4.64781e-17)
(-4.51204 -0.800556 2.63874e-16)
(0.265366 -0.802399 -1.47324e-16)
(-0.350729 -0.593739 0)
(-0.917794 0.0567597 1.1556e-16)
(0.54556 -0.740814 -4.84434e-16)
(0.274936 -0.579331 5.91004e-17)
(-3.43568 -0.802169 -1.345e-16)
(3.5418 0.499691 -3.20205e-17)
(-0.562295 -0.729498 -1.50045e-16)
(-0.814958 -0.303881 -8.20165e-17)
(0.358219 -0.53946 8.66522e-17)
(0.238534 -0.563388 -4.04709e-17)
(-0.725675 2.59349 0)
(-0.0247725 -0.841936 1.48526e-16)
(-4.50832 -1.19897 -1.42185e-18)
(0.139203 1.16624 1.45061e-16)
(0.130563 1.46306 -1.12081e-17)
(0.269003 1.72719 9.92049e-18)
(-1.21377 -0.642354 1.59112e-16)
(0.733056 -0.189656 1.09442e-17)
(-0.401398 2.49479 3.7308e-17)
(0.0515568 2.96838 -3.69537e-17)
(0.219803 -0.418441 4.30281e-17)
(-0.152987 2.28764 -8.65419e-17)
(3.19982 0.507869 2.37031e-16)
(0.597149 0.170624 -1.82902e-17)
(1.69516 1.41851 -2.82537e-16)
(0.793383 0.595837 -8.95953e-18)
(1.24504 1.7921 -3.41257e-16)
(-0.651303 -0.855418 0)
(1.45338 1.83738 2.1397e-16)
(0.489896 -0.149698 7.06065e-17)
(0.122402 -0.427794 -5.94158e-18)
(1.40119 1.48401 -6.53994e-17)
(-0.864542 -0.653323 2.39765e-18)
(0.26225 -0.132154 -8.97984e-17)
(0.679145 0.0972667 -5.01307e-16)
(0.637629 -0.13661 -1.79544e-16)
(0.54429 -0.0894912 8.54595e-16)
(-0.385916 -0.634631 4.86966e-17)
(0.0650362 1.77917 1.16022e-18)
(0.370188 0.305768 2.91128e-16)
(0.488399 1.00193 0)
(-0.247021 -0.622903 2.44431e-16)
(0.115926 1.92354 0)
(0.11865 1.70077 7.75885e-17)
(-0.186554 -0.318253 8.23191e-17)
(0.101703 -0.383271 -4.73965e-17)
(-0.147846 -0.671826 3.15774e-16)
(-0.0832776 1.56758 -4.10645e-17)
(0.936998 0.526359 -5.52499e-17)
(1.32107 0.959769 1.06002e-16)
(0.287441 -0.383196 0)
(0.185295 1.51731 0)
(1.74203 1.23058 1.37988e-16)
(0.270741 1.54377 -3.03359e-17)
(0.407273 -0.377091 -4.14738e-17)
(-0.160247 -0.51483 -4.07082e-16)
(0.20888 1.52926 3.84169e-17)
(0.0653661 0.506594 4.81289e-17)
(0.631843 1.63395 2.09771e-16)
(0.202559 1.05383 -1.29697e-16)
(1.18973 0.98501 8.7128e-17)
(0.36222 -0.579356 -4.5341e-17)
(-0.399209 -0.0487388 0)
(-0.413839 -1.3481 0)
(-0.160268 -0.0450456 0)
(-1.10726 -0.708402 8.39437e-17)
(0.731939 0.0839596 2.56828e-16)
(1.8237 -0.384082 -6.82641e-18)
(0.276418 0.908739 7.67724e-17)
(-0.0794562 0.228078 8.16033e-17)
(-0.123118 1.06536 -1.23211e-16)
(0.177622 1.30408 0)
(-0.797052 0.631429 -1.27532e-16)
(0.302995 -0.297351 -5.48224e-17)
(0.321681 0.617757 -1.28499e-16)
(1.07638 1.92631 -5.30698e-17)
(0.221466 -0.246192 4.82905e-16)
(0.255481 -0.497014 1.21045e-17)
(-0.131235 0.598678 8.35e-17)
(-0.646967 -1.62346 0)
(2.73249 0.67992 -3.9544e-16)
(0.144518 0.384659 -9.06956e-17)
(0.922099 -0.444941 0)
(0.490391 0.740335 4.14387e-17)
(1.55308 1.35977 -8.9855e-18)
(-0.167889 -1.53067 1.89949e-17)
(2.02913 -0.139302 0)
(0.409811 1.06039 0)
(1.82725 1.67239 7.1868e-17)
(2.43225 1.14123 1.47462e-16)
(-0.117887 0.400335 -7.01336e-17)
(1.89253 1.70475 8.74369e-17)
(0.577616 0.204782 1.29438e-16)
(0.209692 -0.274757 0)
(1.66117 1.66033 -9.98613e-17)
(1.90596 1.77309 7.1436e-17)
(0.338362 -0.353354 -1.02057e-16)
(1.22543 0.356051 7.38984e-17)
(0.148062 1.25149 0)
(-0.103633 2.10846 1.9968e-16)
(1.30994 -0.35522 0)
(-3.09032 -2.05618 2.80237e-20)
(-1.24808 -0.797755 -1.62856e-16)
(-0.271533 0.183353 8.41168e-17)
(-0.163705 -1.32061 0)
(1.00364 0.202177 9.89136e-17)
(-0.231742 0.196904 -2.02442e-17)
(1.10567 0.254095 1.50957e-16)
(3.38523 0.865932 3.21172e-16)
(0.530425 0.10048 0)
(-0.876456 -0.743785 0)
(0.244084 0.148666 -8.1415e-17)
(0.439295 1.7512 -6.70972e-17)
(-0.126811 -0.172414 -1.14598e-17)
(-0.0825654 -0.876806 0)
(-0.105689 1.66139 -1.43346e-16)
(-0.605518 -1.28046 1.3657e-16)
(-0.942491 -0.53695 -1.59839e-16)
(0.652493 0.2897 -3.27523e-16)
(0.108161 0.197062 3.82379e-16)
(0.190641 -0.173459 2.15141e-16)
(0.659153 2.0901 2.0865e-16)
(0.364117 1.29523 0)
(0.351243 -0.31738 -1.53703e-16)
(-0.742463 -0.0858408 3.12502e-21)
(-0.166452 -1.78647 3.55888e-16)
(-0.0869871 0.157385 -1.1483e-17)
(-0.989711 -0.477892 6.86228e-17)
(0.661645 -0.228618 2.5461e-16)
(-0.278323 -0.558957 -3.57897e-16)
(0.0961386 0.00525032 0)
(0.202884 -0.201524 -1.96994e-16)
(-0.743218 -1.02012 -8.21961e-18)
(0.348115 1.67113 -4.38552e-16)
(0.399875 1.60389 -1.91475e-19)
(-0.772217 -0.128734 -1.72153e-16)
(0.428844 0.476836 -1.72688e-16)
(0.979631 -0.537308 -1.27706e-16)
(0.423112 -1.22147 -3.25849e-19)
(0.193656 0.0438845 0)
(-0.246763 0.38614 0)
(1.6193 1.40206 -1.18889e-16)
(0.577257 0.0627025 -1.03548e-16)
(0.798365 0.672988 -4.7284e-17)
(0.920593 -0.596691 -8.0893e-17)
(0.132318 0.166328 -1.32625e-16)
(1.3649 1.75999 0)
(-0.264144 -1.78122 -1.51787e-17)
(0.183738 0.119401 -2.19202e-17)
(1.03658 0.0814099 2.00429e-17)
(0.237587 1.89955 6.31866e-17)
(-0.0108303 0.115168 2.46791e-17)
(0.0734987 1.99465 0)
(0.174277 0.331072 8.64586e-18)
(-0.865924 -0.571656 -7.48992e-17)
(0.204687 0.367605 7.85235e-17)
(0.885298 -0.547568 0)
(0.211234 1.56264 4.2947e-20)
(1.72354 -0.280077 -5.26419e-17)
(0.782604 1.38264 -1.94937e-16)
(0.301995 -0.152713 3.66506e-17)
(1.35856 1.16406 0)
(0.0899997 0.171475 -3.63501e-16)
(0.485081 1.8811 -2.65971e-16)
(-1.20631 -1.82309 1.38913e-16)
(0.842749 -0.403251 0)
(0.481972 0.401786 -3.95309e-17)
(-0.165304 -0.806288 0)
(0.0885438 0.0772924 0)
(0.00571995 1.18483 0)
(0.301594 -0.47403 -7.08841e-17)
(1.02272 1.14665 2.04478e-16)
(-1.01145 -0.45292 9.16198e-17)
(-0.237586 2.55869 6.42767e-16)
(0.787053 -0.18947 -4.68629e-17)
(-0.16503 0.090107 -2.8542e-18)
(0.076685 0.892894 6.13812e-21)
(-0.0567228 -0.193685 -7.17055e-18)
(2.11326 1.2138 -1.45849e-16)
(0.499202 -0.451416 1.30308e-16)
(-0.477327 -0.362722 1.10653e-16)
(0.215547 0.557094 -1.01917e-16)
(1.76246 1.60996 1.24084e-16)
(0.472923 -0.181365 -4.02411e-16)
(0.108617 -0.453678 0)
(0.205401 -0.0967581 -8.52864e-18)
(0.73458 0.037826 3.61273e-17)
(-0.129846 0.26491 9.26913e-17)
(0.590336 0.0184765 9.70897e-17)
(-0.0970342 0.193375 1.55277e-16)
(-0.160618 0.0542106 -1.99792e-16)
(1.46369 0.0714335 -7.13835e-19)
(0.756338 -0.423174 -1.08942e-19)
(0.16804 -0.0989893 0)
(-0.200173 0.499189 0)
(-0.194585 -0.628707 3.97742e-17)
(-0.864556 -0.0918633 3.72938e-21)
(0.113922 0.530095 1.75219e-16)
(0.430944 0.0771685 0)
(0.25339 0.17244 1.32804e-16)
(0.535423 0.135096 0)
(0.146955 -0.123363 0)
(-1.28233 -0.730674 6.06965e-17)
(0.411861 -0.254876 -1.49324e-16)
(-0.407953 0.0404243 -4.35454e-17)
(-0.26257 1.46738 -3.29315e-17)
(0.255835 2.05674 6.91806e-17)
(0.707701 0.243859 -1.16174e-17)
(0.527207 0.769728 2.72898e-16)
(-0.0477479 -0.574803 1.1387e-16)
(-0.0934469 1.51295 -1.57984e-16)
(0.79655 0.692951 3.3253e-17)
(0.565628 0.641545 8.71696e-17)
(0.56438 -0.185697 -1.74964e-16)
(0.265504 -0.194766 9.76524e-17)
(-0.0559035 -0.0764937 -2.24583e-16)
(1.64558 1.83184 1.94737e-16)
(0.32394 0.176041 -1.66651e-16)
(0.238231 0.296073 9.35582e-17)
(0.148817 1.31189 2.63116e-19)
(-0.124064 -0.316935 1.2707e-16)
(0.240488 2.50411 -2.15862e-17)
(0.00955363 0.232206 0)
(-0.231097 -0.0559148 0)
(1.78989 1.78938 -1.93251e-16)
(-0.861675 -0.331159 7.96652e-17)
(0.175267 0.493326 -1.67822e-16)
(-0.365994 0.110095 1.01964e-17)
(3.13166 0.303366 1.70775e-17)
(-0.818461 -0.332946 0)
(0.554542 0.415417 1.67171e-16)
(-0.0511464 1.94509 0)
(0.346932 0.581668 0)
(-0.147661 -1.59308 -1.11461e-16)
(0.713001 0.444716 0)
(0.154514 0.137415 -4.32471e-16)
(-0.01856 1.9041 3.79818e-16)
(0.510284 0.617214 8.76941e-17)
(-0.259095 -0.0796836 -8.38718e-17)
(-0.129757 0.211001 -8.31356e-17)
(-0.914281 -0.602881 -1.70478e-16)
(0.680673 -0.233575 -2.38651e-16)
(0.0348094 1.50027 1.50843e-16)
(0.862328 1.19422 -1.15975e-17)
(0.327183 1.80355 -2.45555e-16)
(2.62254 0.562659 -8.19857e-17)
(1.27928 0.788767 5.45439e-17)
(0.329149 2.05379 0)
(-0.246699 -0.603437 -2.27888e-16)
(0.412453 0.0337553 9.39508e-18)
(0.389602 0.0351034 -3.5201e-17)
(-0.815995 0.227779 1.22772e-19)
(0.452727 0.0368404 -9.63826e-18)
(0.384722 0.0326713 0)
(-0.12936 -0.0718362 -2.62733e-16)
(-2.04682 -1.30176 0)
(1.22088 -0.0633149 3.3164e-16)
(0.505643 0.0423733 -7.73361e-17)
(0.356581 0.00573431 0)
(0.0793006 0.65845 6.86774e-16)
(-0.0115899 2.28531 1.1726e-16)
(0.522642 -0.349891 -2.89748e-16)
(0.247839 0.164127 -3.97818e-16)
(0.605365 0.244097 2.41361e-17)
(0.256989 1.3566 0)
(1.03265 1.0179 2.08298e-16)
(-0.299509 0.136693 7.89022e-17)
(1.21059 0.0668496 1.30915e-16)
(-0.459598 0.283564 1.29159e-16)
(-0.153112 -0.437976 4.71568e-17)
(-0.103625 0.630391 3.9176e-17)
(0.117005 2.02512 -4.3721e-20)
(-2.54753 -1.83792 -1.48636e-18)
(0.0473803 0.388961 0)
(0.0365461 0.603813 4.38926e-17)
(0.053193 0.519772 0)
(0.882083 0.0639484 -1.70676e-19)
(0.792332 0.402385 -5.01632e-20)
(0.185589 -0.296045 5.15761e-17)
(-0.493188 0.295603 -1.22202e-16)
(0.783439 0.564112 0)
(0.188408 -0.238761 -6.56212e-17)
(0.0289105 0.531619 -3.44065e-16)
(1.0302 0.0631454 -2.71416e-16)
(-0.112464 0.21185 0)
(-0.525319 0.0414627 -2.01854e-20)
(0.327515 2.36268 -1.28955e-16)
(-3.03388 -0.500147 3.20806e-16)
(-0.70637 0.266967 5.20093e-16)
(0.458345 0.0809331 -4.25175e-16)
(0.0912109 -0.16219 -2.14488e-17)
(0.462567 -0.23308 1.79978e-16)
(0.237297 0.346653 -2.93171e-17)
(0.772595 0.842074 -1.54583e-16)
(0.184365 0.297694 8.80616e-21)
(0.222314 -0.982236 1.00989e-16)
(-4.52669 -1.45412 4.41967e-16)
(0.21782 1.5282 3.03656e-20)
(-0.238655 -0.0541854 0)
(-0.0738454 0.147946 8.34106e-17)
(-0.0394085 -0.189733 4.75369e-20)
(0.437669 0.0805141 -1.06835e-16)
(-0.685696 0.197362 -7.97332e-17)
(0.27808 -0.240433 4.08637e-17)
(0.370707 0.842642 -2.69727e-16)
(0.0332465 1.39 9.97601e-17)
(0.126946 0.850188 -7.71396e-17)
(0.685602 0.44011 1.40063e-16)
(-0.603479 0.0757914 1.93906e-16)
(0.201399 1.42682 2.57159e-16)
(-0.70697 1.07057 -1.7757e-16)
(0.605153 -0.723038 -3.90123e-16)
(-0.103353 -0.218941 7.70252e-20)
(0.36551 -0.19091 -9.89824e-20)
(0.476761 1.03779 2.63717e-16)
(0.117222 1.00619 -2.29463e-16)
(0.00145185 2.62125 0)
(-0.0760373 1.76471 2.30372e-16)
(-0.692024 -0.0132372 -8.79941e-17)
(-0.519212 -0.0542672 3.65924e-17)
(0.198589 0.738127 2.34088e-17)
(-0.384427 0.028964 3.97355e-17)
(0.768876 1.83148 1.0818e-16)
(1.58081 -0.352079 -9.01639e-17)
(-0.6198 0.356787 7.94022e-17)
(0.862672 2.07834 2.11991e-16)
(-4.12255 -1.95613 -2.69465e-16)
(-0.211206 0.0520794 -2.04128e-17)
(-0.50363 -0.229869 -3.18705e-16)
(0.726491 1.94311 0)
(0.0892582 1.55486 -5.83278e-17)
(-0.500745 -0.901299 1.94802e-19)
(-0.0134081 1.95972 -5.31766e-17)
(-0.506762 0.0233649 -3.84742e-17)
(0.00300629 1.68718 -2.14749e-16)
(-0.485211 -0.82006 6.01123e-17)
(-4.50855 -1.88538 -1.25625e-16)
(-0.151947 0.497963 -2.62913e-18)
(1.03232 1.65103 -5.9964e-17)
(0.0474373 -0.0900152 8.72813e-17)
(1.30586 -0.0844369 0)
(1.44955 -0.063038 0)
(0.136136 2.86855 -2.95418e-18)
(0.628188 -0.216034 -3.94189e-16)
(0.599143 -0.232678 2.18619e-16)
(0.75511 -0.396452 0)
(0.269303 0.532743 0)
(-0.149102 -0.486536 -1.78614e-17)
(-0.353652 0.396467 -8.08097e-17)
(0.490013 -0.0968499 1.26218e-16)
(-0.82067 -0.214235 1.35268e-16)
(-0.0686792 0.215087 9.6365e-17)
(0.719234 1.6702 -7.14275e-16)
(0.00250851 -0.397988 0)
(0.521685 1.05044 -8.98976e-17)
(0.654356 0.658171 -6.13995e-17)
(-0.231218 -0.234082 0)
(0.561429 -0.26701 -1.58779e-16)
(3.1978 1.15486 -1.76522e-16)
(1.07111 1.17636 5.74399e-16)
(0.610603 0.00519444 -1.0618e-16)
(0.306555 -0.118324 -2.28358e-16)
(0.513863 0.876603 0)
(0.749287 1.17096 0)
(1.81408 1.75636 1.23021e-16)
(0.18226 -0.124604 -7.54006e-17)
(0.145238 1.40288 1.62997e-16)
(0.127316 -0.488335 0)
(-0.116477 1.13697 7.86121e-17)
(0.26105 1.58504 3.04373e-19)
(0.352382 0.0727277 0)
(0.00187921 -0.512168 0)
(0.307726 -0.483372 4.73851e-17)
(-0.138938 -0.102444 0)
(-0.233761 0.196079 2.66949e-17)
(0.758572 0.0608412 1.45216e-16)
(-1.07314 -0.721443 1.39445e-16)
(0.632524 -0.00234082 3.42324e-16)
(-1.61572 0.512914 -9.49358e-17)
(-0.0302061 2.31078 -1.4851e-16)
(0.930823 0.274669 1.65864e-16)
(-0.730854 -0.262967 0)
(0.0132838 1.99122 -5.94042e-17)
(-0.653312 -0.120699 1.69347e-16)
(0.129233 1.88314 0)
(-0.384148 0.223543 -1.37519e-16)
(-0.633046 -0.417408 0)
(0.553741 -0.059285 -2.28116e-16)
(0.623502 1.89243 0)
(-1.1795 -0.69466 -1.67464e-16)
(-0.443833 0.0857618 4.45876e-18)
(0.656633 -0.297814 1.24171e-16)
(0.296222 1.74428 5.69312e-16)
(-0.485018 0.76327 0)
(-3.80095 -1.48774 1.84613e-18)
(1.22174 1.13269 1.61171e-16)
(0.243038 1.29552 -1.47034e-16)
(-0.44598 -0.0885579 3.69296e-17)
(0.304781 0.159907 -1.38552e-16)
(0.044952 -0.611595 1.57709e-16)
(0.0663279 2.14345 3.22683e-17)
(-0.408809 0.0717152 4.86218e-18)
(0.0896934 2.10798 -4.11604e-16)
(0.853412 1.45141 -1.29168e-16)
(1.4984 1.6814 2.15864e-16)
(-0.233852 -0.36017 3.18837e-16)
(0.373912 -0.21737 -9.84657e-17)
(0.664641 -0.353926 -8.15329e-17)
(-0.351024 0.254675 -6.85302e-17)
(0.490676 0.278323 3.50829e-16)
(-0.627417 -0.247389 1.66614e-16)
(0.281303 -0.488476 1.07522e-16)
(0.210092 -0.180297 0)
(0.209729 -0.172475 0)
(0.264515 0.555595 -1.64019e-16)
(1.44763 0.319351 2.2251e-16)
(0.233492 2.60534 -2.23046e-17)
(-0.221359 -0.646311 -2.71791e-16)
(-0.0175006 -0.578734 7.16423e-18)
(0.41738 -0.512678 -7.8198e-17)
(0.32284 2.10429 4.16463e-16)
(0.431154 -0.114992 9.91355e-17)
(0.6349 -0.45017 4.04514e-17)
(1.9262 -0.15233 0)
(1.03578 1.44363 1.22134e-16)
(0.584288 0.118264 0)
(0.577383 0.974687 0)
(0.226763 -0.0987308 -3.77855e-18)
(1.20434 0.659603 0)
(1.40652 0.0537983 0)
(-0.102461 -0.574034 0)
(0.0394632 0.057187 0)
(1.61388 1.68111 -4.46712e-16)
(0.304196 1.97899 -1.6858e-16)
(-0.289918 1.41817 -1.2107e-16)
(0.460114 0.551172 -3.65372e-18)
(-0.649315 0.556188 -4.41779e-16)
(0.454908 1.17462 -3.2732e-16)
(1.47196 1.71428 2.51145e-16)
(-0.730362 1.42759 -4.72442e-16)
(0.191771 1.42135 2.8678e-16)
(0.0746138 1.58492 5.82512e-17)
(0.296049 -0.398892 0)
(0.134586 -0.449739 0)
(-0.224565 -0.597261 2.20659e-16)
(0.00393323 -0.0388235 8.76098e-16)
(0.343142 1.44247 2.61263e-16)
(-0.616748 0.635775 0)
(0.486139 0.1046 0)
(1.87754 1.68524 1.51106e-16)
(-0.436037 0.0567916 2.13779e-17)
(-1.98687 -1.62434 -1.16594e-16)
(0.588352 -0.538271 -1.17046e-16)
(1.60299 1.65295 -2.5658e-16)
(-0.3373 -0.0181887 -2.83111e-18)
(-0.00512572 0.310801 3.29787e-17)
(0.00604852 0.322264 -1.13898e-17)
(0.0832426 0.420849 0)
(0.0406916 0.355552 -4.76552e-17)
(-0.0446352 2.37331 0)
(-0.0221331 2.25003 0)
(-0.0228208 2.4217 0)
(0.019016 2.34258 0)
(-0.0134108 0.317494 0)
(0.0421828 2.24619 0)
(0.0458212 2.2085 0)
(-0.00787525 0.316895 -2.18821e-17)
(-0.000271768 0.301963 -2.13865e-17)
(0.016241 0.268878 2.18143e-17)
(0.215369 2.67746 1.0978e-17)
(0.0374161 0.205385 1.14318e-17)
(0.0337086 0.129219 2.9376e-18)
(2.7605 1.69823 4.19128e-16)
(-0.0275422 -0.0674228 -9.1751e-17)
(1.46192 2.42661 0)
(0.469153 -0.0228031 0)
(0.0408442 2.16864 0)
(-1.29119 0.174548 7.68474e-18)
(0.202222 -0.475904 0)
(0.317619 0.846771 1.26588e-17)
(0.0375773 2.04925 -6.29056e-17)
(-0.240009 0.0291259 -2.0191e-17)
(0.483731 1.62634 0)
(-0.0208729 1.95893 1.407e-16)
(0.293957 -0.397444 0)
(0.171854 0.0421029 -1.34746e-16)
(0.0132727 1.68248 -1.39854e-17)
(-0.107008 2.11804 -2.31818e-16)
(0.101376 1.02804 -2.4117e-16)
(0.49388 -0.488537 1.45802e-17)
(0.464508 -0.386228 2.00237e-16)
(0.00793384 1.61875 2.41641e-17)
(1.04059 0.158874 1.04276e-17)
(-0.950669 -0.3996 0)
(0.0358799 2.10828 0)
(0.199493 1.22142 1.96889e-17)
(0.493467 1.76317 -3.07333e-16)
(0.161101 -1.08169 -9.4462e-17)
(-2.09677 -1.04805 5.1877e-16)
(-0.41289 0.534973 8.25298e-17)
(0.391621 -0.535386 -1.71438e-16)
(-0.168606 -0.104855 -3.93562e-17)
(-0.644243 -0.405846 2.47579e-16)
(-1.46216 -0.0238918 1.10098e-16)
(1.04856 -0.590619 1.99679e-16)
(0.561334 -0.422401 5.17081e-16)
(0.144976 2.76326 -9.13688e-17)
(0.695645 3.06213 -4.13487e-17)
(0.0200926 1.76721 0)
(0.0346217 2.03107 -6.1342e-17)
(0.851694 1.86125 0)
(0.346428 -0.338034 0)
(0.0235555 1.36553 0)
(-1.00843 -1.64088 -3.90493e-16)
(0.844274 1.474 9.66807e-17)
(-1.43631 -1.46099 3.77482e-17)
(0.0271187 1.85238 0)
(0.0320861 1.94015 6.06118e-17)
(0.126935 1.10792 1.94892e-16)
(0.213455 -0.1896 9.45742e-17)
(1.4481 1.68235 -5.2041e-19)
(0.502226 1.55557 -5.23833e-16)
(0.175923 1.45604 -2.43179e-17)
(-2.74451 -1.19875 0)
(0.59977 1.16482 -5.5572e-17)
(-0.026319 1.29317 -8.11621e-17)
(-0.292811 -0.198139 0)
(0.00264177 1.45313 6.33187e-17)
(0.0509049 1.45347 0)
(-0.219527 -0.414954 -1.61611e-16)
(0.580776 -0.0136341 -1.43139e-16)
(2.91427 0.363589 0)
(1.16553 -0.0172281 2.15495e-16)
(-1.25305 -0.565152 3.64145e-17)
(0.567895 0.0325946 1.95538e-16)
(0.911467 0.308815 2.71803e-16)
(1.71467 -0.402288 3.90552e-18)
(0.0206198 1.95513 1.3903e-16)
(-1.85734 -0.430594 0)
(0.564167 0.767662 0)
(-1.20994 -0.664797 1.06784e-16)
(2.14979 0.792958 0)
(-0.466038 0.0791452 4.63322e-16)
(0.746219 0.231175 -2.72046e-17)
(-0.511566 0.0196048 -6.87309e-16)
(-4.72571 -0.716493 -1.91642e-18)
(0.489745 -0.577467 3.24934e-16)
(0.336954 0.314365 -3.31289e-20)
(-0.653537 0.343635 0)
(1.97323 0.0851794 1.86911e-16)
(0.0320736 1.33246 2.05681e-16)
(1.26714 1.02955 -7.11589e-16)
(0.121646 -0.2121 -3.27458e-16)
(0.418455 -0.0354112 -3.25193e-16)
(0.442194 -0.129889 -2.23239e-16)
(0.502171 -0.973059 5.19667e-17)
(-3.18307 -1.04315 -1.03765e-16)
(0.367249 -0.0189894 2.06196e-17)
(0.428242 -0.607752 -6.51584e-17)
(-0.872713 0.48676 -8.59935e-18)
(0.673671 0.169224 0)
(-0.0992471 2.38487 7.38529e-17)
(0.106735 1.96408 -2.47268e-16)
(-0.0522412 -0.266722 1.00604e-17)
(0.656657 2.20378 -6.5895e-17)
(1.10983 -0.238212 -2.15197e-16)
(-1.47798 -0.535577 0)
(0.794082 -0.407492 8.42997e-17)
(0.185868 -0.189289 4.34391e-16)
(-0.0459798 0.92043 -5.07534e-16)
(0.655538 0.0551058 0)
(0.0767694 -0.465635 0)
(-0.551156 0.668075 -3.13971e-17)
(0.0499105 -0.269244 0)
(-0.228608 -0.599311 0)
(0.84585 1.65839 2.12766e-17)
(-0.447337 -1.21101 -1.76532e-16)
(0.0748924 2.0151 0)
(-0.611895 0.29171 7.7077e-17)
(0.0476076 -0.0260151 1.16501e-17)
(0.872279 -0.872105 2.2095e-16)
(-1.15015 0.155574 0)
(1.90679 -0.230089 5.36681e-17)
(-0.131655 -1.65324 -2.94469e-16)
(1.93858 0.471601 0)
(2.37616 1.6787 0)
(0.568309 0.0146567 4.6384e-16)
(2.66447 0.0829944 -4.20067e-17)
(1.18574 -0.491645 -4.00834e-16)
(-1.46909 -0.279142 -1.27469e-16)
(-0.0161253 -1.26082 0)
(0.619695 -0.340888 0)
(2.39061 0.696956 7.90426e-17)
(-1.75332 -0.543616 0)
(0.4951 0.146336 0)
(-0.191268 -0.0115711 0)
(-0.787099 0.773833 5.04769e-16)
(1.51129 0.100143 0)
(1.62841 0.0854807 -2.64346e-16)
(0.628072 1.56713 2.55527e-16)
(0.566137 0.621191 -3.3172e-17)
(2.68634 1.50304 -9.01373e-17)
(0.104026 -1.22853 0)
(2.91807 1.41954 -1.51556e-17)
(-0.318886 0.146016 -3.05538e-17)
(0.187316 0.385085 -4.10089e-17)
(0.358716 0.881566 2.21107e-16)
(-0.145027 2.05848 -2.62554e-16)
(0.572004 -0.164094 3.82891e-17)
(-0.891981 -1.81773 7.371e-17)
(0.0141909 1.2108 0)
(0.0947828 1.17766 -9.20586e-17)
(-0.00640156 0.0618507 0)
(0.152753 -0.11172 2.24165e-16)
(1.24249 3.13154 1.16028e-16)
(0.0245572 -0.333204 -2.76025e-16)
(0.077724 1.3854 8.87873e-20)
(2.20585 0.0760898 3.17658e-18)
(0.508976 -0.215218 -1.77051e-16)
(1.72785 1.75888 2.46517e-16)
(0.45497 -0.286882 3.01726e-16)
(0.688742 -0.0295742 -2.3394e-16)
(0.0390201 -0.108864 4.49666e-17)
(1.42591 0.0614118 0)
(2.12554 0.41737 -1.1411e-16)
(0.00630099 1.57111 0)
(0.182249 -0.124804 -2.72672e-16)
(0.0513697 2.24569 0)
(0.583615 -0.216701 -1.73898e-16)
(0.184539 2.27856 -1.84045e-16)
(0.485079 1.02717 -5.8955e-20)
(-0.00889523 1.45038 -6.30911e-17)
(0.124319 1.21857 -2.56403e-18)
(0.00866398 3.00618 -1.12458e-16)
(-0.717444 0.141031 -8.37784e-17)
(2.37058 0.346357 1.63606e-16)
(0.390451 0.0399469 0)
(-0.489117 -0.0148739 3.87417e-17)
(0.938666 1.17469 2.78126e-16)
(-0.496432 0.429176 -9.70155e-18)
(0.835878 -0.109723 5.94152e-20)
(0.0257262 -0.0293742 0)
(-1.05084 0.248584 3.61987e-16)
(0.0408274 -0.149977 -5.11845e-18)
(3.01292 0.0446394 5.26195e-18)
(0.264703 0.473629 -3.25559e-16)
(-0.0233103 -0.0601086 -1.04991e-16)
(-0.497808 0.68387 -2.05658e-16)
(0.615652 -0.0837169 3.92211e-18)
(1.65313 1.83453 0)
(0.0015976 -0.0546009 -1.95326e-17)
(-0.796382 0.49057 1.49219e-17)
(0.188671 -0.340364 7.85741e-17)
(0.0186432 1.46531 3.33629e-17)
(-1.29751 -0.628447 0)
(0.206928 -0.173472 2.15442e-16)
(0.00596304 1.50753 -6.50358e-17)
(0.710358 0.112589 0)
(0.490073 -0.369471 -7.68382e-17)
(0.579848 -0.315728 2.19871e-16)
(0.171119 0.228522 1.20152e-16)
(-0.573244 -0.715095 0)
(0.0306018 -0.180928 -4.35408e-17)
(0.118522 2.98079 0)
(0.477448 1.83848 -4.2564e-16)
(0.270438 -0.0859497 0)
(0.120993 2.38177 0)
(0.0381771 1.36769 2.48108e-16)
(1.30744 -0.220933 0)
(0.142372 0.368857 -1.91896e-17)
(0.888556 0.152743 -9.76384e-18)
(0.544224 -0.301232 -1.48748e-16)
(0.54377 0.165045 8.06171e-17)
(-0.11801 -0.118991 0)
(-0.0924191 0.987836 -2.59554e-16)
(-0.930916 -0.0147593 4.01016e-17)
(-0.395485 0.0906137 -3.08818e-17)
(1.83787 1.62271 -7.11436e-17)
(-1.98407 -0.788351 -1.83798e-16)
(2.87777 0.0714008 2.08053e-17)
(0.576992 1.11458 3.04909e-16)
(0.349719 1.54942 -8.16472e-17)
(-0.044532 1.36068 8.09319e-17)
(0.0364362 1.04032 -6.00743e-18)
(-0.83799 0.271578 -2.36837e-18)
(0.361908 -0.181195 -1.3414e-17)
(0.0330826 1.39413 7.8658e-17)
(-0.536129 -0.373948 0)
(-1.858 -1.10044 0)
(-0.948989 0.161409 0)
(-0.00243565 1.43164 6.85836e-17)
(-0.382978 -0.484857 1.51219e-16)
(-4.92941 -0.655018 -2.57057e-16)
(0.165508 2.72486 2.6849e-18)
(0.0371078 1.11701 -1.8009e-17)
(0.503169 -0.334271 -5.69471e-17)
(0.0907585 -0.0970054 0)
(1.22332 0.48144 7.24923e-17)
(0.102372 2.11281 1.67209e-16)
(0.0552879 1.16291 0)
(1.33195 -0.0203279 0)
(0.0403618 -0.0736418 0)
(0.50931 -0.470219 -3.87278e-16)
(0.0938257 3.0634 0)
(1.25733 1.12502 -2.53525e-16)
(0.0949994 2.96797 -1.10224e-16)
(-0.140063 -0.415594 0)
(0.58408 -0.117674 -1.27866e-17)
(0.557591 1.31085 -3.71335e-17)
(-0.00418777 1.48282 1.55877e-17)
(-0.141675 0.420305 4.61752e-17)
(-0.9082 -1.47107 2.128e-16)
(0.656919 0.837018 0)
(1.92489 1.72454 0)
(-0.0416427 -0.117816 -2.1434e-22)
(0.277701 1.3568 8.9266e-16)
(0.57239 -0.0611382 -6.69623e-17)
(0.237932 -0.166735 0)
(-3.24305 -0.954894 3.69514e-16)
(0.577606 -0.222853 3.14477e-16)
(0.294919 0.964629 0)
(-0.738494 0.40005 -4.4451e-16)
(1.02355 -0.0932451 6.11398e-20)
(-0.269218 -1.69204 2.11849e-16)
(0.213938 -0.176964 0)
(-0.412142 -1.66408 0)
(0.594941 0.08814 -2.47617e-16)
(0.23038 -0.459967 -3.8827e-17)
(0.144646 -0.196154 -4.28249e-16)
(0.139788 2.79729 0)
(-0.302364 -1.81869 -1.29097e-16)
(1.89272 -0.295249 8.20353e-18)
(0.158689 2.3571 -2.18553e-16)
(1.30001 1.72326 1.01751e-16)
(0.0219335 2.34239 1.25257e-16)
(0.0330649 1.35153 0)
(-0.731426 0.445054 6.45858e-17)
(-0.171308 1.65806 -1.12385e-16)
(0.128776 2.85029 -5.04444e-17)
(0.54166 -0.148297 5.20233e-16)
(0.210672 -0.162207 0)
(0.0268062 1.92959 -6.17609e-17)
(0.0304706 1.43497 -3.63642e-17)
(-1.70669 -1.76262 3.9966e-16)
(0.46419 1.18712 -3.66148e-16)
(-0.0379159 1.92132 -6.1401e-17)
(0.342093 -0.490706 8.7107e-17)
(-1.08881 0.367879 2.51185e-17)
(-0.153456 -0.129485 -3.00393e-21)
(0.488428 0.957247 -2.07886e-17)
(0.0931219 1.88891 -1.74755e-16)
(0.401792 0.0135378 2.46404e-19)
(0.645005 -0.519848 0)
(-2.16769 -0.53852 4.86914e-17)
(0.177691 1.49151 -1.33702e-16)
(0.889975 -0.154838 2.69973e-16)
(-0.624633 0.526047 -3.61995e-16)
(0.180566 2.0977 1.88858e-16)
(-1.08402 -1.29644 -1.70154e-16)
(-0.425112 -1.59067 -3.21202e-16)
(1.76831 1.50885 -1.25172e-16)
(-0.403118 -1.66478 -1.26198e-16)
(0.168476 0.502383 0)
(-0.846215 0.177924 -1.93739e-17)
(0.270008 -0.0735813 1.75321e-17)
(0.503016 -0.223157 2.00612e-16)
(0.564388 -1.42689 6.40843e-17)
(-1.59181 -0.691945 -5.03899e-16)
(0.082874 -0.545129 -7.50667e-17)
(-0.474787 1.18924 0)
(0.92714 0.73358 -1.60394e-16)
(0.302979 0.67156 7.25531e-17)
(0.0586998 -0.321757 -4.20463e-20)
(-0.481848 1.42693 -1.41957e-16)
(0.733343 0.87618 8.29483e-17)
(0.308666 -0.192099 1.71636e-16)
(1.18876 0.272964 -5.15601e-16)
(0.583484 0.031035 -1.10597e-16)
(-0.227456 -0.406121 -7.3572e-17)
(1.02202 0.375167 1.61244e-19)
(0.410538 2.23877 0)
(0.282152 0.511107 2.89295e-17)
(-0.316799 0.161256 -1.02918e-16)
(0.690102 0.402454 0)
(0.00854482 2.01344 0)
(0.100833 0.468036 0)
(0.702066 -0.253172 0)
(1.56924 1.28914 -7.04078e-17)
(0.289765 0.264206 -4.90937e-16)
(0.643759 -0.0400384 2.95821e-16)
(-2.80379 -2.14848 -1.70843e-16)
(0.036216 0.884112 5.34136e-16)
(-0.967803 -0.0313825 0)
(0.615288 0.0646845 0)
(1.44099 -0.31834 2.67507e-16)
(1.45599 0.601556 0)
(-0.0895404 -0.534787 -5.93268e-17)
(0.516259 -1.63692 -2.00264e-16)
(0.58555 1.20355 4.61923e-16)
(-0.374925 -0.178913 -6.2915e-17)
(1.18825 0.236159 1.7238e-16)
(-0.446166 -0.13096 -1.12394e-17)
(0.17107 2.2279 1.40008e-16)
(-0.216168 2.49625 -2.57355e-16)
(0.134258 2.61121 -7.62392e-18)
(-0.00054417 0.473225 9.7035e-17)
(2.64713 0.394554 0)
(-2.73469 -2.10793 0)
(0.0277175 0.670505 0)
(1.16659 -0.204241 3.47312e-16)
(-1.03209 -0.149087 1.45914e-16)
(-0.24511 0.827953 0)
(0.47082 2.31071 0)
(-0.0128699 -0.2843 0)
(0.885187 2.14961 1.02231e-16)
(0.176977 1.49508 -8.84169e-17)
(1.58376 1.48036 -1.13429e-16)
(-1.08056 0.97043 -1.66824e-16)
(0.375061 0.00893569 0)
(0.0316292 1.90299 0)
(0.248243 -0.173623 -3.89147e-17)
(0.124844 1.20329 -2.24154e-16)
(0.536291 -0.452966 -7.63233e-17)
(-1.02968 1.14133 4.93531e-16)
(0.272821 -0.0140247 -3.02535e-17)
(0.193193 -0.51001 1.15347e-17)
(1.94613 1.75726 -1.23934e-16)
(-0.0646665 3.06563 0)
(0.142121 1.98157 -4.91491e-17)
(-0.00693799 1.43309 1.05521e-19)
(0.603385 -0.0294569 1.25042e-16)
(0.772272 1.72582 6.12475e-19)
(0.930403 0.0355208 -2.74805e-16)
(-0.468029 1.11724 1.58018e-16)
(0.056479 -0.142677 -4.44075e-20)
(-1.2582 -0.699674 1.45531e-16)
(0.0888395 -0.0949472 2.0263e-16)
(-0.640483 0.824336 3.13217e-16)
(0.228732 1.59199 4.74252e-16)
(1.93871 0.0068056 -1.96815e-16)
(1.78109 2.48014 -2.14829e-16)
(0.443411 -0.216015 -5.86227e-16)
(0.369562 0.737656 -1.14893e-17)
(-0.321816 -0.0817502 3.29161e-16)
(-0.157897 -0.580173 4.70337e-16)
(0.134988 1.69646 -3.25792e-16)
(0.206234 2.15244 1.62337e-16)
(-1.44251 -1.1118 1.94574e-16)
(0.278265 -0.326742 6.99495e-17)
(-1.2142 0.257294 -2.33287e-16)
(0.0641609 0.908929 -6.50952e-16)
(0.57255 0.0495872 8.03328e-17)
(0.391804 -0.144061 2.84228e-16)
(1.4489 0.0289217 1.51863e-16)
(-0.842865 -0.21568 -3.49691e-16)
(0.107591 2.09384 1.5619e-16)
(0.155775 2.72643 0)
(0.226152 0.362515 1.12424e-19)
(0.02634 1.38657 -1.95334e-17)
(1.49258 -0.346184 5.23022e-16)
(-1.66627 -0.431386 -1.68248e-16)
(1.0823 -0.108664 1.42856e-16)
(0.53852 -0.0264296 2.84003e-18)
(-0.106516 -0.192948 5.67554e-17)
(1.32133 0.154868 0)
(-0.605906 -0.137787 1.89084e-16)
(1.22104 1.41659 -3.34106e-16)
(0.0827556 1.19827 7.77994e-17)
(1.48668 1.1594 0)
(1.5429 -0.124344 -4.06555e-16)
(-1.24199 -0.393037 3.30573e-16)
(0.176733 0.318655 3.05154e-16)
(0.384487 -0.407393 4.35452e-17)
(-0.268621 0.866981 1.38718e-16)
(0.166748 -0.268178 0)
(0.608869 0.1785 0)
(0.583267 -0.509057 -8.72632e-17)
(-1.3652 0.147912 1.97418e-17)
(0.0181603 1.7093 -1.10585e-16)
(1.08835 -0.0994989 -4.13352e-16)
(0.699305 -0.0314515 0)
(0.129518 2.92862 0)
(-0.270881 -0.383766 1.93913e-17)
(0.062792 -0.319815 -4.41531e-17)
(-0.646899 -0.294381 8.87189e-17)
(0.0158114 -0.245168 0)
(0.137 -0.124116 -3.49881e-16)
(-0.850689 0.575561 4.28629e-16)
(0.678954 -0.881295 2.25168e-17)
(-0.892205 0.365738 3.45227e-17)
(0.620159 -0.0752398 -1.54387e-16)
(0.764136 -0.374537 1.66359e-16)
(1.16505 0.136686 -1.04121e-16)
(1.5702 1.53225 -3.09032e-16)
(1.03061 0.325474 -2.04632e-16)
(-0.409826 -0.0121849 2.00758e-16)
(1.20127 -0.172857 -5.93339e-17)
(1.54699 0.790266 1.31336e-16)
(1.04729 0.223001 1.25876e-16)
(0.550351 -0.214521 3.69297e-20)
(0.342787 1.02679 2.23804e-16)
(0.119331 0.63949 -1.83574e-18)
(0.189154 1.62723 -4.09763e-17)
(1.73593 0.576824 -6.38032e-17)
(0.534553 -0.107122 6.92709e-17)
(1.22818 0.279031 -9.77109e-17)
(2.07249 -0.0488879 6.09997e-17)
(-0.17778 2.40243 0)
(0.91074 0.154627 2.80087e-16)
(0.029326 0.144911 -1.99101e-16)
(0.592003 -0.23274 1.39269e-16)
(0.540486 0.0400264 6.27193e-16)
(0.543436 0.726182 1.04832e-16)
(-0.611622 0.386494 -2.73172e-17)
(0.100828 1.80228 -1.66949e-16)
(0.666701 -0.0270085 4.99542e-17)
(2.10375 1.23762 -3.19372e-18)
(3.52346 0.361188 0)
(-1.42684 -1.55877 2.0515e-16)
(0.629079 -0.745714 9.02221e-17)
(-1.16987 0.250723 2.78204e-17)
(0.0273445 1.35791 -3.39622e-16)
(0.628986 0.00157004 -6.30531e-16)
(0.960976 0.214974 0)
(0.203064 1.88962 9.85549e-17)
(0.900859 0.18198 -1.31021e-16)
(0.119734 0.759413 -2.86906e-17)
(0.0868566 1.78176 0)
(0.197804 2.71507 -5.49475e-17)
(0.607871 -0.255145 -1.30718e-16)
(0.0296236 3.12394 -1.06953e-16)
(0.277573 1.19759 -1.42097e-16)
(0.484889 -0.189264 -2.69488e-16)
(-0.709931 2.25203 5.11841e-17)
(-1.3679 -1.75203 1.25389e-16)
(0.522443 1.02728 0)
(-3.98186 -0.324886 -1.18137e-16)
(0.419951 0.719181 2.76705e-16)
(-0.743042 0.367032 1.6923e-16)
(0.160123 1.70262 -3.56057e-16)
(2.01385 0.0121862 7.31827e-17)
(0.415167 1.91463 -5.39164e-16)
(0.532263 1.65976 -5.69811e-16)
(0.13766 0.518874 -1.00823e-17)
(0.41013 0.483928 2.00162e-16)
(-0.766081 0.124362 1.96615e-16)
(0.077192 3.06782 0)
(0.129515 2.49848 1.24074e-17)
(-0.2706 0.326019 3.94686e-17)
(0.103424 1.25036 4.18362e-17)
(-0.0416404 3.09923 -5.29214e-17)
(0.139033 2.71344 0)
(-0.271817 1.72927 1.97773e-16)
(0.0610157 1.39423 -1.33545e-16)
(0.652293 -0.49789 0)
(-0.468626 1.50211 -9.31463e-17)
(0.0618493 3.04141 3.50131e-16)
(3.3038 0.218088 0)
(0.133485 0.229617 0)
(0.207376 1.60735 0)
(0.262724 2.00625 1.51091e-16)
(0.913536 -0.229613 9.94457e-17)
(1.47262 0.271711 -1.24258e-19)
(1.70199 0.32405 -6.03078e-17)
(1.72519 0.238108 1.91598e-16)
(-0.0834504 -0.440133 -1.7623e-16)
(0.0261536 1.54029 6.22465e-16)
(0.585685 -0.0200781 5.39989e-16)
(0.360917 -0.295622 -6.01855e-17)
(-1.2537 -0.21492 -1.49023e-16)
(-1.59531 -0.690175 -1.56094e-16)
(0.0964864 1.70528 -1.16925e-16)
(0.878775 0.279935 3.64657e-17)
(-1.43177 -0.369767 1.42476e-16)
(0.878988 -0.349012 6.27966e-17)
(-1.6529 -0.458626 0)
(-2.79294 -0.103534 2.13415e-16)
(-3.49961 -0.591991 -5.50832e-16)
(0.213872 -0.344473 6.04267e-17)
(-0.0431095 0.00609942 0)
(-0.371021 0.383199 0)
(0.813449 0.651839 1.99599e-16)
)
;

boundaryField
{
    frontAndBack
    {
        type            empty;
    }
    wallOuter
    {
        type            noSlip;
    }
    inlet
    {
        type            fixedValue;
        value           nonuniform 0();
    }
    outlet
    {
        type            zeroGradient;
    }
    wallInner
    {
        type            noSlip;
    }
    procBoundary2to0
    {
        type            processor;
        value           nonuniform List<vector> 
42
(
(-4.13543 -2.70907 5.12925e-19)
(-4.13543 -2.70907 5.12925e-19)
(-0.271446 1.33462 -1.93906e-16)
(-0.0676133 2.19479 1.332e-16)
(-0.812953 0.962612 0)
(-4.29187 -2.61381 8.30242e-17)
(-0.400048 0.901947 3.98153e-16)
(-0.400048 0.901947 3.98153e-16)
(-0.610105 0.708822 -1.41483e-16)
(-0.423707 0.476354 1.69405e-16)
(-1.38331 1.06581 -1.31833e-16)
(-1.38331 1.06581 -1.31833e-16)
(-1.07423 1.08456 2.05682e-16)
(-1.86897 0.520398 -7.06813e-17)
(-2.40795 -0.226914 6.97098e-17)
(-4.20974 -2.31379 4.28561e-17)
(-2.54768 -1.09242 1.90929e-16)
(-0.405382 0.413347 -2.84071e-17)
(-0.490088 0.544389 2.15173e-19)
(-1.44369 -0.00353203 -2.07279e-18)
(-2.26663 -0.492057 1.80473e-16)
(-0.59733 0.239514 -1.52799e-16)
(-0.59733 0.239514 -1.52799e-16)
(-2.64862 -0.894067 -1.04574e-16)
(-2.26663 -0.492057 1.80473e-16)
(-0.41995 -0.342222 -2.8518e-16)
(-3.79969 -1.31077 0)
(-0.520045 -0.626039 3.72874e-18)
(-3.79969 -1.31077 0)
(-4.17843 -2.67693 -1.87442e-16)
(-3.38207 -1.91488 -3.21289e-16)
(-0.637939 -0.664803 -7.83777e-17)
(-0.76144 -0.48946 7.96075e-17)
(-0.847482 -0.259545 -7.99017e-17)
(-0.882891 -0.0534235 8.63274e-17)
(-0.0676133 2.19479 1.332e-16)
(-2.54768 -1.09242 1.90929e-16)
(-0.0159587 2.37326 -8.77075e-17)
(-3.85914 -1.75799 -3.22722e-17)
(-0.649743 0.424266 1.70801e-16)
(-0.649743 0.424266 1.70801e-16)
(-0.823186 0.168948 -1.17856e-16)
)
;
    }
    procBoundary2to1
    {
        type            processor;
        value           uniform (-2.31892 -0.108825 3.93084e-16);
    }
    procBoundary2to3
    {
        type            processor;
        value           nonuniform List<vector> 
29
(
(-0.959874 -0.757144 -3.17445e-16)
(-0.793855 -1.12071 1.2408e-16)
(-0.484934 0.278983 -9.17946e-17)
(1.75806 0.133417 -2.06862e-16)
(-4.11953 -0.326721 -1.58397e-16)
(-1.07633 -0.161276 -8.56171e-17)
(-1.15396 0.134031 1.18023e-16)
(-0.881476 -0.788356 7.00407e-17)
(0.336444 0.686652 -4.35679e-16)
(1.04563 0.479241 2.36706e-16)
(-1.15037 -0.525165 9.25582e-17)
(-5.60174 -0.56716 -1.77752e-16)
(-1.01016 -0.290714 -1.84421e-16)
(2.23102 0.290829 -1.57311e-16)
(3.65812 0.269945 -1.15416e-17)
(-0.386387 0.198471 -9.24765e-17)
(-0.70145 0.972562 -8.946e-17)
(-0.70145 0.972562 -8.946e-17)
(-0.793855 -1.12071 1.2408e-16)
(2.23102 0.290829 -1.57311e-16)
(3.67718 0.385111 -3.12295e-17)
(-1.10584 0.928624 3.51154e-16)
(3.09974 -0.0073774 5.36573e-18)
(0.149381 0.864349 -2.22092e-16)
(3.46238 0.127657 3.82094e-17)
(-1.15303 0.707014 9.35234e-20)
(0.336444 0.686652 -4.35679e-16)
(-3.63607 -0.15957 4.05893e-17)
(-5.60174 -0.56716 -1.77752e-16)
)
;
    }
}


// ************************************************************************* //
