/*--------------------------------*- C++ -*----------------------------------*\
| =========                 |                                                 |
| \\      /  F ield         | OpenFOAM: The Open Source CFD Toolbox           |
|  \\    /   O peration     | Version:  v1912                                 |
|   \\  /    A nd           | Website:  www.openfoam.com                      |
|    \\/     M anipulation  |                                                 |
\*---------------------------------------------------------------------------*/
FoamFile
{
    version     2.0;
    format      ascii;
    class       volVectorField;
    location    "0.8";
    object      U;
}
// * * * * * * * * * * * * * * * * * * * * * * * * * * * * * * * * * * * * * //

dimensions      [0 1 -1 0 0 0 0];


internalField   nonuniform List<vector> 
1431
(
(0.0981837 -0.351105 -3.30936e-17)
(-0.168833 -1.27448 -1.31313e-16)
(5.84841 0.850948 9.77037e-17)
(-2.95904 1.79027 -4.57484e-17)
(-0.0130177 -0.906319 -1.57145e-16)
(3.0776 -0.100482 2.45613e-16)
(-0.929391 0.157173 -2.09044e-16)
(9.7776 0.593345 -2.14355e-16)
(0.041178 3.32011 0)
(0.0553565 2.61365 -1.01015e-16)
(0.331251 2.78705 0)
(0.633628 -0.187346 6.85629e-17)
(-0.349867 -0.0371093 0)
(9.15187 0.474266 1.87882e-18)
(0.233556 0.768457 -2.35575e-16)
(-0.164068 3.67624 0)
(0.363719 2.29217 -2.94942e-16)
(1.75583 0.139037 0)
(0.417448 -0.183278 1.35476e-16)
(0.489288 2.87727 3.59741e-17)
(0.113454 -0.994351 -1.85759e-17)
(0.0722591 1.57727 -1.93637e-19)
(2.17448 1.0902 -4.55812e-17)
(8.87618 0.524118 -3.04123e-17)
(1.70463 3.20764 -1.22312e-16)
(0.67882 2.89177 -9.78887e-17)
(-1.50202 4.67837 1.13916e-16)
(9.39852 0.425526 -2.38691e-20)
(10.8492 0.595917 5.97976e-18)
(1.88814 -0.419015 -4.56799e-16)
(7.77148 0.282819 2.31688e-16)
(7.25777 -0.176715 -1.72464e-16)
(-1.84333 0.411553 -1.13402e-16)
(-0.916511 0.132004 0)
(-1.01321 0.261119 1.0267e-16)
(1.9535 8.66661 1.22621e-16)
(0.66761 1.09471 1.1111e-16)
(9.75729 -0.0104795 0)
(0.897528 0.0945119 -1.79026e-16)
(9.67506 -0.00600823 0)
(5.19737 0.122625 1.29988e-16)
(-0.758967 -0.273443 -7.26961e-17)
(-0.858043 0.277695 0)
(-1.02524 0.437406 -6.83454e-17)
(-1.05594 0.731449 1.50123e-16)
(0.711908 -0.828243 -3.9148e-16)
(1.44654 4.59558 2.149e-16)
(7.30553 1.1868 -5.69263e-17)
(9.01791 0.520005 1.56924e-16)
(9.5187 0.0894885 3.5882e-17)
(1.97367 -0.0962375 -8.17652e-17)
(0.0562614 3.3336 9.79954e-17)
(0.291384 4.6502 4.76594e-17)
(-0.495731 0.261803 -1.81501e-17)
(-0.694127 0.486137 -1.41298e-16)
(8.08516 1.70236 0)
(0.104856 3.26378 6.02659e-17)
(0.2632 4.40977 -2.05437e-16)
(-0.487455 6.27931 0)
(0.0308815 -0.913212 -7.45135e-16)
(0.703581 1.96876 0)
(0.810339 0.985351 -1.58212e-16)
(1.35484 7.52024 -1.36558e-16)
(10.5944 0.119197 0)
(10.0252 0.298481 -1.79175e-17)
(1.99932 0.0774287 0)
(6.3841 0.392837 0)
(3.04772 -0.14661 0)
(0.540788 -0.649531 1.47793e-16)
(10.779 0.086447 0)
(-0.664668 0.191829 9.1765e-17)
(-0.564412 0.261765 -9.86966e-17)
(-0.0268653 0.763908 0)
(2.62499 -0.0497858 -2.66789e-16)
(-0.139014 1.25276 3.06382e-20)
(-0.963802 0.315233 2.74664e-16)
(0.063827 -0.891552 5.4104e-17)
(3.71661 0.70065 3.12265e-16)
(10.0051 0.161468 1.27463e-17)
(0.943904 -3.0445 -2.09744e-17)
(9.95376 0.09738 -2.48736e-16)
(2.01389 0.0938339 -2.03962e-18)
(-0.101085 0.336029 2.48652e-16)
(1.24525 0.356899 -8.15991e-17)
(-2.7794 1.36587 4.62408e-17)
(-0.0294934 -0.94737 -5.28606e-16)
(0.0614195 -0.898753 -1.11831e-16)
(-0.347869 0.406627 1.87514e-16)
(8.5276 0.568156 9.14017e-17)
(1.00063 2.45204 -4.76534e-17)
(1.48548 0.159831 1.82146e-16)
(-0.957698 0.49556 2.78284e-16)
(-0.0355206 -0.881878 0)
(9.81976 0.0302475 0)
(1.53201 0.0729771 2.13051e-18)
(0.0610085 -1.06947 2.89804e-20)
(-0.156512 1.10025 -3.47344e-21)
(10.3829 0.524563 3.23454e-18)
(0.25011 -0.875241 2.21951e-16)
(8.95991 0.487803 -4.41648e-16)
(0.494397 -0.462279 -1.51622e-16)
(9.91991 0.162893 -6.59019e-17)
(0.811659 0.352387 0)
(0.0311336 -0.911968 4.1949e-20)
(-0.757185 2.05614 1.82283e-16)
(-0.460173 0.395732 8.57666e-17)
(10.0333 0.0636424 -1.0391e-16)
(4.87351 -0.0292155 7.47292e-17)
(7.04701 0.029012 9.4273e-17)
(0.00236573 -0.907939 8.41072e-17)
(-0.777463 -2.5546 1.82916e-16)
(1.32196 -0.0133519 -7.28811e-17)
(9.72498 0.813561 0)
(1.45027 1.66431 -1.40764e-16)
(-0.279287 2.23301 0)
(0.0774708 -0.986723 0)
(1.39534 0.129226 0)
(0.303292 -0.127353 -1.2065e-21)
(8.08458 0.588606 -6.2733e-17)
(-1.59465 0.681333 -1.51116e-16)
(9.94506 0.255712 -1.98583e-17)
(0.23161 5.1911 -1.29682e-16)
(0.0692532 3.6002 -4.32729e-16)
(8.93016 0.813792 -1.16383e-16)
(10.1315 0.167077 0)
(0.236141 0.185622 -1.12908e-16)
(7.56128 0.579751 1.65467e-17)
(-0.153326 0.698577 6.99758e-17)
(0.292971 -0.755497 9.6621e-17)
(10.6543 0.423812 -7.20698e-17)
(0.592204 -0.0553027 -1.42425e-16)
(4.31519 -0.150245 2.44617e-16)
(7.26253 0.289602 0)
(1.46732 0.97552 -1.60634e-16)
(-0.11629 -0.925338 -1.11633e-17)
(-1.96804 0.968812 -2.8557e-16)
(0.0247915 0.783013 0)
(0.945421 -0.0724656 1.27549e-16)
(0.988594 -0.231267 4.86113e-17)
(3.53811 -0.0721879 -4.00282e-16)
(0.169108 2.81362 0)
(-0.278351 -0.762896 3.32596e-17)
(10.5404 0.0563877 -7.5017e-18)
(8.98643 0.374624 -2.02136e-17)
(8.68068 0.160094 0)
(11.3938 0.282195 4.35799e-17)
(10.3682 0.350118 3.36604e-17)
(4.65727 -0.057119 0)
(0.145204 0.889468 -1.26654e-16)
(9.37078 0.914791 -5.18853e-17)
(10.8775 0.0434543 7.81362e-17)
(9.94072 0.415774 -1.55322e-17)
(-0.172266 -1.02477 -1.80013e-16)
(-0.0597489 0.00451278 1.12183e-16)
(0.434367 0.277092 1.70158e-16)
(-0.224976 0.510519 -4.58443e-17)
(10.0979 0.10967 8.58864e-17)
(1.82329 1.4179 -3.43725e-16)
(9.61994 0.918879 0)
(9.50697 1.13649 -9.58223e-17)
(1.88211 0.11389 -3.07773e-20)
(0.3218 1.7817 3.7179e-17)
(0.502413 -0.0817647 0)
(-0.138979 0.896191 -4.46592e-17)
(0.227554 -1.03884 -2.38189e-16)
(-0.954878 -0.343945 -1.88122e-16)
(0.0272402 -1.00067 -1.21537e-16)
(9.87651 0.102282 0)
(1.91728 -0.256655 3.75174e-16)
(1.03843 0.911568 -1.55334e-16)
(9.77713 0.902452 -1.34117e-17)
(0.0707922 2.33773 2.66726e-17)
(8.62637 0.555711 -1.14092e-16)
(11.07 0.0488796 0)
(10.5243 0.0373244 1.42279e-17)
(0.737544 -0.584898 0)
(0.784519 0.124117 9.70853e-17)
(9.37676 0.613853 -1.76479e-17)
(1.69324 -0.500921 2.91126e-16)
(9.53275 1.07111 9.80941e-17)
(9.75255 0.300572 4.08531e-17)
(0.503206 0.740186 1.12011e-16)
(8.89439 1.6945 0)
(1.36048 2.16377 2.76255e-16)
(11.2586 0.114993 9.53522e-17)
(9.91488 1.07891 -1.33761e-17)
(9.87668 0.68012 1.01517e-16)
(-2.77199 4.4272 -1.31338e-16)
(0.807777 2.66754 1.37691e-16)
(10.2831 0.105032 -2.27115e-20)
(0.981968 -1.38064 -3.39977e-19)
(0.616541 2.27765 -1.14732e-16)
(0.114226 -1.05324 -3.41791e-16)
(10.0778 0.0420123 -6.28059e-17)
(-0.275031 2.39698 3.63568e-20)
(10.0892 0.413271 3.94416e-17)
(10.0346 0.0837537 0)
(7.36241 2.10982 -1.05138e-16)
(0.223754 0.386118 0)
(0.0561037 0.240585 0)
(-0.0413565 0.2276 -2.09989e-16)
(2.85339 2.60711 -2.7713e-16)
(9.37533 1.01741 -2.70712e-17)
(3.83089 0.131241 -4.51164e-16)
(10.0533 0.0511837 3.4529e-17)
(-2.43932 2.47943 -2.93572e-16)
(-0.0103304 -1.01637 9.26045e-16)
(9.79691 0.213733 2.45466e-17)
(-0.047276 1.45693 1.5196e-17)
(9.27496 0.248581 0)
(10.1425 0.0660677 7.79031e-18)
(9.95063 0.324998 6.16932e-17)
(8.13873 0.66374 1.35611e-17)
(9.87282 0.195909 2.35848e-17)
(0.228245 1.38993 0)
(0.224887 1.21285 3.59473e-16)
(9.50891 1.01489 0)
(1.00823 -1.36172 0)
(-0.198531 -0.701575 0)
(10.1236 0.233954 -6.16446e-17)
(9.89529 0.166875 0)
(0.174451 1.12907 1.43631e-16)
(11.1385 0.0290007 -1.25399e-16)
(4.45061 1.2516 -7.30728e-17)
(10.7277 0.351011 0)
(9.4004 0.920209 0)
(9.48898 0.928389 -7.19011e-17)
(1.59692 1.68058 0)
(10.5859 0.616588 0)
(7.82411 0.225968 -7.09379e-17)
(-0.0331484 -0.886145 0)
(-2.32016 1.82859 3.39934e-16)
(10.6386 0.0854761 6.41435e-20)
(9.91938 0.473903 -1.85204e-16)
(9.80667 0.413047 8.51773e-17)
(9.833 0.367888 4.79658e-17)
(10.5037 0.242503 -2.5879e-17)
(0.297683 -0.396696 2.26355e-16)
(9.86456 0.10737 0)
(-0.301605 -0.291009 2.03212e-16)
(9.55535 0.193192 -3.13505e-17)
(9.45228 1.10509 8.12766e-17)
(0.157932 2.15566 -2.2642e-16)
(0.924225 4.38759 -2.82057e-16)
(-0.260118 0.450427 3.1306e-20)
(-0.274866 0.336004 2.28158e-20)
(10.5415 0.271871 -1.74531e-16)
(-1.2977 0.123035 0)
(-1.06417 0.0827374 0)
(10.0806 0.872555 0)
(10.1158 0.937632 -9.22749e-17)
(0.118151 2.66161 0)
(0.0233941 2.36307 1.03124e-16)
(6.41617 3.18927 2.06106e-17)
(1.29711 5.41789 -1.58549e-16)
(8.20149 0.0517878 -4.37907e-17)
(1.08947 0.00710548 1.80524e-17)
(-0.267154 -0.458932 2.50394e-19)
(8.34341 0.00370748 6.69747e-20)
(8.29398 0.0185288 8.49611e-17)
(8.16457 0.0694269 8.41787e-17)
(-0.26427 0.253519 3.35713e-17)
(0.336691 -0.998194 4.43017e-16)
(0.34029 2.97964 -4.29782e-17)
(9.79296 0.304085 -7.49424e-17)
(10.6976 0.522551 6.63796e-18)
(8.21774 0.00741882 -7.87295e-17)
(9.94634 0.860355 0)
(8.48145 2.68025 2.73859e-17)
(0.298438 2.16915 -1.47895e-17)
(9.848 0.997046 0)
(9.19699 0.718527 2.99654e-16)
(10.2556 0.813103 2.68656e-17)
(10.3001 0.712253 0)
(8.11947 0.0795536 -5.20811e-17)
(10.0397 0.61998 1.05332e-18)
(1.21009 0.42716 -1.11098e-16)
(0.854189 -0.4413 3.28755e-20)
(0.952293 -0.0937367 -3.78532e-17)
(0.0593033 2.8732 1.69305e-16)
(-0.110433 4.12736 0)
(-0.281061 -0.0626652 -4.29603e-17)
(-0.230413 -0.799281 0)
(1.78676 0.877478 2.56601e-16)
(8.27962 -0.00820787 -4.3035e-17)
(-3.35109 3.22489 5.80878e-17)
(-0.0512674 -0.911362 1.14879e-16)
(9.21865 1.14942 5.05362e-17)
(10.2957 0.80486 2.01382e-19)
(9.67237 0.178727 6.54333e-17)
(11.1692 0.4344 1.49374e-16)
(9.58889 0.00857506 -5.86533e-17)
(9.45037 1.00997 0)
(1.52794 -0.962297 0)
(10.0767 1.01307 -4.29846e-17)
(9.49009 1.33048 4.60217e-18)
(0.179413 -1.00039 0)
(9.13155 2.01636 1.56933e-18)
(-0.377329 -0.69267 -1.87583e-16)
(9.55013 1.12487 2.76719e-17)
(9.67412 0.355195 2.79688e-17)
(9.30652 0.808874 7.20813e-17)
(-0.204986 0.0539649 0)
(8.05189 0.14095 0)
(1.38797 1.06998 -2.11077e-16)
(-0.498255 -1.03055 1.57871e-16)
(9.93788 0.123029 7.93542e-17)
(8.25087 0.0332344 -8.58842e-17)
(8.3036 0.00961268 -8.26651e-17)
(0.0877518 -0.0915215 1.90588e-16)
(9.68078 0.243472 -1.30752e-17)
(10.8147 0.207357 5.27874e-17)
(0.714095 -0.122715 -1.64623e-17)
(-0.02117 -0.748938 -1.81416e-17)
(-0.144394 -0.187728 -6.24799e-19)
(-0.466427 -1.13427 -1.52186e-16)
(0.0530828 2.99919 -4.6867e-17)
(-0.498776 0.297917 -8.18061e-17)
(9.83246 0.313189 -4.49089e-17)
(0.248457 -0.93092 -1.40708e-16)
(-0.51912 -0.74427 -2.50353e-16)
(0.184183 -0.906625 2.24558e-16)
(0.114624 3.41759 2.60613e-19)
(-0.539712 -0.115746 -2.79899e-20)
(0.270214 0.539819 -1.62268e-16)
(0.284492 -0.716723 -7.35792e-17)
(9.86245 0.0732283 1.70044e-16)
(0.392762 -0.536464 -6.55501e-17)
(7.87131 0.471845 0)
(9.78631 0.17381 -6.57742e-17)
(0.279407 -0.364157 -9.54797e-17)
(-0.487841 -0.14003 0)
(-0.0424645 -0.0344564 0)
(1.23192 -1.18344 1.80504e-16)
(10.3042 0.113394 0)
(0.128953 1.13535 -1.30928e-16)
(1.62037 -0.238255 -5.61389e-17)
(0.141888 -0.668568 0)
(1.62235 -0.0709805 -1.61856e-17)
(-0.358351 -0.086887 1.73664e-16)
(-0.017423 0.180936 0)
(9.84368 0.0894615 -7.66789e-17)
(0.297465 -0.419041 7.46597e-17)
(10.0701 0.211429 3.22924e-17)
(6.61817 3.491 -2.54473e-16)
(-0.406488 -0.0276123 1.83382e-16)
(10.5254 0.239718 1.40657e-17)
(0.114449 0.0102725 1.76733e-16)
(0.041799 0.0806483 -8.54828e-17)
(-0.574474 0.0440127 -7.45065e-17)
(-0.305156 0.134026 -1.25753e-16)
(0.0652422 0.011467 -4.55332e-16)
(0.207493 -0.0483923 0)
(0.875398 0.0293196 -1.49351e-16)
(-0.391759 0.0806768 0)
(-0.587012 0.176533 0)
(0.132003 -0.00591196 0)
(-0.489262 -0.01219 -3.67486e-16)
(0.74055 0.0242932 0)
(0.46958 0.0367529 4.7888e-16)
(1.08226 -0.0557677 -1.77055e-17)
(-0.246879 0.128124 1.38555e-16)
(0.917006 0.0327171 2.30295e-18)
(0.308168 -0.0231231 -8.92916e-17)
(-0.243622 0.0968171 2.65151e-16)
(0.0425632 0.033648 -1.74636e-16)
(1.03835 0.0312913 0)
(0.175994 0.103846 0)
(0.0493162 -0.28463 -2.46133e-17)
(0.491149 0.0413303 0)
(-0.283203 -1.3663 4.87463e-16)
(-0.0910189 -0.232668 1.40067e-16)
(0.286921 -0.93169 -1.27319e-16)
(10.0247 1.06494 4.99907e-17)
(1.51342 -0.982069 0)
(-0.700851 -1.68664 1.80873e-16)
(0.250273 -0.426918 9.05849e-17)
(9.82461 0.287935 3.0365e-17)
(10.0044 0.0323584 7.94362e-17)
(0.686301 0.0301456 5.97522e-16)
(-0.00184531 -0.0664552 2.85426e-17)
(-0.0855273 0.0635179 4.10505e-17)
(-0.439521 0.106358 -2.43918e-16)
(0.148992 -0.0168128 0)
(-0.0398181 0.136977 1.33084e-16)
(0.973944 0.0359757 0)
(0.361346 0.0571143 0)
(-0.48593 0.0278699 1.83503e-16)
(0.828723 0.0279039 1.41962e-16)
(0.244073 0.0275658 1.65566e-16)
(0.141298 -0.00171774 0)
(2.26345 5.05621 1.74453e-16)
(9.7685 1.04107 -2.71321e-17)
(9.98777 0.00112339 0)
(0.357198 -0.80131 1.53721e-19)
(0.342925 -0.146663 -1.71078e-16)
(0.125883 -0.408583 -1.59916e-16)
(9.96081 0.190506 0)
(0.379395 0.235408 0)
(10.4586 0.075515 0)
(0.492299 -0.00873947 -5.87861e-17)
(0.111496 -0.579039 1.61323e-16)
(10.0217 0.207583 2.67105e-17)
(1.63443 0.0183483 2.92327e-17)
(0.0187995 -0.582066 1.10284e-17)
(10.0461 0.830743 0)
(-0.485399 0.446325 1.12009e-16)
(8.8029 0.0187338 1.61106e-16)
(0.0871238 0.0250184 -3.24133e-17)
(0.397147 -0.100316 -1.32599e-16)
(9.72911 0.0780039 6.25416e-17)
(-0.0141618 -0.911411 0)
(0.478675 -0.0480748 -4.66988e-21)
(2.05638 7.60321 -3.80344e-16)
(8.85309 0.226064 -2.14126e-17)
(1.77835 4.54105 6.38896e-17)
(0.0991675 -0.745905 -1.40921e-16)
(0.341566 2.76033 1.98475e-16)
(-0.349029 0.375556 -2.23323e-17)
(0.100608 -0.228526 2.50253e-20)
(-0.521137 0.105705 4.66335e-17)
(0.316374 -0.166584 1.61692e-16)
(0.39124 0.454683 5.16065e-17)
(-0.0820957 -1.52309 -2.54067e-16)
(0.215232 -0.0589383 0)
(0.121125 -0.748196 1.39977e-16)
(-0.0690396 -1.75647 4.12304e-17)
(0.239908 -1.07642 1.01722e-17)
(-0.314449 0.650384 -1.12867e-16)
(0.0992358 -1.29706 -3.02457e-16)
(0.90345 0.687909 0)
(-0.0702963 -0.831866 -2.06398e-16)
(-0.199083 -0.729203 0)
(0.494881 -1.10521 2.45552e-16)
(-0.266774 0.145176 -9.64589e-18)
(0.137947 -0.983348 0)
(0.376357 -0.213669 -2.27929e-16)
(0.381472 -1.36436 2.5117e-18)
(0.0223403 -1.69923 5.41488e-16)
(-0.225888 0.163613 1.99818e-16)
(-0.280673 0.288514 -1.09167e-18)
(0.219092 3.30876 -3.71228e-17)
(0.54835 -1.35179 0)
(0.481075 -1.55352 4.75919e-17)
(-0.173267 -0.0361668 0)
(0.514258 -0.189372 9.38685e-18)
(0.406773 -0.0466982 -5.06601e-18)
(0.0167404 -0.921238 -1.22206e-16)
(0.490601 -0.644393 0)
(0.357842 -0.823666 1.55852e-16)
(0.494601 -0.804532 -1.03169e-16)
(0.457632 0.0681855 3.84587e-16)
(0.44984 -0.265278 -1.55617e-16)
(0.348713 0.509927 -1.33812e-16)
(0.240801 -0.311533 8.56463e-17)
(0.314114 0.429071 -1.96318e-16)
(0.458032 -0.0308516 -2.81506e-16)
(0.506126 -0.2277 -6.38342e-18)
(0.393511 0.189861 0)
(-0.271856 0.325467 0)
(2.61892 2.2644 2.76142e-16)
(0.426842 -0.653541 0)
(0.190536 0.201372 0)
(1.2151 0.52616 -2.10043e-16)
(-0.310109 0.47199 2.04926e-16)
(-0.394482 0.532632 -4.4854e-16)
(0.199395 0.12525 -1.6946e-16)
(1.66723 3.01023 1.046e-16)
(0.160277 0.341276 -2.51092e-16)
(-0.319014 0.478834 -5.8302e-16)
(1.65817 5.16424 1.57667e-16)
(2.16889 0.115678 0)
(8.09246 0.0916213 -1.49929e-17)
(1.0614 7.07232 -5.61177e-17)
(0.00100608 0.624494 3.21946e-16)
(-0.381255 0.416774 -1.90632e-16)
(2.30754 7.28348 -2.64126e-16)
(2.08491 7.97487 2.38755e-16)
(0.980851 4.20421 1.61024e-16)
(-0.0781775 0.10471 0)
(0.0602775 -0.149654 -5.22644e-17)
(2.13905 0.120529 0)
(0.681766 8.46065 -4.61661e-17)
(9.97157 0.354557 -1.76644e-17)
(8.779 0.142549 -3.12307e-17)
(-0.00701544 0.831622 -1.68994e-16)
(1.05677 1.21141 -1.36283e-16)
(0.407501 0.325779 1.28034e-16)
(0.523415 -0.476774 -1.03114e-16)
(0.0626151 -0.0502609 0)
(-0.131754 0.0682864 -1.30331e-17)
(0.149667 -0.142081 0)
(-0.411444 0.263627 2.30644e-17)
(2.03152 6.85596 5.51382e-17)
(0.0145182 0.0277815 0)
(2.10104 0.114961 0)
(-0.529965 4.09171 0)
(0.495873 -1.70843 3.95532e-17)
(9.92967 0.153708 -1.31744e-17)
(0.341183 -1.793 0)
(0.691184 1.43158 -1.13219e-18)
(-1.21599 5.69274 1.27647e-17)
(0.177055 -1.19129 -1.92891e-20)
(0.145867 -1.20341 0)
(0.0681347 -1.51632 1.80063e-16)
(0.385022 -1.06067 0)
(-0.390725 0.292761 -3.33539e-21)
(0.412733 0.390083 -6.80115e-17)
(0.361629 -0.588404 -4.41323e-17)
(0.156189 3.57327 -6.98099e-17)
(0.0676742 3.63317 0)
(0.176482 -0.905474 3.46712e-17)
(9.71222 1.16828 0)
(-0.21501 -0.403229 4.09639e-17)
(10.5242 0.117999 -9.14927e-17)
(0.504095 -0.814799 0)
(1.44401 6.17273 -3.6234e-16)
(-0.746934 5.04199 7.31936e-18)
(0.208925 -0.352274 4.71559e-17)
(-0.52321 0.510145 0)
(0.638775 -1.25941 -5.30493e-21)
(0.0760934 -1.53098 -1.25263e-16)
(0.597718 -1.56629 5.94981e-17)
(-0.116895 0.0906762 -1.75105e-16)
(1.67248 0.0389985 1.0185e-18)
(0.372589 -0.341262 0)
(-0.279571 -0.734721 1.43617e-16)
(0.476474 -0.632903 0)
(0.237645 -1.58246 3.96923e-17)
(0.372307 -1.6818 -1.00122e-16)
(8.74619 0.179052 4.30027e-17)
(8.0164 0.162262 -1.2457e-16)
(0.103405 -1.84 5.01049e-17)
(0.410837 -1.59986 -1.57146e-17)
(0.513052 -0.243799 1.99144e-17)
(0.363429 -0.498888 -4.20093e-17)
(0.0530177 -0.771284 3.69323e-17)
(0.259613 -1.78474 0)
(0.593553 -0.394684 3.73202e-16)
(3.0074 3.96411 0)
(0.129531 -1.26101 -1.1785e-16)
(0.724162 2.50789 1.72735e-16)
(0.0970602 -0.677876 1.4819e-16)
(0.233495 2.0073 0)
(-0.0923334 -0.0870793 4.58659e-17)
(0.334239 0.679714 5.36141e-17)
(0.274221 -1.50943 2.48264e-17)
(9.80399 0.097155 0)
(0.475044 0.0462874 0)
(-0.445645 0.129144 2.84649e-22)
(0.210879 -1.82909 -4.28845e-17)
(-0.0840576 0.0137656 2.22809e-16)
(8.20992 -0.0478795 4.15848e-17)
(0.456817 -0.437451 7.82543e-17)
(-0.0135758 0.1649 3.52512e-17)
(-0.14491 -0.651419 -5.37424e-17)
(-0.0123406 -0.0994519 -7.61909e-17)
(0.238218 -0.436717 -1.63962e-16)
(8.1214 -0.0440887 -4.9506e-19)
(9.32461 1.16628 4.50201e-17)
(0.555978 -0.584062 -3.5664e-16)
(0.0202134 -1.84188 0)
(-0.13448 0.880008 0)
(0.855887 3.93987 6.38076e-16)
(-2.2074 0.44508 -1.15095e-16)
(-0.293176 -0.160611 -4.90688e-16)
(0.653945 -0.316519 0)
(9.7109 0.92255 1.27597e-16)
(1.11024 0.857897 0)
(0.0736992 -1.64128 1.18797e-16)
(0.188046 -0.0281833 -6.31373e-16)
(0.330805 0.5067 1.78928e-16)
(1.94614 2.30209 0)
(0.324954 0.594141 9.63223e-18)
(1.528 6.83174 0)
(1.93486 1.06858 2.06651e-16)
(0.610225 -0.239871 1.23298e-16)
(1.67492 -0.789658 1.0151e-16)
(-0.00798912 -1.77917 -1.20187e-16)
(8.86986 2.33827 -2.81959e-17)
(2.06328 0.077927 -4.07957e-18)
(9.8043 0.0773259 2.15578e-16)
(-0.237395 -0.703791 0)
(0.172348 -0.937438 1.70033e-20)
(-1.00417 0.104343 -2.36487e-17)
(0.164403 -1.84331 0)
(-0.215147 -0.767632 2.85646e-16)
(9.94901 0.958908 0)
(2.00467 0.0207167 4.08914e-18)
(10.7933 0.43042 -3.19857e-18)
(0.177969 2.82377 0)
(0.509399 4.16218 -8.56907e-17)
(10.0003 0.069908 -1.08204e-16)
(9.89167 1.19933 0)
(9.75609 1.48954 -5.02698e-18)
(0.085286 -1.87235 0)
(0.0652568 0.398672 -8.99438e-17)
(0.664246 -1.59464 -1.69969e-17)
(9.75924 0.829568 6.91119e-18)
(-0.196436 -0.040257 -2.18622e-16)
(-0.0590942 -0.731915 -1.9157e-16)
(-0.298406 -0.874731 -3.25948e-16)
(-0.391521 0.139705 -4.22451e-17)
(0.189849 -1.61777 -5.23394e-18)
(0.124268 -1.28348 5.70181e-19)
(0.390834 0.271765 -9.05321e-17)
(0.117895 1.58658 0)
(-0.45953 -3.08318e-05 -5.01493e-22)
(0.249518 0.987358 5.22575e-17)
(5.771 1.20705 -4.38904e-17)
(7.07013 2.34647 6.08453e-18)
(0.452824 -0.0703601 -1.57756e-16)
(-0.0674313 -0.308565 0)
(0.240506 -0.79077 -1.55404e-16)
(6.43755 1.71973 0)
(9.80941 0.719627 -1.28392e-17)
(-0.445997 5.93608 0)
(-0.0260511 3.51643 4.24408e-17)
(0.0757387 -0.70586 -9.9092e-17)
(0.461347 0.00946297 -1.22486e-21)
(-0.290786 0.00852975 1.07773e-16)
(-0.759128 0.0708294 0)
(2.01323 0.186233 2.67585e-16)
(-0.44198 -0.178921 -7.04388e-17)
(0.803028 -1.46998 6.94568e-20)
(6.73251 1.64374 -6.05996e-17)
(-0.282962 -0.0915794 9.14283e-17)
(0.143794 0.261861 9.09423e-17)
(0.423916 -0.164318 -1.43762e-17)
(9.80905 0.0525379 0)
(0.262881 0.862392 4.88608e-17)
(2.21046 0.160854 -8.45895e-17)
(0.656771 -0.0798616 -1.24976e-16)
(9.81427 0.0451556 -4.50739e-17)
(-0.530778 -0.404847 6.55934e-17)
(0.483772 -0.252725 3.75717e-17)
(-0.387551 -0.000207958 -8.4601e-17)
(9.14965 1.18907 3.59711e-17)
(9.02022 1.61599 2.00285e-17)
(2.26716 0.238215 1.96722e-16)
(0.129695 -1.67718 -1.72109e-17)
(0.105253 2.16811 0)
(9.82556 0.0569305 1.78305e-16)
(0.395747 0.0655672 3.63087e-16)
(0.88437 -1.22903 -1.97438e-17)
(0.0567057 -0.819294 0)
(0.0885812 -1.70934 2.83053e-17)
(0.404063 3.91057 -6.27701e-17)
(0.0435454 3.06504 5.25567e-17)
(2.18816 0.159275 2.6586e-16)
(0.544026 -0.107128 0)
(-0.613642 -0.662864 2.3391e-17)
(9.49735 1.76823 4.20593e-17)
(8.73263 0.976051 0)
(0.438197 3.41981 8.69938e-17)
(0.433777 -0.230702 -6.99323e-17)
(9.80235 0.0681473 8.01367e-17)
(9.91862 0.158854 -2.20368e-17)
(0.793355 -1.4414 -2.58734e-16)
(0.407788 -0.00148372 -4.08432e-16)
(0.197715 -0.786428 1.72821e-17)
(0.201735 -0.382102 9.31907e-17)
(2.27144 0.429206 -2.74857e-16)
(1.89609 0.360193 -3.97026e-19)
(9.80702 0.130101 0)
(-0.333129 -0.0221638 1.8782e-16)
(10.012 0.0707785 3.81278e-17)
(0.339657 0.764665 -5.28975e-17)
(0.430009 -0.0111695 1.50601e-16)
(0.595032 0.437977 -5.03202e-17)
(0.219841 0.0853666 -8.987e-17)
(9.82711 0.0849626 -2.50898e-17)
(2.15452 0.286747 -1.47116e-16)
(0.21416 -0.299299 -2.09668e-17)
(8.6953 0.274762 0)
(8.82942 0.722968 7.81457e-17)
(0.328851 1.20184 6.64921e-17)
(0.227079 1.08103 1.94382e-16)
(-0.34941 -0.212324 0)
(9.01883 1.9679 -3.02358e-17)
(0.457886 0.673162 -1.47634e-16)
(-0.292885 -0.119177 1.70589e-18)
(-0.14068 0.902721 -3.25766e-17)
(0.431958 -0.038144 2.14496e-17)
(1.24683 -1.09468 -1.86033e-16)
(-0.123303 -1.20559 -4.81119e-20)
(0.700122 -0.166089 4.37844e-16)
(0.087615 -0.829527 -3.5663e-17)
(0.4195 -0.0149971 0)
(0.0191135 -0.524625 1.47112e-16)
(7.24459 0.112296 2.16703e-17)
(0.184036 -0.533539 0)
(0.103004 -1.34793 -1.60835e-17)
(0.137819 -0.177166 -7.52651e-17)
(0.500964 -0.176148 1.18411e-16)
(-0.380457 -0.106537 -4.23412e-17)
(0.290745 -0.0805249 -7.60948e-17)
(-0.0391565 -0.00684909 3.51479e-16)
(9.81999 0.110276 0)
(9.04381 1.22316 -5.82338e-17)
(0.0992546 -1.33963 0)
(-0.457002 -0.104424 1.65235e-16)
(9.4384 1.00176 -6.41041e-17)
(-0.372177 -0.174688 8.01039e-17)
(0.00691223 -1.05897 2.83016e-16)
(4.86051 2.86799 9.41396e-17)
(8.91976 1.27472 -3.15868e-19)
(0.351535 0.313496 -1.93275e-16)
(10.0081 0.0771318 -1.10956e-17)
(5.57767 0.331385 2.36896e-16)
(1.82597 -0.569294 2.21893e-16)
(0.022949 0.408403 4.19838e-18)
(-0.312478 0.147284 -1.04245e-16)
(0.321519 0.827549 -3.35074e-17)
(0.122281 -0.651447 -9.05162e-17)
(8.12212 0.299265 5.00419e-21)
(-0.051222 -0.988549 2.5908e-16)
(-0.255362 2.39093 -1.09158e-16)
(8.90755 1.22017 -8.7414e-19)
(0.632869 -0.416458 8.25077e-17)
(8.50068 0.33148 0)
(9.5722 0.112045 2.18425e-17)
(9.8119 0.100599 1.22478e-17)
(-1.31164 5.3759 1.32743e-16)
(-0.270159 -0.18341 -4.68654e-16)
(7.69673 0.295826 -2.27831e-17)
(0.189728 1.32758 0)
(0.122382 0.392227 1.18471e-16)
(2.0652 0.157767 -2.56854e-16)
(0.954071 -0.120666 0)
(0.341325 -0.80457 0)
(0.490992 0.0801127 1.49761e-16)
(2.56774 0.168981 2.39289e-16)
(2.97725 0.199088 0)
(-0.360813 4.31677 -1.71978e-16)
(9.53339 0.894193 -6.94226e-18)
(2.06814 0.772921 1.38483e-16)
(0.95032 -0.760108 1.14127e-16)
(0.363317 0.130326 0)
(2.22973 0.577174 -2.61174e-16)
(0.15292 -0.782184 1.32077e-16)
(0.176903 1.71076 1.18276e-16)
(6.06104 -0.275385 0)
(1.24024 -0.112533 0)
(5.28909 0.103651 0)
(8.92776 0.353329 7.63619e-18)
(9.21762 1.54289 1.05383e-17)
(10.4557 0.710243 -1.31417e-17)
(9.38607 0.891543 7.11491e-17)
(-0.292882 -0.122029 2.4801e-16)
(0.48006 3.197 4.49412e-17)
(9.06013 1.30766 -1.29159e-16)
(3.41711 0.204962 0)
(4.18349 0.173421 4.75289e-17)
(2.0062 0.543877 0)
(1.02425 0.0809051 -1.07578e-16)
(9.94556 0.0363975 5.78734e-18)
(10.9493 0.0509447 0)
(9.49831 0.10755 5.25131e-18)
(6.96495 0.535245 -1.58932e-16)
(2.81432 -0.115902 -3.03006e-16)
(6.98664 0.761812 1.19963e-16)
(4.57906 4.49037 0)
(3.07865 5.3607 1.68633e-18)
(9.61285 0.00908699 9.97975e-17)
(1.14024 2.90341 -1.61553e-16)
(-0.995531 -0.090771 -6.07868e-18)
(2.24553 6.53918 -3.57213e-17)
(5.46126 0.163079 6.66032e-19)
(3.83268 0.195876 7.71047e-19)
(1.06102 -0.864872 5.16067e-19)
(0.805558 6.37837 0)
(0.0177578 0.320898 1.68805e-16)
(-0.17411 0.0152128 1.7367e-16)
(-0.364163 -0.507989 -1.62554e-16)
(5.02422 0.0966207 0)
(0.22424 -0.621697 8.3236e-17)
(0.979588 1.77241 3.05012e-17)
(0.761566 -1.18794 -1.61544e-16)
(-0.44911 -0.178468 -2.0973e-17)
(-0.155843 0.40729 -1.36714e-16)
(-0.222703 -0.122024 6.16255e-17)
(4.48894 0.144304 -4.91921e-17)
(0.374418 3.46985 0)
(-0.155043 -0.31685 1.64607e-16)
(3.5748 2.60194 -4.48854e-16)
(-0.109917 0.376767 -9.39719e-17)
(-0.211612 0.135508 -1.47308e-16)
(0.408139 -0.142374 2.90294e-20)
(6.2307 0.455413 -1.1756e-18)
(1.49312 0.459333 1.57486e-16)
(9.60505 0.798628 0)
(1.62645 0.0414896 0)
(3.36726 1.65152 -9.56931e-17)
(9.99388 -0.0115177 2.75514e-18)
(9.86795 0.209626 0)
(0.131212 0.169542 -8.89327e-17)
(-0.170326 -0.0719487 0)
(0.145153 4.46764 -1.09946e-16)
(9.88083 0.109944 2.45336e-17)
(0.749481 -0.525689 2.38318e-16)
(0.118459 -0.186087 0)
(8.77364 1.16638 2.76228e-17)
(-0.292315 -0.146703 -1.2998e-16)
(0.213369 -0.163624 8.48229e-17)
(-0.761632 -0.127813 -1.9125e-16)
(1.6807 7.78674 9.76628e-17)
(1.93474 0.106154 -3.28845e-17)
(0.815972 3.7875 3.8353e-16)
(0.11095 -0.829597 0)
(9.71263 0.141737 -8.22752e-17)
(9.85059 0.075264 -2.66069e-18)
(0.774082 4.31756 -7.28466e-17)
(0.269654 -0.113047 9.33448e-17)
(2.4482 -1.81212 -1.19004e-16)
(6.15915 0.0474811 3.20821e-17)
(5.66855 0.218437 -4.4373e-17)
(4.62925 -0.2948 -2.0038e-16)
(5.24309 0.172127 0)
(5.61321 0.056636 -1.4747e-16)
(7.25388 -0.0461956 0)
(6.11473 -0.0791836 3.67602e-17)
(4.76497 0.116227 5.64973e-18)
(-0.391118 -0.766996 -6.49058e-16)
(-1.05944 -0.0214502 -3.64939e-16)
(11.1115 0.437519 5.07278e-17)
(-0.0688566 0.78684 -3.20047e-17)
(0.0350429 -0.147349 2.03411e-17)
(-0.27189 -0.174945 6.74006e-16)
(0.244847 -0.178425 -7.87711e-20)
(0.354997 -0.123999 0)
(-0.29394 0.283426 -2.00557e-16)
(-0.189498 0.179018 -4.16566e-17)
(0.0701312 -0.372736 0)
(-0.430747 0.0696836 3.21781e-16)
(9.06507 0.537876 2.93795e-16)
(0.981994 -1.19524 -2.45541e-16)
(8.34867 -0.0209036 4.02491e-17)
(0.433512 -0.0836142 -6.80848e-17)
(1.00829 -0.756631 -1.31486e-16)
(9.67861 0.697992 0)
(8.63284 0.883047 -3.98838e-17)
(10.3757 0.441631 0)
(5.93125 0.116978 0)
(0.978142 3.91307 1.29142e-18)
(8.6757 1.05524 1.07943e-19)
(-0.354538 0.310404 4.12509e-17)
(-0.357477 -1.34838 -3.36008e-16)
(-0.576402 -0.866936 2.93245e-16)
(9.73534 0.0235392 1.05747e-17)
(-0.0840683 -0.880061 1.16694e-16)
(-0.181318 -1.57693 2.22201e-16)
(-0.266388 -0.904716 1.47821e-16)
(-0.6307 0.0184984 -3.23033e-16)
(3.26318 4.86496 3.51128e-17)
(1.19027 0.604309 2.00539e-16)
(0.0943341 3.39817 -4.57024e-17)
(0.594938 4.73569 0)
(9.8902 0.199008 0)
(9.56622 0.0196794 5.75457e-17)
(9.79309 0.0557843 -8.42822e-17)
(1.97974 0.711653 -1.8438e-16)
(-0.510782 -0.0817817 -4.24111e-17)
(1.77087 0.0483415 3.23616e-17)
(-0.664327 0.408808 0)
(0.159957 -0.733472 0)
(9.9568 0.245402 6.28497e-17)
(8.51277 1.74671 0)
(0.217808 -0.202143 -8.2488e-17)
(-0.159144 -0.166698 -2.82265e-16)
(8.59886 0.406173 1.57858e-17)
(1.79232 7.33173 0)
(1.44911 0.0519469 2.54507e-16)
(-0.00540765 -1.30131 0)
(-0.207168 0.225773 1.88781e-16)
(8.65356 2.20419 -9.78011e-17)
(-0.437799 0.399133 0)
(-0.670384 0.698172 -1.3242e-16)
(1.24296 -0.503896 -7.36311e-17)
(9.79352 0.0574751 -7.56917e-17)
(0.35096 -0.729376 1.71651e-16)
(-0.371481 -0.136549 0)
(1.52756 0.0535625 7.38924e-17)
(-0.141833 -0.0253773 -8.74227e-17)
(10.5407 0.091573 0)
(0.16119 -0.474248 0)
(1.16618 0.329556 2.1336e-16)
(-0.318516 0.74359 -1.20131e-16)
(0.381124 0.88837 0)
(6.95657 0.0753501 1.78052e-16)
(9.39886 0.123782 0)
(-1.13536 6.12207 -1.24699e-17)
(1.73221 0.255008 -1.27074e-16)
(9.74466 0.119075 6.19453e-17)
(1.23519 1.65936 -1.5762e-16)
(4.24622 1.77168 -2.76788e-16)
(-0.164227 0.313774 -1.20927e-16)
(-0.304248 0.27367 0)
(1.74579 -0.66299 -2.09309e-16)
(-0.297405 0.0956033 3.55677e-17)
(1.92583 -0.286299 0)
(1.9782 -0.131168 -1.71906e-17)
(0.510338 -0.319748 1.81435e-16)
(0.534807 -0.67482 6.9155e-17)
(1.59894 0.0690861 0)
(1.88118 -0.00317513 5.88995e-19)
(11.2135 0.179193 -4.73888e-17)
(0.33791 0.167145 4.11851e-17)
(-0.00733935 0.195157 5.83683e-16)
(-0.201346 -0.208745 1.00158e-16)
(1.76126 0.216635 2.9622e-16)
(9.80502 0.0796953 5.89399e-17)
(-0.293624 4.36671 0)
(1.61457 0.067116 2.09959e-18)
(0.443061 -0.22724 -1.8374e-16)
(0.264892 -0.184052 -2.95795e-16)
(0.210802 -0.456236 -9.67417e-17)
(9.54264 0.0353753 9.3933e-20)
(-0.150432 0.983354 0)
(-0.35426 0.0659922 6.13933e-18)
(1.32687 -0.966313 -9.65109e-17)
(9.97398 0.223968 2.78584e-17)
(1.65665 0.261733 2.02664e-16)
(9.7944 0.034565 3.15775e-21)
(9.80251 0.1303 0)
(7.8827 0.114704 4.77188e-17)
(-0.364774 0.0465113 0)
(5.83796 -0.0449817 -1.96765e-16)
(0.102778 2.20659 -1.6572e-16)
(2.0213 0.0744926 0)
(-0.0185677 -0.0088344 -7.93704e-17)
(8.55873 1.38422 -1.94572e-17)
(0.439557 1.17458 9.34735e-17)
(0.0174063 3.43672 -6.40496e-18)
(0.139818 3.06564 0)
(0.0666384 3.29165 6.38666e-18)
(-0.017973 3.53726 1.43233e-17)
(0.237482 2.72092 2.72349e-17)
(0.323839 2.22073 -6.02604e-17)
(-0.268979 -0.722277 1.76668e-16)
(-0.210229 -0.163827 0)
(-0.529375 0.0471064 3.43258e-16)
(9.76791 0.0689221 1.08397e-17)
(0.340572 1.56412 4.61563e-21)
(0.188705 -0.608879 0)
(-0.167041 -0.104138 7.60479e-17)
(0.12873 -2.61093 1.41398e-18)
(0.0251997 -0.90621 -2.17396e-16)
(1.99104 0.123437 -4.0627e-18)
(-0.0525268 -0.23217 -2.18982e-16)
(0.252647 1.08275 -8.59019e-17)
(-0.0195414 -0.696686 -1.23112e-16)
(-0.278519 3.63055 4.9116e-17)
(0.692403 -0.881294 3.46897e-16)
(1.7847 4.79931 0)
(-0.502801 0.00738331 -1.8832e-16)
(0.309295 0.859124 -1.07312e-17)
(2.18685 0.112877 3.23757e-17)
(0.697992 -0.627438 -1.2667e-16)
(2.09384 0.109189 -3.58993e-17)
(0.815818 3.95851 1.27763e-16)
(0.176592 0.385653 7.89262e-17)
(-0.153783 0.29766 1.30041e-16)
(2.00797 0.123107 2.03352e-18)
(-0.402053 -0.96761 -2.03164e-17)
(-0.115987 -0.291636 1.99503e-16)
(0.145816 0.281399 -2.34607e-17)
(-1.71085 0.866843 -6.31848e-17)
(0.0172615 -0.632608 0)
(0.402997 -0.244839 3.90509e-17)
(0.337098 0.183587 1.87468e-16)
(0.377986 -0.260771 9.07934e-17)
(-0.453982 -1.06195 1.02728e-19)
(4.54515 0.325054 -2.82445e-16)
(0.0818632 2.84372 1.69596e-17)
(0.198632 0.135417 2.37064e-16)
(9.79115 0.0439559 -7.23147e-17)
(-0.0879514 -0.254123 -4.99187e-17)
(-0.0141102 -0.0822959 9.59643e-17)
(0.317595 -0.117736 2.56468e-17)
(-0.00699259 -1.06102 -1.2016e-16)
(10.8603 0.302461 -7.10541e-20)
(0.903667 -0.890945 1.48291e-16)
(-0.238577 5.76719 -1.2069e-16)
(-0.0819325 3.8719 2.34355e-16)
(-1.47258 2.25719 2.46705e-17)
(-0.231347 -0.882936 -1.1413e-16)
(2.93236 5.1847 1.37015e-16)
(0.0442428 -0.207814 0)
(-1.32607 2.05368 0)
(-0.00128179 -0.686439 2.46395e-16)
(9.70444 0.0445172 3.22022e-17)
(0.876055 -0.453298 2.8825e-16)
(-0.142643 -1.42729 -1.38595e-16)
(10.4088 0.203011 1.37407e-17)
(-0.468368 0.106671 1.65736e-16)
(-0.140312 0.958244 -3.33499e-17)
(5.98834 0.0955577 0)
(-1.86916 -1.19686 0)
(-0.0108898 -0.909325 3.37695e-17)
(0.0296938 3.57015 1.53099e-16)
(-0.271398 3.29611 1.49529e-16)
(10.8844 0.0757956 4.35953e-17)
(-0.347186 0.445181 6.01421e-17)
(-0.3988 0.515648 2.28842e-17)
(9.77281 0.518131 2.45235e-16)
(3.26628 -0.0261225 3.41517e-16)
(0.449355 1.8954 -3.77413e-16)
(9.97749 0.12639 -8.07909e-17)
(1.55128 0.343635 -2.83469e-16)
(0.24154 -0.292861 1.29477e-16)
(0.274599 0.898934 0)
(9.80672 0.0391708 5.73963e-17)
(10.3479 0.613387 -3.20921e-18)
(1.58967 0.0256015 0)
(-0.682736 6.18135 -2.89442e-18)
(1.87915 3.67512 2.30436e-18)
(0.02707 3.4571 -2.93282e-17)
(1.49219 0.0581737 6.88422e-17)
(0.186062 1.38998 1.64841e-17)
(0.227049 -0.612057 3.01493e-16)
(1.42919 1.90358 1.70893e-16)
(-0.0491117 0.302882 1.06196e-16)
(-1.36552 0.110469 2.53614e-16)
(9.79751 0.367428 -1.80425e-18)
(-0.414825 0.20553 0)
(-0.683413 -0.385029 -4.09781e-17)
(1.57008 -0.0692013 2.18597e-17)
(-0.0992595 3.67755 0)
(5.12583 0.0583524 0)
(0.318406 -0.0668704 -1.48072e-16)
(0.161361 1.11695 -2.35387e-16)
(-0.134141 -1.70643 -1.16406e-16)
(3.31288 1.08261 0)
(0.103953 -0.0924693 0)
(0.0875623 2.82032 7.15072e-18)
(2.50447 1.35113 6.63619e-17)
(9.83785 0.231817 7.7631e-17)
(1.55598 -0.727218 -3.62767e-17)
(0.882056 -0.0770375 -1.27793e-16)
(-2.11095 2.22032 0)
(-0.0142041 -0.902783 -3.23553e-16)
(0.240583 -0.0460225 7.59705e-17)
(-0.116217 -0.0688208 -1.58068e-16)
(1.22673 -0.623983 3.46769e-17)
(-0.181527 0.417198 1.51472e-16)
(5.28907 0.26031 -1.29312e-16)
(0.226147 1.31889 2.97844e-16)
(8.83129 1.37704 1.43325e-17)
(0.116029 0.410512 5.36377e-16)
(-0.301138 0.301321 -1.22195e-18)
(7.00433 0.249753 0)
(0.232338 2.0496 -8.85042e-17)
(0.432274 0.299875 3.71113e-16)
(-0.977223 0.184681 1.49926e-17)
(-1.27584 0.343842 0)
(1.66377 0.162089 -6.31635e-16)
(10.8463 0.354674 1.45023e-17)
(0.722588 -0.181921 8.75098e-18)
(7.83308 0.898975 -1.82938e-16)
(0.91257 -0.311802 -5.12088e-16)
(-0.451595 3.79276 1.37841e-16)
(9.97465 0.222825 -7.08377e-17)
(2.86196 -0.282773 -9.39259e-17)
(7.57722 0.264698 -9.75308e-17)
(1.2353 -0.0418819 0)
(0.123324 2.5352 -8.31374e-18)
(10.8269 0.122944 -1.61758e-16)
(9.87416 0.216177 -6.53313e-17)
(0.142252 2.05805 -1.45697e-17)
(2.13371 0.265618 -1.3982e-16)
(9.85122 0.230171 5.93864e-17)
(-0.485502 3.51312 -4.65589e-17)
(1.98428 5.72341 -1.82008e-18)
(9.72446 0.0315292 8.28943e-18)
(1.39798 -0.753994 1.44417e-16)
(0.0566532 -0.872307 5.13475e-16)
(0.558953 4.57264 0)
(10.9463 0.377576 2.97841e-17)
(10.8282 0.37456 -3.16389e-18)
(-0.0455336 -0.658634 1.41036e-16)
(0.362235 -0.0245264 0)
(1.62446 -0.511683 0)
(-0.365635 -0.0420259 3.21632e-16)
(8.01921 0.308984 -8.11263e-17)
(-0.0353164 -0.696913 1.16581e-16)
(-0.843048 3.12612 -7.96449e-17)
(1.71284 0.019601 2.40762e-16)
(10.9463 0.180624 -4.50049e-17)
(-0.103865 0.75099 3.73992e-17)
(0.149093 -0.723398 -1.35312e-16)
(9.86746 0.130594 -2.46059e-17)
(1.85852 -0.45327 1.16076e-16)
(7.55194 0.60414 1.68135e-16)
(5.6009 0.199248 0)
(-0.0480229 -0.118893 -3.04205e-16)
(-0.937896 0.242212 4.0192e-17)
(10.2643 0.148522 1.34606e-17)
(0.363484 -0.558116 -3.16287e-16)
(3.6435 2.69014 0)
(5.59308 0.953731 5.5522e-17)
(0.046477 -0.566288 0)
(0.107404 2.40341 1.6615e-18)
(0.212619 -3.97296 4.33969e-17)
(-0.318871 -0.146388 -2.03829e-17)
(9.52121 0.0586372 -5.8899e-17)
(0.242508 -0.488656 1.62383e-16)
(0.212627 0.00103484 -8.86734e-17)
(-0.210508 -0.127261 -2.12838e-16)
(5.4924 0.218024 0)
(0.437252 0.0707954 -4.12852e-16)
(-0.0865637 1.75217 5.30304e-17)
(1.2934 -0.459789 -3.81077e-16)
(1.31935 -0.023 -2.63766e-16)
(0.363813 -0.0442709 6.39937e-20)
(1.8134 0.0200459 0)
(-0.0151369 -1.48254 0)
(0.396881 0.0275271 5.13851e-17)
(7.406 3.11955 4.61351e-17)
(8.04764 2.27124 1.82336e-18)
(0.363487 -0.0657513 -9.6445e-17)
(2.02285 -0.00465397 1.24585e-17)
(10.9805 0.394616 -1.38039e-17)
(0.00347056 -0.656441 0)
(-0.9693 -3.82529 0)
(0.00607943 -0.140343 -9.84201e-17)
(1.10089 -0.305247 7.55711e-17)
(0.315103 -0.634214 0)
(-0.133892 0.338189 0)
(-0.32016 0.6883 2.96485e-16)
(11.0043 0.374921 -2.37643e-17)
(-0.454692 -0.111663 -3.54353e-16)
(-0.00747311 -0.27056 2.12201e-17)
(-0.127776 0.970483 0)
(-0.978211 0.0594699 5.16721e-16)
(0.96864 1.7384 0)
(-0.778463 -0.304846 1.58493e-16)
(8.6694 0.701371 -1.17303e-16)
(0.312138 -0.193364 2.29505e-16)
(-0.107391 0.274287 0)
(-0.0790264 0.103808 0)
(1.83094 0.146446 -2.95228e-16)
(-0.132797 2.16924 1.07041e-16)
(0.120916 2.15498 2.19984e-16)
(0.876296 0.0351049 -5.93446e-17)
(9.84032 0.167091 -2.42407e-17)
(-0.712539 4.72575 -8.56892e-17)
(-0.0738938 -0.819597 4.59681e-16)
(1.77196 -0.278707 3.86699e-16)
(9.75859 0.0921526 2.04341e-17)
(0.924152 1.41709 1.26355e-17)
(0.202874 0.0798283 1.38385e-18)
(-0.0401189 -0.0544056 1.69338e-16)
(0.0110744 0.577406 -2.16616e-17)
(-0.5948 0.431209 2.25104e-16)
(1.57479 0.080699 2.1123e-18)
(-0.253894 4.561 -3.98128e-17)
(9.61828 0.382188 -7.38978e-18)
(1.07597 0.0199768 2.05771e-16)
(9.634 0.0960923 -4.19376e-17)
(3.45059 0.499048 -4.54914e-17)
(-0.00036187 -0.645818 1.18059e-17)
(-0.34595 0.158706 1.2857e-16)
(-0.395904 0.264132 -1.75554e-16)
(0.172189 1.56903 1.58824e-17)
(7.83965 0.321379 0)
(1.59045 0.00959313 2.85066e-16)
(0.105883 0.19111 2.23395e-17)
(-0.0390188 0.02335 -2.69768e-18)
(0.0709021 -0.327955 0)
(9.9191 0.0973804 1.91515e-17)
(0.836689 0.215319 3.71459e-16)
(-0.286989 2.2884 3.03437e-17)
(-1.5361 -1.4723 6.52803e-17)
(10.6639 -0.0212447 -1.14025e-16)
(10.2403 0.126183 2.29672e-17)
(7.65311 1.502 0)
(-0.59182 -0.0287557 5.02336e-16)
(-0.852417 0.128532 -7.84293e-17)
(0.542785 -0.465689 -8.86397e-17)
(1.25057 0.089632 2.29456e-16)
(2.77954 1.29576 -2.44694e-16)
(8.27804 1.32267 6.70757e-18)
(0.263962 -0.90013 -1.3619e-16)
(0.45511 -0.627882 3.17614e-16)
(10.042 0.160203 4.31653e-19)
(4.27932 2.48018 -9.42436e-17)
(-0.0295937 -0.0458146 1.90486e-16)
(7.32682 0.314644 1.9673e-17)
(0.0269533 0.292168 -3.0438e-16)
(-0.410694 0.46257 4.09462e-16)
(5.59108 2.99874 1.10319e-16)
(6.75898 -0.0810226 1.24521e-16)
(0.0224064 -0.638152 0)
(-0.390051 4.02487 -7.24217e-18)
(0.201877 1.34608 0)
(0.306487 -3.08697 6.03059e-17)
(0.374005 -0.00158099 0)
(-0.104051 0.815077 0)
(10.6056 0.185467 0)
(0.149331 0.0624244 -3.71747e-16)
(0.0280193 3.69062 -1.06596e-16)
(0.0132219 5.02354 4.1224e-16)
(1.581 -0.330969 0)
(-0.260847 2.06599 0)
(7.57347 -0.204962 1.17387e-16)
(9.97375 0.329611 2.2121e-16)
(-0.391226 -0.161657 -5.00738e-17)
(0.273436 0.813503 -8.27187e-17)
(10.0188 0.0245111 -6.00707e-18)
(10.6128 0.305534 0)
(7.30506 2.7893 5.98742e-17)
(0.100248 2.11298 -7.42008e-18)
(0.647706 2.11067 4.74746e-17)
(1.56334 -0.180286 0)
(-0.125414 -0.14768 0)
(0.214298 1.2662 4.32451e-16)
(-0.878526 -0.0988008 1.37037e-16)
(-0.723468 0.270645 4.20339e-17)
(3.7732 -0.059436 -3.46164e-16)
(0.916987 -0.0719071 -3.72618e-17)
(0.167815 1.48397 0)
(5.79356 0.128067 4.97814e-17)
(0.08168 -1.0075 4.95921e-17)
(-0.0207045 3.15694 0)
(7.99982 1.16986 0)
(0.0105145 1.49902 2.8064e-17)
(8.24938 0.575703 -2.01799e-16)
(11.2134 -0.0173103 2.17935e-16)
(9.94593 0.120814 1.08432e-16)
(10.6949 -0.0264928 9.85515e-17)
(-1.94369 -0.788855 -1.23942e-16)
(-0.00405855 -0.897582 -5.3508e-17)
(-0.508045 -4.47798 -4.46321e-17)
(0.00044641 -0.658323 0)
(0.28973 0.257797 1.88933e-16)
(-1.97944 5.86351 8.27897e-17)
(-0.0796622 -1.01214 -2.21522e-16)
(0.0678651 0.284062 -1.59167e-16)
(1.06282 -0.418916 0)
(1.96816 0.113241 1.74951e-17)
(1.55002 0.232014 0)
(1.53171 9.5225 -8.04152e-17)
(-0.556014 0.185883 -1.18309e-16)
(-0.458811 0.150156 3.52297e-17)
(0.216471 0.480542 -4.13635e-16)
(0.125219 -0.784356 0)
(-0.45527 -0.130159 -7.70844e-17)
(0.53331 -0.254604 9.67793e-17)
(8.35745 -0.156147 0)
(0.153869 -0.953375 -3.71508e-16)
(-0.14392 0.707211 0)
(9.80738 0.23199 2.06856e-17)
(1.44886 0.0468171 -4.42263e-17)
(2.41885 0.427738 0)
(0.302519 0.429213 0)
(1.48078 -0.0425038 -2.79051e-17)
(6.21674 0.249385 0)
(0.232538 1.0216 -1.52009e-16)
(2.19865 0.124305 -9.96891e-19)
(-0.389754 -0.234608 2.40506e-16)
(-0.100145 -0.450942 3.43271e-20)
(-0.0104856 5.56259 9.9651e-17)
(0.872042 3.44402 -2.87279e-16)
(11.0925 -0.0214891 -2.79794e-17)
(9.91237 0.235956 1.46898e-16)
(0.230184 -0.346271 -2.94451e-16)
(-1.51359 -1.31049 -1.02459e-16)
(-0.76462 0.352352 -3.3777e-17)
(-0.293677 4.26165 3.37368e-18)
(0.0675849 -1.03849 1.47513e-16)
(0.661144 -0.231838 -7.57212e-17)
(-0.370653 0.0571352 1.52301e-16)
(9.67798 0.0575079 -5.87068e-17)
(0.229699 2.71039 -1.34259e-17)
(9.79226 0.0391989 -1.62097e-16)
(9.90956 0.620772 1.14152e-16)
(1.14279 2.33084 2.30904e-16)
(10.8616 -0.107374 -2.41196e-17)
(9.90819 0.401149 6.91654e-18)
(-0.0546981 3.62322 -1.87322e-17)
(-0.650261 -0.573243 2.37538e-17)
(7.09125 0.6012 1.08857e-16)
(6.50898 0.447954 1.28853e-16)
(-0.227669 -1.41166 1.39981e-16)
(1.93417 0.138033 0)
(0.246702 0.320838 2.62127e-16)
(0.059649 1.41004 1.19842e-16)
(0.108875 1.80506 3.32096e-16)
(1.89002 0.0603708 -3.28571e-17)
(-1.5117 5.44536 -2.68382e-16)
(1.08467 9.78852 5.10206e-17)
(0.406589 3.14153 -7.54041e-17)
(-0.505455 -0.0999632 1.73398e-16)
(-0.0478852 -0.0626833 3.74571e-20)
(9.98473 0.0800683 4.22038e-17)
(1.38666 0.051077 4.01662e-17)
(0.104235 1.74195 -6.45926e-17)
(-0.340232 -0.21257 0)
(0.295705 -0.32638 -1.2602e-16)
(0.185945 0.91081 5.34915e-20)
(10.0245 0.131872 0)
(0.413822 0.881711 4.5047e-16)
(0.127722 -0.174171 -4.49033e-20)
(0.262137 1.07768 7.44416e-17)
(0.383383 -0.447893 1.39487e-16)
(0.241368 0.732331 1.38569e-16)
(11.0519 0.0860981 0)
(-0.3686 -1.21817 -3.49692e-16)
(0.256646 1.15266 5.35943e-17)
(9.82527 0.385202 -1.99202e-16)
(10.9005 0.242358 6.2402e-17)
(0.554997 -1.16369 0)
(0.44059 -0.816243 -1.18156e-16)
(-0.355538 -1.21823 1.59084e-16)
(0.227744 -1.04024 -8.61885e-17)
(0.166119 -0.687967 -1.44746e-16)
(0.0375839 -0.0484759 8.09691e-17)
(0.857905 0.0955497 -6.70205e-16)
(1.00821 -0.167981 0)
(0.430958 -0.999515 1.42792e-16)
(0.0686537 -0.456383 0)
(0.172358 -0.0535087 1.91698e-16)
(0.243784 1.19948 8.5256e-17)
(0.101445 -0.239786 -2.00409e-16)
(4.71539 1.97179 2.75328e-17)
(8.35461 1.07842 0)
(9.99141 0.226836 -6.01386e-17)
(0.303807 0.200389 1.68909e-16)
(1.19752 0.143652 0)
(-0.0279496 -0.528543 2.01805e-16)
(-0.283299 -1.46246 -1.87458e-19)
(0.494796 -0.785229 4.7655e-16)
(0.192195 0.198306 1.33136e-16)
(9.92775 0.444154 -1.60697e-16)
(-0.523834 0.0064358 -9.92063e-18)
(1.66214 -1.1006 1.34756e-16)
(9.75496 0.02379 -1.22697e-16)
(-1.38979 1.79634 -2.93472e-16)
(0.00114121 -0.895788 1.42261e-16)
(7.68541 0.0152287 2.39751e-16)
(-0.499016 -0.793577 3.95413e-16)
(1.66998 -0.691439 0)
(-1.24374 -2.58978 0)
(0.0117931 -0.629019 0)
(-0.366694 0.178936 -4.83376e-20)
(1.33535 -0.401228 4.96452e-19)
(9.8243 0.12642 -1.17252e-17)
(0.127494 -0.0508249 4.64222e-16)
(-0.544372 -0.0658415 0)
(-0.460491 0.0907287 -2.08327e-16)
(5.77108 0.174609 -1.05287e-17)
(0.730684 -0.143601 0)
(-0.239908 -1.01333 1.63079e-17)
(1.60859 0.00257837 3.27266e-17)
(0.0395615 0.264375 1.68284e-16)
(1.33024 0.0798253 0)
(10.4834 0.100237 4.91695e-17)
(0.848269 1.6271 -4.43087e-16)
(-0.0279746 -1.67399 -7.04962e-17)
(1.15903 -0.0551136 3.61796e-17)
(0.195005 0.0948701 0)
(8.84315 0.0389112 -6.36365e-17)
(-0.156112 0.41752 1.26865e-16)
(2.99483 4.18578 -2.05342e-16)
(0.623382 -0.698994 0)
(0.765497 2.11054 -8.76778e-17)
(9.83679 0.616556 0)
(-0.447743 -0.111427 -3.53728e-16)
(9.38878 0.304473 -6.89506e-18)
(10.2582 0.166247 -1.59102e-17)
(0.319341 0.365748 5.21922e-17)
(-0.0909077 1.39957 -1.64501e-17)
(1.40064 -0.286707 -8.10432e-18)
(-0.236605 -1.15855 -2.34018e-16)
(1.31942 0.0952575 -4.07353e-19)
(0.284136 -0.0340706 0)
(-0.340209 -0.17036 -4.33622e-17)
(7.33355 0.191826 0)
(0.176855 1.62116 1.28305e-16)
(0.172866 2.67332 8.1961e-19)
(4.81 3.74729 9.23224e-17)
(-0.0461633 0.358056 -2.23268e-16)
(4.96645 -0.00237249 -7.86779e-17)
(9.82326 0.0521584 1.15176e-16)
(10.2682 0.0470864 -2.32947e-18)
(4.51283 0.512485 1.43351e-16)
(9.89148 0.202136 -2.53734e-16)
(-0.571313 -0.498782 3.55189e-19)
(0.162829 -1.13164 1.74414e-16)
(-0.0353132 2.30202 -2.73422e-17)
(0.699344 0.737255 0)
(4.82822 1.23034 0)
(0.0583689 -0.499641 0)
(0.235612 0.708684 -1.51723e-16)
(-0.375398 -0.179916 4.52327e-17)
(6.52302 1.70374 0)
(-0.420911 -0.222385 -1.3231e-16)
(-0.049693 -0.214738 3.89946e-16)
(0.145254 2.62158 -1.67304e-18)
(0.135226 0.0463187 3.45926e-16)
(10.1293 0.0919076 -9.60998e-18)
(9.667 0.0818002 3.06145e-17)
(2.52428 3.39547 0)
(0.571838 -0.792997 1.68178e-17)
(1.93513 7.6112 0)
(10.406 -0.0264824 1.83261e-16)
(10.5701 0.103393 0)
(10.5499 -0.132683 -2.23417e-16)
(9.80316 0.174815 -1.29451e-17)
(0.00609076 -0.421276 0)
(0.301514 -0.0872886 8.12304e-17)
(0.0310629 0.654227 -2.61473e-16)
(0.193522 1.49426 -1.29e-16)
(10.655 0.193058 0)
(5.10715 -0.10094 -4.01231e-16)
(-0.0559665 0.861754 -1.3172e-16)
(0.186075 1.60566 6.60615e-17)
(-0.0218937 1.78418 -1.06625e-19)
(0.124068 2.00342 -2.20084e-16)
(0.300252 0.0929891 1.75865e-16)
(10.9905 0.0569678 3.38656e-17)
(9.89103 0.539207 0)
(0.809498 2.00359 0)
(5.95543 -0.0343905 1.07969e-16)
(-0.310861 -0.445342 -8.85514e-17)
(0.163385 1.81954 -2.34294e-16)
(0.335537 1.78854 4.97929e-16)
(-0.111899 -0.625786 0)
(0.223309 2.19753 -2.50173e-16)
(1.1999 1.20928 -2.20703e-16)
)
;

boundaryField
{
    frontAndBack
    {
        type            empty;
    }
    wallOuter
    {
        type            noSlip;
    }
    inlet
    {
        type            fixedValue;
        value           uniform (10 0 0);
    }
    outlet
    {
        type            zeroGradient;
    }
    wallInner
    {
        type            noSlip;
    }
    procBoundary0to1
    {
        type            processor;
        value           nonuniform List<vector> 
29
(
(-1.17701 -0.0877671 -6.11754e-16)
(-0.321486 -0.0600185 4.23269e-16)
(-0.674837 0.138221 2.16542e-16)
(-0.674837 0.138221 2.16542e-16)
(-1.39369 0.575427 -1.20029e-16)
(-1.39369 0.575427 -1.20029e-16)
(4.34568 -0.201616 9.15679e-17)
(2.83525 -0.0555391 0)
(6.2372 0.115811 6.68412e-18)
(0.777252 -0.0468192 -1.15541e-16)
(2.40494 -0.0789307 -4.83736e-17)
(-2.41414 0.18183 0)
(-1.11217 0.0117205 0)
(-1.28319 -0.050694 0)
(6.7094 -0.0588593 5.95003e-17)
(8.61822 0.0985527 7.86038e-17)
(-0.271771 0.561146 4.34932e-16)
(2.11386 0.483478 -3.03582e-16)
(0.127747 0.0828864 3.5662e-16)
(0.147534 0.0437107 6.85437e-16)
(8.77288 0.13886 3.58809e-17)
(8.37249 0.0275508 -2.36085e-18)
(5.97256 -0.0915557 8.14267e-18)
(8.04282 0.194653 -7.90482e-17)
(5.27353 0.0152733 9.20181e-17)
(2.11386 0.483478 -3.03582e-16)
(8.78344 0.145614 0)
(1.92563 -0.0194226 7.14531e-17)
(8.04282 0.194653 -7.90482e-17)
)
;
    }
    procBoundary0to2
    {
        type            processor;
        value           nonuniform List<vector> 
42
(
(-0.0282198 2.10511 2.01874e-16)
(0.0196466 1.29624 -1.96202e-16)
(0.319358 -1.15658 -4.00698e-17)
(0.288691 -1.35237 2.65565e-16)
(0.218188 -0.674239 -9.66926e-17)
(-0.0282198 2.10511 2.01874e-16)
(0.319358 -1.15658 -4.00698e-17)
(0.442062 -0.892416 0)
(0.291452 -0.435748 1.67957e-19)
(0.31123 -0.132978 0)
(0.189806 -1.00142 3.6036e-16)
(0.198359 -0.846431 5.07281e-16)
(0.189806 -1.00142 3.6036e-16)
(0.21488 -0.602703 -9.67879e-17)
(0.201982 -0.250843 -7.91643e-18)
(-0.0543069 2.80131 6.29126e-19)
(0.201982 -0.250843 -7.91643e-18)
(0.291547 0.00359119 -5.35012e-17)
(0.313142 -0.273598 -2.07746e-17)
(0.1807 0.456782 -1.04523e-15)
(0.1807 0.456782 -1.04523e-15)
(0.291547 0.00359119 -5.35012e-17)
(0.38799 0.169129 1.3258e-16)
(0.0791202 0.678278 -2.40994e-16)
(0.0791202 0.678278 -2.40994e-16)
(0.225467 0.311796 -9.19187e-17)
(0.371329 1.30762 -1.08529e-18)
(0.219386 0.4066 2.7824e-18)
(0.170202 3.02163 -1.55214e-16)
(0.10791 0.847836 -9.42919e-20)
(0.10791 0.847836 -9.42919e-20)
(0.194273 0.426193 0)
(0.211826 0.326534 -8.53493e-17)
(0.252956 0.160085 8.86233e-17)
(0.29816 -0.0538009 2.27308e-21)
(0.319358 -1.15658 -4.00698e-17)
(0.0900713 0.482173 0)
(0.0577384 -0.822577 0)
(0.170202 3.02163 -1.55214e-16)
(0.442062 -0.892416 0)
(0.427927 -0.56482 -4.62091e-16)
(0.35034 -0.323813 -2.05927e-17)
)
;
    }
}


// ************************************************************************* //
