/*--------------------------------*- C++ -*----------------------------------*\
| =========                 |                                                 |
| \\      /  F ield         | OpenFOAM: The Open Source CFD Toolbox           |
|  \\    /   O peration     | Version:  v1912                                 |
|   \\  /    A nd           | Website:  www.openfoam.com                      |
|    \\/     M anipulation  |                                                 |
\*---------------------------------------------------------------------------*/
FoamFile
{
    version     2.0;
    format      ascii;
    class       volVectorField;
    location    "0.49";
    object      U;
}
// * * * * * * * * * * * * * * * * * * * * * * * * * * * * * * * * * * * * * //

dimensions      [0 1 -1 0 0 0 0];


internalField   nonuniform List<vector> 
1466
(
(3.19416 -0.18376 -1.71167e-16)
(4.63914 -0.103764 -2.81502e-19)
(-3.6227 -0.0234323 4.64259e-16)
(0.196003 9.07125 -4.05092e-17)
(-1.0422 -0.874926 -6.43533e-16)
(-2.1109 0.113485 -9.42746e-16)
(-1.50237 0.486401 1.92348e-16)
(3.91006 -0.332142 1.28087e-16)
(7.22313 0.106638 -8.65021e-19)
(4.5752 -0.160872 1.43608e-16)
(5.74439 -0.232723 -1.95591e-16)
(4.77057 -0.515142 0)
(8.28263 0.0610677 0)
(-0.403776 -1.5301 -1.54517e-16)
(-1.21559 0.144957 0)
(4.42715 -0.492695 1.51431e-16)
(3.22464 -1.64322 -8.25524e-17)
(0.0151738 5.04877 -2.66568e-17)
(0.902649 5.43922 -8.406e-17)
(-0.0255288 7.28158 1.43176e-16)
(0.0924503 7.1319 6.51545e-17)
(-2.16147 0.0443233 5.67806e-18)
(0.0114664 6.01496 -5.89689e-17)
(-0.0672591 7.08204 -1.55071e-17)
(8.12292 0.137805 7.6653e-17)
(-0.382412 0.0699014 -2.8048e-16)
(-1.42862 0.581023 -1.29867e-16)
(-0.0749037 7.23291 0)
(-1.94101 -0.0148697 0)
(4.63533 2.31865 5.28972e-17)
(5.84684 -0.645326 1.30212e-16)
(-0.502997 -0.0352865 1.72078e-16)
(-1.47417 -1.17996 1.95415e-16)
(-0.0438976 5.96887 1.49733e-16)
(4.04018 -0.214949 9.82553e-17)
(-0.890223 1.37349 2.21576e-16)
(0.0838061 5.3644 0)
(2.93258 -0.742874 -2.50411e-16)
(4.92252 0.171784 -2.83491e-16)
(-0.326943 -0.102856 -4.31222e-16)
(-2.79924 -0.0555297 -1.29716e-16)
(-2.98068 0.0191163 -3.2088e-16)
(-3.106 -0.10189 1.74976e-16)
(-2.72718 -0.172218 1.17217e-18)
(0.588451 -0.208908 -4.49506e-18)
(3.42141 0.0494812 0)
(6.0068 0.0912736 7.30752e-18)
(1.30187 -0.17567 0)
(-1.85417 -0.322954 1.30932e-16)
(0.341763 -0.421278 0)
(-1.20547 0.299024 -1.05999e-16)
(4.5499 -0.0665914 -3.55551e-16)
(-2.25268 -0.0885121 6.27798e-16)
(-0.394213 -0.353578 6.63273e-16)
(-2.24772 -0.69515 -9.3272e-17)
(6.25738 -0.0477328 1.2808e-16)
(3.55671 -0.053468 -1.82393e-17)
(5.66037 0.00169999 0)
(-0.277768 -0.176366 1.19029e-17)
(4.52205 0.0288437 0)
(0.317859 -0.0798365 2.09285e-19)
(-1.89053 0.0966082 -9.88796e-17)
(0.688257 -0.488058 1.80532e-16)
(4.02705 -0.185139 1.38107e-16)
(1.3744 5.61551 -1.83408e-16)
(2.36557 0.774467 2.16933e-16)
(-0.368762 1.89551 0)
(0.149179 5.03414 2.91477e-17)
(7.10449 0.492643 3.0145e-17)
(-2.01257 0.308674 -1.67845e-16)
(1.18909 0.743129 1.21204e-15)
(-0.116898 5.83546 0)
(-0.0198996 6.05234 0)
(8.02283 0.206293 -1.58277e-16)
(0.0413423 -0.413343 2.96682e-16)
(5.69771 -0.0757895 -1.18675e-16)
(-1.98134 -0.00354676 8.7449e-17)
(0.820467 -0.45254 -1.03997e-16)
(-0.933622 -0.135209 0)
(3.65106 0.765817 0)
(4.09913 0.0204368 -1.33249e-16)
(4.65847 -0.375903 -1.85126e-16)
(-2.07823 1.66228 -2.41625e-16)
(0.876969 3.13245 2.74468e-16)
(-0.0934726 5.08367 1.23387e-16)
(0.514802 5.44456 4.68438e-17)
(-0.105676 7.21498 0)
(3.43468 0.25567 1.72646e-18)
(4.71002 0.101729 2.65124e-16)
(-0.200354 0.45272 -3.21926e-16)
(-0.139494 0.0695708 -1.00058e-16)
(-2.09194 0.37811 -2.32429e-16)
(0.313547 7.10163 -4.40377e-17)
(2.16737 -0.924274 -1.87507e-16)
(2.26199 -0.269114 0)
(-3.0374 -0.402647 -3.10561e-16)
(4.43736 -0.123663 3.11191e-16)
(6.04331 -0.0417376 -7.5893e-18)
(6.42595 -0.126743 3.19572e-16)
(-1.61182 -0.437473 8.87334e-17)
(-1.80915 0.255123 5.20287e-16)
(-0.583696 0.0166327 0)
(1.50096 -0.0689351 3.92459e-16)
(-1.04891 -0.516481 3.40896e-16)
(-3.01468 -0.162249 -1.31011e-16)
(4.13618 0.248135 6.08367e-17)
(-2.33134 -0.164432 -2.36812e-17)
(0.606924 -0.35806 0)
(5.06788 -0.423071 1.85822e-16)
(3.24925 0.0332715 6.48292e-17)
(0.162991 -0.0330359 -2.83516e-16)
(4.47976 -0.0962457 3.87023e-17)
(2.34789 -0.40711 -3.12892e-17)
(-3.23544 -0.0108967 -4.03587e-17)
(4.02754 -0.330048 0)
(0.468031 0.0731136 9.20975e-17)
(-2.80518 0.163327 1.48873e-16)
(3.54429 -0.0435252 0)
(-2.06771 0.243847 1.31568e-16)
(0.331456 -0.546406 -6.51874e-16)
(-0.117384 8.75059 -3.18168e-17)
(-0.837703 -0.399339 2.64425e-16)
(1.32824 -0.431952 -9.9684e-16)
(-2.46418 -0.262713 0)
(0.891782 -0.182596 -8.16703e-16)
(-1.15385 1.17236 -3.09953e-19)
(6.25642 0.93553 4.86929e-17)
(-0.257487 5.62032 -6.47171e-17)
(0.0148499 7.05957 2.39331e-17)
(0.791356 0.457968 1.83672e-16)
(4.78222 -0.0247739 2.16377e-17)
(-2.43261 0.180742 0)
(-0.155519 6.14187 4.07577e-17)
(-0.0953533 7.17766 3.23565e-17)
(-0.0763809 -0.0249711 -1.62784e-17)
(-2.35624 0.0772581 0)
(-1.01396 -0.394674 0)
(1.1255 -0.709225 -1.01849e-17)
(-2.65995 0.0650086 -8.18222e-17)
(-0.396899 -0.421177 2.34888e-16)
(-0.822537 -0.357893 0)
(-0.0355927 7.24396 -6.42904e-17)
(-0.0606695 6.30046 -2.92347e-17)
(0.345686 5.05982 -2.35904e-18)
(-1.56529 -0.53764 -2.35819e-16)
(0.850801 6.12311 9.82599e-17)
(-0.503099 -0.041543 -2.95688e-16)
(0.494091 0.0753639 -4.65665e-16)
(1.45531 0.682728 -7.25301e-17)
(-0.987244 -1.01103 1.19854e-15)
(-0.037765 0.0478813 1.86513e-16)
(3.3112 -0.116668 -5.1399e-20)
(6.69902 0.800509 -1.3595e-19)
(1.22247 0.451594 0)
(1.50211 0.679006 0)
(-2.10574 0.134279 2.20517e-16)
(-0.12226 7.17397 -1.54822e-17)
(-0.156437 8.11082 -1.38437e-16)
(-0.233829 0.0152747 1.11612e-15)
(5.37038 3.67573 7.09155e-17)
(-0.487126 0.000516842 1.30243e-16)
(5.19807 1.2647 0)
(0.517143 2.90022 8.12419e-17)
(-0.0576449 6.50031 2.39021e-19)
(2.56495 2.52269 0)
(-2.65664 -0.246049 1.47529e-16)
(-0.00334521 6.3753 0)
(-0.207504 4.71972 1.97749e-16)
(-0.0627436 6.22355 -3.14735e-17)
(1.92997 8.71985 5.90894e-17)
(-0.0746431 6.36385 2.14032e-16)
(-0.427568 0.0792432 -1.25306e-16)
(0.733716 -0.240453 5.33167e-17)
(7.01469 0.646327 -1.57588e-17)
(3.8277 -0.0071316 -2.4292e-16)
(7.51265 0.134424 -3.05894e-16)
(4.99286 2.88328 1.6855e-16)
(3.49653 1.61517 -7.72817e-17)
(0.0152105 0.00642876 -3.82088e-16)
(0.926634 1.05266 -2.54021e-16)
(8.55073 0.151042 3.72345e-16)
(3.86971 -0.126726 -2.51641e-17)
(-0.0640685 4.54273 -1.97023e-16)
(0.809108 0.160323 3.09745e-16)
(3.68156 0.17071 -4.37243e-17)
(0.163641 5.19322 -3.28844e-18)
(-0.0573479 5.02897 -1.21987e-16)
(1.93692 4.40899 -1.51904e-16)
(6.94097 0.320216 7.463e-17)
(-0.96422 -0.30026 4.50567e-16)
(-0.0403367 6.47866 -1.43794e-16)
(0.367697 -0.154856 1.78982e-19)
(0.74156 4.2685 6.95484e-18)
(0.698658 5.84974 2.51689e-16)
(5.73749 3.21524 -4.22649e-17)
(0.283851 0.0938663 0)
(-1.5287 0.427454 3.39487e-18)
(3.27436 1.09704 -3.75707e-16)
(1.29233 2.1972 -2.70773e-16)
(1.53344 5.52163 -5.14876e-16)
(0.492154 3.43534 0)
(1.09167 0.53484 0)
(5.22145 2.12371 -2.52922e-21)
(0.230951 2.30261 0)
(1.33833 0.555633 2.11063e-16)
(1.64967 1.75354 -1.92942e-16)
(0.529615 6.52283 -1.13867e-16)
(6.61977 3.5471 0)
(-0.0816686 0.0860156 1.42152e-16)
(-0.015662 7.18969 2.00017e-19)
(0.53835 5.83299 7.88855e-17)
(-0.0330457 5.09485 -1.16206e-16)
(-0.243049 2.25825 0)
(-0.100714 6.76444 1.57248e-16)
(0.223606 6.93692 -4.02555e-17)
(-0.0466918 6.30273 3.6494e-19)
(-0.00229095 5.20981 3.27092e-18)
(0.00525834 4.84484 -1.08195e-16)
(3.5296 3.99707 1.50949e-16)
(-0.0256307 6.77129 2.24214e-16)
(-0.277517 5.25037 -1.5024e-16)
(0.500609 0.017023 -1.29209e-16)
(-0.00768837 6.09342 -2.29957e-16)
(0.543161 0.129927 2.55089e-16)
(-0.0344315 6.11984 9.87562e-17)
(3.48315 3.48663 -1.58796e-16)
(-0.855596 -1.35634 5.13913e-16)
(0.896057 0.682043 -2.86044e-16)
(-0.0292634 0.069286 -3.08423e-16)
(0.47007 -0.017178 -3.15582e-20)
(0.68795 0.287356 -6.44569e-16)
(3.94383 0.0736898 2.36847e-16)
(0.909065 4.79516 1.23228e-16)
(0.537024 3.35944 2.13968e-16)
(-0.922736 0.771583 5.74188e-17)
(2.05572 1.28649 -7.61419e-16)
(-0.0344203 6.30271 4.29075e-17)
(0.0129375 4.85671 1.88051e-17)
(0.559615 0.264397 2.57749e-16)
(-0.0356098 6.16847 2.72109e-17)
(0.170589 1.69014 0)
(4.03602 0.708546 4.94523e-17)
(5.57404 3.04197 8.99074e-17)
(2.10492 4.11331 2.31683e-16)
(0.101877 0.195159 0)
(5.60907 1.15981 0)
(-0.471837 -0.0247367 0)
(8.42371 0.325357 0)
(2.78752 0.786995 -1.29549e-16)
(5.83893 3.50068 -8.1821e-17)
(-0.043666 5.80637 -5.98135e-17)
(1.16223 6.07063 -2.60132e-16)
(6.80869 4.13665 3.24301e-18)
(3.47685 -0.927672 -1.18823e-16)
(-0.511916 0.0507448 3.19142e-16)
(0.334265 0.0167785 -2.89551e-16)
(-0.174197 7.34684 0)
(8.76838 3.89619 -1.94643e-16)
(0.049629 3.58899 -8.01268e-17)
(-0.0780506 2.34281 1.23811e-16)
(0.00944914 -0.567936 0)
(-0.200119 6.25238 -2.58943e-17)
(-0.0861856 7.21032 -4.10738e-17)
(0.496296 -0.0593844 2.21795e-21)
(4.22659 3.74933 1.13131e-17)
(0.63111 -0.0476301 -3.3644e-16)
(4.01964 -0.0718675 2.4716e-16)
(1.47518 0.747439 -1.28192e-16)
(0.450178 6.38412 -2.05117e-17)
(9.10458 3.52852 -9.29412e-17)
(1.61726 3.90333 -1.36479e-16)
(0.010886 3.61808 0)
(-0.263778 -0.632593 7.38341e-18)
(-0.0230323 0.105134 -1.8253e-16)
(-0.164227 -0.00911619 -4.1006e-16)
(0.714916 0.18121 4.91622e-16)
(0.206655 0.0900782 -2.66632e-16)
(2.66002 5.20002 -1.34384e-16)
(-0.118048 5.85848 -1.42471e-16)
(1.90389 0.822303 1.98062e-16)
(0.35025 -0.0446432 2.32899e-16)
(1.85851 -1.08968 2.66801e-17)
(2.42896 3.6554 0)
(5.06342 0.499123 -4.4301e-17)
(0.173213 -1.62706 5.09887e-16)
(0.51248 -0.539757 -1.85727e-16)
(2.51409 1.23127 0)
(2.58747 1.21104 -3.56486e-16)
(-0.349766 -0.0591424 0)
(7.70668 3.99552 -3.06725e-16)
(7.46588 1.14808 1.5747e-16)
(2.53668 -0.131207 -2.26769e-18)
(8.47619 0.116764 -3.90829e-16)
(-0.402674 -0.076754 0)
(3.79261 5.69813 1.16833e-16)
(0.956853 2.32932 -4.10979e-16)
(0.0551509 3.46591 1.43564e-16)
(0.299802 -0.87945 4.56991e-17)
(2.43373 1.18703 8.77678e-17)
(0.31339 -0.0398847 -2.83733e-16)
(0.134491 -1.49929 0)
(-0.814007 -0.0366396 2.01232e-16)
(-0.459322 -0.226689 0)
(8.63603 0.384175 -2.35979e-16)
(-0.0126498 7.99077 0)
(1.20872 0.669726 1.21208e-16)
(0.0369301 -1.13374 1.47842e-16)
(0.86339 -1.92973 -2.31715e-17)
(3.16779 8.25704 -2.94273e-17)
(-0.225921 7.07425 7.57836e-17)
(6.86103 1.84474 1.71524e-16)
(-0.388472 4.26139 0)
(0.0192155 6.39718 -4.76676e-20)
(2.97651 0.332617 -1.57164e-16)
(3.71439 1.81269 -2.08922e-16)
(4.72956 2.80858 -3.13644e-16)
(-0.0979126 0.0279035 0)
(5.19928 3.46838 2.35261e-16)
(0.293619 -1.01262 0)
(-0.650254 0.183978 3.34385e-16)
(0.0239242 -1.31644 0)
(0.00237538 3.61057 -1.50864e-16)
(0.0684546 1.87446 -7.7452e-17)
(0.203793 -0.0218358 3.64205e-16)
(-0.162688 8.32723 -2.18809e-17)
(7.68642 5.15471 -9.57628e-17)
(0.547284 -0.442474 -9.46066e-17)
(4.76017 3.66225 -2.35776e-16)
(-0.0733395 -0.0429138 -2.989e-16)
(2.9953 0.120785 1.88171e-16)
(0.0223174 5.56133 1.06676e-16)
(7.75074 4.57284 5.82178e-16)
(-2.00796 -0.618702 -3.69368e-16)
(3.49841 7.05682 2.52607e-17)
(2.34339 2.65418 -1.7502e-16)
(7.01294 1.72912 7.23939e-17)
(2.40487 1.40269 -4.5805e-16)
(0.598186 0.162631 4.49677e-16)
(1.16792 -0.830432 -2.46419e-16)
(-1.42387 -0.80307 -1.74637e-16)
(1.32616 -0.283589 7.42863e-19)
(6.37433 3.10401 7.62033e-17)
(2.25712 -1.83454 3.96132e-17)
(3.16995 3.20453 -3.69064e-17)
(1.52093 8.68849 -6.44141e-17)
(-0.680528 -0.144251 -9.97474e-17)
(5.31132 0.399688 -2.08323e-17)
(3.82931 5.98211 -8.66679e-17)
(6.63152 0.194389 2.77548e-17)
(2.77888 2.21769 1.90899e-16)
(6.1684 4.48913 -2.09699e-18)
(8.42186 2.70653 -5.49661e-17)
(-0.0309949 10.2674 -6.75835e-17)
(0.850545 0.900679 1.39182e-17)
(-0.757006 -0.913002 0)
(0.976079 1.58763 2.46576e-16)
(-0.19574 4.20721 -2.16382e-16)
(3.47006 0.442908 6.32356e-18)
(9.36228 2.46569 0)
(3.46584 7.26121 2.62976e-17)
(-0.320368 -0.318665 0)
(1.34937 2.86475 1.15913e-16)
(1.91028 4.8733 1.19462e-16)
(-0.121282 2.46597 0)
(0.0434067 -0.555298 -3.2553e-16)
(-0.0530888 1.93832 3.5233e-19)
(6.94898 2.89838 6.09384e-17)
(7.13277 2.46846 5.27525e-17)
(-1.00118 -1.99559 1.79676e-16)
(2.76125 6.77522 4.32105e-18)
(2.97612 8.74949 0)
(0.775786 2.40268 1.22616e-16)
(1.35083 2.87049 -3.58568e-17)
(2.96754 8.27148 -3.50098e-18)
(0.035542 -1.33852 6.044e-16)
(-0.00444337 4.16464 4.52982e-17)
(2.91093 -0.539803 -2.82201e-17)
(1.20695 5.24781 7.99012e-17)
(1.35179 -0.990343 5.76709e-16)
(3.97302 4.5391 -9.48104e-17)
(0.193331 1.29537 1.15916e-16)
(0.491554 1.38253 -3.84493e-16)
(0.20733 1.87926 -2.19105e-16)
(0.175807 2.35645 3.05976e-16)
(0.271763 2.11379 0)
(0.383668 1.81477 1.81216e-16)
(1.52705 -2.32645 -1.93284e-17)
(0.791592 -2.65045 -1.96493e-16)
(0.457427 -2.19684 1.69805e-16)
(0.287791 -1.38406 -4.66151e-17)
(0.0565793 -0.561344 2.48584e-17)
(0.383999 0.691756 6.4076e-17)
(-0.319653 1.27093 -6.59169e-17)
(0.0820715 0.486671 -7.78372e-17)
(-0.590458 -0.314289 4.12285e-19)
(-0.314149 -0.761541 1.41848e-16)
(0.277027 -0.631503 -6.27489e-17)
(1.20221 6.92917 -3.23968e-17)
(-0.466822 -0.179468 7.61125e-17)
(-0.503872 -0.728577 0)
(0.233715 -0.087647 -2.27344e-16)
(0.467317 -0.033395 2.58814e-16)
(1.4554 8.7361 0)
(-0.955009 -0.170031 2.74102e-16)
(1.07653 9.61068 -2.1693e-17)
(-0.0772889 -0.14394 6.10709e-19)
(1.50822 7.53282 -3.46529e-16)
(-0.273587 0.500535 -1.29454e-16)
(2.23309 -0.36072 0)
(1.48495 -0.0966367 1.15565e-16)
(-0.0348038 0.395858 -1.56539e-16)
(1.24862 6.64143 -1.5531e-16)
(0.984296 3.37009 2.78275e-16)
(0.716969 -0.150952 6.559e-16)
(2.69111 1.39524 -1.25387e-16)
(-0.692933 -1.40445 0)
(-1.54009 -0.707665 0)
(0.885689 0.910567 1.44457e-16)
(0.180731 0.181143 0)
(1.0301 0.0190806 0)
(0.190773 0.155652 -1.95326e-16)
(-0.560362 0.0835402 4.28659e-16)
(0.701351 0.0508504 0)
(0.946626 4.38644 1.13799e-16)
(-0.202487 0.165723 1.33472e-16)
(1.65836 -0.587448 -1.20084e-19)
(-0.315027 0.561553 4.71936e-16)
(2.02817 0.419627 2.81778e-17)
(-0.66902 0.34816 -7.06872e-16)
(1.53636 -0.590735 3.4466e-16)
(0.586087 -0.0890363 0)
(-0.311943 -0.511468 -2.66806e-19)
(-0.396111 -1.03321 6.07388e-16)
(-1.6705 10.0495 2.03305e-17)
(2.09921 -0.0251577 -5.26953e-16)
(-0.121039 -0.955893 -4.3972e-16)
(-0.0559299 -0.432569 8.77951e-17)
(0.0874512 -0.868032 -8.28536e-17)
(0.200079 -1.52851 3.29817e-16)
(-0.0114292 -0.133096 -3.93305e-16)
(-0.0890033 -0.0891033 5.36095e-17)
(0.302965 -0.409534 -1.12264e-16)
(0.83508 -0.27106 2.92345e-16)
(-0.613283 -0.161175 0)
(1.29051 -0.0219345 -3.17599e-16)
(0.949029 -0.296619 1.61115e-16)
(8.41287 0.0729522 8.33061e-17)
(2.12295 -0.0883579 0)
(1.10525 -0.514152 -9.67918e-17)
(1.59662 -0.422879 1.73079e-16)
(2.48702 -0.134467 1.20072e-20)
(1.84174 -0.737144 -1.19334e-16)
(-0.043679 -0.592659 -5.37608e-17)
(8.67029 0.122535 3.77813e-17)
(-0.092825 -0.299326 -2.84373e-18)
(-0.104368 -0.43506 6.70092e-18)
(0.692618 1.5249 0)
(-1.05788 2.23479 0)
(-0.0907749 -0.556838 0)
(1.41611 -0.0792407 2.79572e-16)
(-0.389013 -2.04311 -4.78269e-16)
(-0.180268 -0.648671 -2.96652e-17)
(-0.36023 1.93153 -1.86902e-16)
(-0.264671 3.0168 5.39104e-16)
(0.988733 -1.00262 2.33509e-16)
(0.741795 -0.90804 -1.52265e-16)
(0.323666 1.52797 -1.40857e-16)
(-0.0884973 -0.610839 -4.53446e-17)
(0.229337 -0.314255 -9.32919e-17)
(0.537538 1.37129 7.51687e-17)
(0.0762285 -0.501733 1.90089e-16)
(0.481629 1.78386 -2.13896e-18)
(-0.530824 -1.36665 -6.45106e-16)
(0.656794 0.662831 8.52094e-19)
(1.02371 -0.0846562 1.61022e-16)
(-0.144534 -0.944627 1.17684e-18)
(1.43578 -0.344619 -2.20765e-16)
(0.386549 2.82394 0)
(0.493887 2.42245 0)
(1.28148 1.19482 -9.8084e-18)
(2.47442 7.40941 -9.59267e-17)
(0.182274 5.63593 1.87989e-16)
(0.26745 8.38731 -1.31216e-16)
(0.427733 2.81933 8.50555e-17)
(0.836592 1.61484 -3.35724e-17)
(6.72809 4.67677 -1.88442e-16)
(-0.0944354 -1.19282 -1.63638e-16)
(1.44879 -0.181579 2.22789e-16)
(0.585949 2.47188 -1.15821e-16)
(1.54768 5.11613 1.10938e-16)
(0.802029 1.1338 1.44583e-16)
(-0.0757641 7.29382 4.05583e-17)
(1.54779 -1.88544 -1.80854e-16)
(0.166933 1.55239 1.36657e-16)
(0.501812 2.22463 0)
(0.197536 1.5049 3.2272e-17)
(0.108585 3.45737 0)
(0.17471 2.26453 7.036e-18)
(4.44248 2.69842 0)
(-0.257721 2.06356 6.68832e-17)
(0.118542 2.79012 0)
(-0.0265473 3.66943 0)
(-0.358643 3.08515 -1.84858e-18)
(-0.116473 -1.3006 2.72578e-16)
(0.259798 1.30461 -2.69649e-16)
(-0.0929485 3.44232 0)
(2.25721 7.90523 0)
(1.93163 -0.0627411 2.32559e-16)
(0.825636 -1.10629 1.1758e-16)
(0.19656 2.55014 0)
(1.69166 -0.0460435 2.9432e-16)
(0.760465 2.09242 -1.56506e-17)
(0.0189299 2.35774 5.58023e-17)
(-0.672446 9.04878 -7.07132e-17)
(0.146389 3.47932 -9.46011e-17)
(-0.224369 2.37954 -1.02818e-16)
(0.00711625 -0.136397 -3.36264e-17)
(8.72869 0.125794 -3.51302e-16)
(8.01569 0.225057 8.87338e-18)
(2.64016 -1.00673 5.41645e-16)
(0.0708273 2.96477 -5.23669e-18)
(0.73453 -0.133377 3.47598e-16)
(0.0478189 4.41407 6.52944e-18)
(5.67422 4.75421 0)
(0.590484 2.51221 0)
(0.431142 0.705644 4.99137e-17)
(0.41668 0.0519356 0)
(0.229861 -0.94153 -4.55888e-16)
(0.189515 0.710979 -6.72277e-17)
(0.314198 3.21529 -1.1048e-16)
(0.527729 -0.636435 2.11621e-16)
(-1.18457 10.0384 -2.35687e-17)
(0.275024 0.829122 -2.72554e-16)
(0.0885688 1.44194 0)
(0.0975839 2.33448 0)
(0.203944 -0.044538 -6.68993e-17)
(5.15977 6.07847 0)
(2.28854 6.51805 0)
(-0.152685 -0.232447 0)
(0.318262 8.11869 -1.3811e-16)
(6.65504 5.39153 7.61477e-17)
(-0.635358 -1.10465 -2.64449e-16)
(0.339054 1.46287 -2.55314e-16)
(-0.270406 1.38443 1.83297e-16)
(0.01469 0.629637 8.35136e-17)
(4.41451 7.04643 -3.44852e-17)
(-0.0518279 0.511336 2.48725e-18)
(6.46151 6.10744 -4.03292e-17)
(-0.259276 6.49469 -4.71642e-17)
(1.27897 -0.0067709 1.2937e-16)
(2.2448 -1.31305 2.16204e-16)
(0.203687 -1.21946 8.96277e-17)
(1.36444 0.196605 -4.82611e-17)
(0.109089 2.31281 -1.06991e-17)
(-0.794071 9.51774 2.87532e-17)
(0.248775 3.07657 1.68804e-16)
(0.248579 2.68098 -1.09796e-19)
(-0.278442 1.21902 2.83727e-17)
(2.01016 -0.274073 1.38621e-16)
(7.33485 5.73244 -1.71101e-16)
(0.19226 3.57677 1.35712e-17)
(-0.327912 -0.479247 2.13488e-16)
(0.736484 -0.0456816 2.98282e-16)
(4.28887 4.66295 2.84568e-17)
(8.09672 0.310392 -3.06944e-16)
(-0.436392 0.452456 6.84256e-17)
(0.0765546 1.49206 8.31755e-18)
(-0.0510286 4.76116 -1.25155e-17)
(2.55208 4.83598 6.17504e-17)
(-0.0918813 4.97213 9.23164e-17)
(-0.159721 8.34225 2.00218e-17)
(-0.0890629 5.07117 0)
(0.748102 0.397716 0)
(3.76563 1.9481 5.03084e-16)
(0.968829 1.53708 -6.69077e-18)
(-0.503107 8.88022 5.19954e-17)
(8.57145 3.51343 -4.21939e-17)
(-0.0228429 3.99614 2.43969e-17)
(0.138205 2.39915 -1.40966e-17)
(4.87664 -0.670467 2.73589e-16)
(1.13534 1.70223 -5.67654e-17)
(-0.0866256 5.17535 -4.31643e-17)
(0.0682875 3.24704 1.00406e-16)
(0.0587701 3.23961 -1.55718e-16)
(-0.103214 1.41202 2.11032e-16)
(0.834881 2.06259 6.4638e-17)
(-0.200842 8.99817 6.66357e-20)
(8.84786 1.81316 1.14885e-17)
(0.322067 1.72493 -1.94126e-16)
(-0.441814 0.379111 -1.09341e-16)
(-0.0514216 7.43833 -8.032e-17)
(5.40832 6.81136 0)
(-1.19994 -1.39426 0)
(0.0434118 3.13875 -1.04653e-16)
(0.192293 6.34754 1.96958e-19)
(-0.0624254 6.40901 3.29256e-17)
(1.53298 5.28951 7.80842e-17)
(-0.525543 10.4697 5.28808e-18)
(1.48023 1.34211 2.43495e-18)
(-0.348561 8.6221 1.66237e-17)
(4.19553 2.30313 0)
(8.38968 4.62307 -5.2585e-18)
(8.16485 4.27347 -8.30578e-17)
(3.63424 8.00573 3.27736e-18)
(0.806931 3.59136 -7.48181e-17)
(-1.00214 -1.06127 -1.91091e-16)
(1.72779 -0.0257228 -2.13164e-16)
(0.914226 -0.0323885 -1.38138e-16)
(-0.811796 -0.945615 -1.07125e-16)
(0.00755905 3.22408 0)
(0.478964 1.43205 7.49438e-18)
(0.287236 6.60024 0)
(6.23144 6.22394 0)
(5.71167 5.18289 4.34292e-17)
(0.294349 6.97406 0)
(5.66847 3.87567 1.12206e-16)
(4.02055 2.07349 -1.36209e-16)
(5.444 5.74433 5.05596e-17)
(7.18003 1.31995 0)
(-0.369108 9.18951 -7.20411e-18)
(4.24985 7.54566 1.19077e-17)
(0.401585 -1.12861 3.45584e-16)
(1.03675 -0.056454 -1.537e-16)
(7.18168 5.3384 2.36689e-16)
(6.98934 0.0941104 -5.85807e-18)
(0.0396532 3.05311 1.07704e-16)
(-0.348911 7.21084 1.05464e-16)
(-1.09854 -1.39393 1.11211e-16)
(-0.665884 -1.21506 -1.89435e-16)
(0.0187913 4.38083 0)
(1.23648 0.708631 -5.06505e-17)
(7.47019 3.44313 1.11015e-16)
(7.22017 1.65004 -1.14618e-16)
(7.50136 4.64616 6.70964e-17)
(-0.0246906 3.88118 -5.20116e-17)
(8.88478 2.82984 5.98607e-17)
(-0.538577 9.24524 -8.14561e-19)
(-0.299836 8.86051 -2.25756e-17)
(2.73654 1.0868 4.05165e-16)
(0.0418335 8.81778 3.96349e-17)
(-0.264284 6.76421 4.77318e-17)
(0.404337 8.66566 3.06147e-17)
(0.117262 10.5744 5.60887e-18)
(0.609947 0.135128 2.20805e-16)
(-0.141336 4.85749 -8.78269e-17)
(8.0504 5.09531 -1.00151e-16)
(-0.675537 -1.61741 1.10625e-16)
(-0.106735 4.53648 0)
(-0.0788973 10.6889 2.509e-18)
(4.90079 6.7399 -2.5034e-17)
(-0.0213287 3.83414 -4.84164e-17)
(8.51678 0.364186 4.29165e-16)
(3.92345 0.305364 2.42221e-19)
(-0.115289 -1.37341 2.60991e-16)
(0.156779 0.461282 2.30894e-16)
(-0.124375 4.38409 1.71423e-16)
(0.881304 -1.14847 1.61802e-16)
(-0.144977 6.95209 1.18112e-16)
(-0.0646007 -0.0533492 3.79171e-16)
(9.23601 1.15027 7.13153e-17)
(0.193188 4.11387 -8.04591e-17)
(4.39462 -0.00259671 5.18257e-18)
(0.158556 -0.913568 4.48282e-16)
(8.4939 4.0911 0)
(0.70398 0.628162 0)
(0.413985 0.251193 1.72065e-16)
(-0.476575 3.72944 1.09139e-18)
(1.85706 0.675212 0)
(2.63279 -0.324736 0)
(1.57289 -1.0808 0)
(0.803494 -1.26149 -4.4468e-17)
(0.503434 0.136767 5.87545e-17)
(2.33402 -1.39106 0)
(0.863441 0.333939 9.08233e-16)
(-0.667386 -0.899883 -9.38894e-16)
(-0.0528707 -1.90712 1.39384e-16)
(-0.275316 0.0545419 -2.90663e-16)
(-0.515733 -0.170257 2.59855e-17)
(3.02317 0.0194439 1.02089e-16)
(7.92627 2.99306 2.76965e-16)
(0.0362124 8.65797 3.88323e-18)
(-0.529874 -2.14153 -1.8947e-17)
(-0.50901 0.00497879 9.03153e-16)
(-0.0445561 -0.574104 0)
(-0.242141 0.0966681 -3.98214e-16)
(0.404147 -0.0190043 2.91055e-16)
(0.465734 0.184159 0)
(-0.661054 0.0465613 2.19675e-16)
(1.76719 0.86937 1.0411e-17)
(-0.560344 0.0400755 0)
(0.0470558 0.351896 1.20347e-16)
(8.00503 2.41682 -4.05218e-17)
(8.4313 3.58576 -1.86045e-16)
(1.89748 9.1363 -1.22846e-16)
(-0.039206 0.11885 3.84859e-16)
(-0.717265 0.0457112 -7.61022e-16)
(1.65055 9.73172 -7.14742e-17)
(1.50464 -1.52634 -1.02465e-16)
(0.703833 0.187184 -5.85598e-18)
(0.206599 3.04423 8.52461e-17)
(-0.196842 6.18295 1.32824e-16)
(0.228366 0.145436 0)
(-0.60945 0.0426973 2.03512e-16)
(-0.0689736 -0.0405176 0)
(0.00422492 2.69806 0)
(-0.200247 2.28739 1.19816e-16)
(1.16075 0.306271 -1.82403e-16)
(0.00280951 -0.754404 9.75929e-17)
(-0.773294 0.0401324 3.67689e-16)
(-0.0310848 2.10038 -1.04139e-16)
(0.13925 1.39477 0)
(0.162305 4.23765 8.82016e-19)
(2.43506 -0.522372 3.01396e-16)
(-0.152598 10.375 2.07297e-17)
(-0.258655 6.96498 4.89775e-17)
(0.0242833 8.57037 1.20637e-16)
(4.20721 1.29971 -5.25734e-17)
(-0.154783 3.45202 -1.10834e-19)
(-0.280028 -1.27387 -1.63002e-16)
(1.57684 0.589882 -1.23023e-16)
(6.3798 -0.0859895 6.36629e-17)
(3.30814 -0.417705 -1.8008e-16)
(-0.546947 0.0796599 0)
(0.152427 3.29722 0)
(-0.242622 7.16653 0)
(-0.147445 5.93597 2.515e-16)
(0.039553 8.74557 -2.30893e-17)
(0.75787 0.560794 0)
(0.395185 -0.575629 0)
(-0.8279 -0.0895414 5.92567e-17)
(0.934316 -1.65668 8.61046e-17)
(0.233786 4.72189 1.70103e-16)
(-0.128285 -1.39839 3.70593e-16)
(-1.06477 -1.31815 0)
(0.922675 -0.481247 -5.06109e-17)
(3.07279 1.89902 7.03848e-16)
(-0.0804884 6.63598 -1.0271e-20)
(-0.332072 8.83583 0)
(-0.681189 0.99477 -2.37963e-16)
(-0.126956 6.21226 4.37395e-17)
(0.0212089 4.89481 8.12652e-17)
(1.62505 0.0032746 1.19369e-16)
(-0.0685755 4.23622 0)
(-2.49636 0.258781 1.36415e-16)
(2.07936 -0.386476 5.04021e-16)
(0.0181973 0.378508 3.20036e-16)
(1.43379 0.170384 0)
(0.0341239 -0.80218 2.9425e-17)
(-0.112732 1.41669 -1.24311e-16)
(5.88683 1.04285 -1.04092e-17)
(0.0450715 8.66898 -1.26836e-17)
(4.60825 -0.915003 -3.34662e-16)
(-0.407166 0.0498988 1.3498e-19)
(0.376391 0.549737 1.55984e-16)
(-0.100345 5.70227 2.43762e-16)
(2.29621 0.347939 -1.19185e-16)
(1.14217 5.70441 1.28211e-16)
(0.0332994 8.87763 0)
(8.30602 0.889257 -1.26302e-16)
(0.152874 2.51917 -9.25607e-17)
(-0.0791053 5.08721 6.15069e-17)
(0.399202 -0.536255 2.00109e-16)
(0.990424 0.234321 -6.47639e-20)
(3.29368 1.27947 -4.40604e-17)
(0.456127 3.66543 -5.37567e-17)
(5.43016 2.62718 0)
(-0.0732266 7.11355 -2.10037e-17)
(2.58504 2.92254 0)
(1.07988 -0.969469 0)
(-0.0525432 5.04081 1.99088e-16)
(1.8103 -0.0226128 -8.01505e-17)
(0.175502 0.24982 4.8278e-21)
(1.35889 -0.451902 2.49177e-16)
(-0.464232 -0.188048 1.77555e-16)
(-1.01408 0.363473 4.64186e-19)
(-0.0689735 4.92747 -3.24984e-16)
(3.99202 1.85672 3.02449e-17)
(-0.396257 0.0700201 4.09222e-16)
(0.795397 1.04276 7.21316e-19)
(1.26 6.23378 1.7178e-16)
(0.34636 -0.126799 0)
(-0.629629 -0.674621 3.56549e-17)
(-0.0554057 7.15523 2.75969e-17)
(1.64804 -0.211392 -2.29001e-17)
(-0.181044 -0.689107 -7.63862e-17)
(-0.350644 -1.80111 -2.22422e-16)
(0.251939 0.0910498 3.65463e-16)
(0.112351 4.28773 0)
(-0.191408 3.10954 5.84546e-17)
(2.2242 8.03714 -1.47087e-16)
(0.571775 0.811164 1.34084e-16)
(0.587194 0.0878536 -4.46611e-16)
(-0.0453689 5.09968 0)
(0.148407 -0.441993 -4.94197e-16)
(2.76713 -0.0944852 -1.05745e-17)
(8.131 1.45231 -6.35531e-17)
(-0.45791 7.97867 8.23688e-17)
(5.68878 -0.0966243 8.9705e-18)
(-1.37783 -0.0855878 -2.2322e-16)
(1.3573 0.398498 -5.98483e-17)
(-0.667754 -1.24918 -2.64005e-16)
(-0.30247 -0.859208 -1.75425e-16)
(-0.143802 6.30152 8.52475e-17)
(-0.712936 -1.95425 -2.50772e-16)
(5.75132 2.59116 2.08332e-16)
(0.730031 -0.114327 -3.8174e-16)
(-0.0873281 -0.668361 1.9232e-16)
(8.28839 0.485641 8.47088e-17)
(-1.6413 0.232816 3.53504e-19)
(0.0819657 8.88457 8.13341e-17)
(-0.0385286 6.75541 4.7892e-17)
(-0.219413 8.31329 -5.95408e-17)
(-0.216072 5.47642 3.97904e-18)
(0.0020326 7.10755 9.66158e-17)
(1.23676 0.385231 -1.00645e-19)
(-2.2941 -1.09313 1.84792e-16)
(1.01603 -0.218065 -8.40166e-17)
(-0.0717287 7.1508 0)
(-0.168113 -0.00286569 -1.95037e-16)
(-0.486309 8.87318 -5.04149e-17)
(4.35615 0.588563 -7.29347e-17)
(-0.13717 3.94378 2.49476e-19)
(-0.412175 0.418653 -3.09607e-16)
(2.57205 1.07262 -1.03169e-16)
(1.6476 -0.526078 1.6113e-16)
(0.126479 0.0655104 1.64526e-16)
(-0.0149934 3.29982 0)
(8.59127 1.4059 0)
(8.01535 1.03349 4.65573e-17)
(-0.123881 5.46532 0)
(3.25116 0.809471 0)
(2.00198 0.709732 -2.20468e-16)
(-0.0409163 0.50413 0)
(1.48576 -0.324928 1.02537e-16)
(3.53587 0.0811731 1.52657e-16)
(-0.00158706 0.704555 6.63316e-19)
(-0.913396 0.651317 -1.08139e-16)
(-0.49715 0.051237 -4.14263e-16)
(-0.0507694 -0.273477 -1.77262e-19)
(-0.23792 -0.0961377 0)
(-0.295039 0.527408 -7.14193e-17)
(-0.140642 5.19487 9.02484e-17)
(0.0890811 3.88417 2.63914e-17)
(2.71107 -0.217425 -6.59517e-19)
(0.683305 -1.15432 0)
(2.0045 8.44416 2.81066e-18)
(1.63873 0.138506 -1.60621e-16)
(-0.14453 6.62601 1.55656e-16)
(4.2995 -0.0515614 0)
(-0.726745 -1.14546 -6.69629e-16)
(2.962 -1.04563 1.79729e-16)
(5.39236 0.292192 4.26901e-17)
(0.210727 9.25431 -5.21923e-17)
(0.708016 1.4826 0)
(-0.337715 -0.323131 1.44039e-16)
(1.15374 0.109685 6.5444e-16)
(2.58417 0.367652 -9.71563e-19)
(3.95246 0.100377 4.6121e-16)
(3.03693 0.0675334 6.2969e-17)
(-0.428609 10.243 -1.03632e-16)
(0.568092 2.89556 -3.31032e-16)
(-0.0795975 5.49453 -3.15288e-16)
(8.54768 0.227051 6.37653e-19)
(1.29367 -0.16637 -6.01211e-16)
(-0.258758 -0.0644636 -1.28859e-17)
(1.01076 -0.22505 1.98619e-16)
(0.118494 9.22651 5.64443e-17)
(-0.449075 7.21521 -1.99705e-16)
(2.92334 -0.0565373 2.44501e-16)
(0.406618 2.03791 6.40911e-17)
(-0.369252 0.39036 -8.16618e-17)
(-0.665375 0.0590096 5.35153e-16)
(-1.01922 -1.03641 -9.9469e-17)
(-0.136189 0.0512405 -6.9131e-17)
(0.49663 2.02371 -1.24589e-16)
(1.20504 0.153763 7.60925e-19)
(-0.00694476 4.18128 0)
(0.0841141 6.26194 0)
(0.0539096 6.16971 0)
(0.0716826 6.25094 -3.92899e-17)
(-0.128737 6.02241 2.39522e-17)
(0.00916969 6.00447 0)
(-0.130285 6.35258 0)
(-0.0579091 5.94564 0)
(0.0929527 7.03046 -8.60027e-17)
(0.0634199 5.9945 0)
(0.166249 5.75806 0)
(0.146262 6.75095 8.67229e-17)
(0.0200918 7.06661 0)
(-0.0370909 7.0208 -3.98112e-17)
(0.179621 6.42319 2.10279e-17)
(-0.0357707 6.02806 0)
(0.30182 5.25741 -1.06198e-16)
(0.205716 5.66852 -4.0293e-17)
(0.207237 6.0604 2.45248e-17)
(0.450041 4.48564 1.1869e-16)
(0.548726 3.50772 3.62412e-17)
(0.645095 1.7293 1.96066e-17)
(0.601662 2.58531 -2.13966e-17)
(-0.0544198 6.97323 4.14999e-17)
(-0.0529164 6.96316 0)
(-0.0401419 6.95562 0)
(0.0231502 6.2023 3.91557e-17)
(4.48895 -0.079893 4.54139e-17)
(8.25528 0.0229702 -2.48955e-18)
(-0.855114 -0.0238114 -3.11428e-16)
(-0.509254 -1.59034 -9.22118e-17)
(0.976247 0.77554 -1.90051e-16)
(-1.39336 0.577535 -2.10993e-16)
(2.04591 -0.859227 2.71218e-16)
(0.00616983 -1.1845 2.54803e-16)
(-1.64682 0.00546473 0)
(-0.272972 6.56533 -1.56272e-16)
(0.175444 5.75701 -7.16405e-17)
(-0.155628 5.70789 -4.64266e-17)
(-1.32434 0.285546 -4.4016e-16)
(1.20766 0.187946 0)
(8.62479 2.15716 -1.08337e-17)
(0.381961 -0.615843 -1.58259e-16)
(1.71581 -0.402179 1.67114e-16)
(-1.19862 -1.15672 8.46492e-17)
(1.41122 -0.0533623 8.69012e-16)
(0.0999256 8.2246 1.07331e-16)
(3.05666 -0.0839313 0)
(2.22287 9.57086 3.29369e-16)
(-0.12881 5.3803 0)
(-1.86482 -0.237544 0)
(-0.0406954 6.97328 0)
(-1.95162 -0.291146 6.78455e-17)
(1.0888 -0.350132 1.72427e-16)
(8.75412 0.905143 -2.76325e-16)
(-0.861487 0.0368789 -2.13886e-16)
(8.66102 0.564093 -8.33541e-17)
(0.121559 1.56768 0)
(1.66986 0.102193 0)
(-1.60874 -0.947654 -1.1653e-16)
(-0.171208 7.42568 1.76108e-16)
(-1.09928 1.11193 0)
(1.89451 -0.541206 -2.69071e-16)
(0.0696742 0.267225 0)
(-1.81037 -1.29744 0)
(0.00525229 0.148715 3.84048e-17)
(4.42102 0.265787 5.89782e-19)
(-0.177264 7.18906 -4.1778e-17)
(-1.555 0.190223 -3.35741e-16)
(0.765109 -0.593586 2.67219e-16)
(2.63894 0.143085 -1.56761e-16)
(-0.0404477 5.1431 0)
(6.72924 0.151722 3.41803e-17)
(8.27484 1.87647 0)
(2.09897 0.868024 -3.6333e-16)
(1.48303 0.340155 -2.90918e-16)
(3.12459 1.01359 -3.34216e-16)
(0.792247 0.312016 -2.00772e-16)
(2.87149 1.15942 -1.70716e-16)
(0.918441 -1.33191 -5.7889e-16)
(-0.266269 -0.173813 -1.41619e-17)
(1.69757 -0.157483 5.91833e-17)
(3.00528 -0.0965842 -1.33651e-17)
(4.2537 0.262896 1.62492e-17)
(-0.210082 5.78152 9.51372e-17)
(4.61255 2.40119 2.8692e-16)
(-0.043664 6.75362 2.08032e-17)
(1.78826 0.0977467 6.1473e-19)
(0.0490109 4.91831 -8.01081e-20)
(-0.495906 1.85233 -1.60322e-18)
(0.66473 0.231039 2.83892e-16)
(3.16705 -0.32406 2.37608e-16)
(1.07946 0.507169 1.62611e-16)
(-1.14185 -0.978373 -4.21257e-16)
(-2.06799 -0.0575929 2.33195e-16)
(0.0106117 4.74337 3.40516e-16)
(-1.87966 -0.0855096 0)
(0.00418676 4.9226 -2.03674e-16)
(3.54136 -0.09336 -4.52146e-16)
(4.35277 -0.12842 -2.91673e-17)
(1.06256 0.143543 -5.93335e-16)
(-0.106414 8.5359 5.04359e-17)
(2.70724 0.252542 -9.89904e-17)
(-0.219883 -0.019546 -6.55692e-16)
(2.77005 -0.730683 1.0907e-16)
(0.0362291 5.28345 5.0122e-17)
(-0.360653 2.39071 -2.88788e-16)
(-0.085539 4.81569 -2.50977e-17)
(8.3471 0.117958 -4.06797e-17)
(-0.049342 6.84613 1.98856e-17)
(-0.145053 5.3634 3.72023e-17)
(4.0256 -0.154967 9.83434e-17)
(-0.567685 0.881508 3.09817e-16)
(0.144923 4.03343 -2.07893e-16)
(-0.607399 -0.0123826 3.55698e-16)
(0.712428 -0.744564 2.9231e-17)
(-0.79778 -0.458836 0)
(2.33989 8.90474 -9.69347e-17)
(-0.128505 3.94728 -7.68435e-17)
(0.497789 2.63803 1.49283e-16)
(3.31699 1.30722 -4.65243e-16)
(-0.628772 -0.835011 2.63748e-16)
(-2.14902 -0.228867 2.07989e-18)
(-1.70782 0.613251 -6.27502e-17)
(0.121299 0.631573 -4.61939e-19)
(2.03556 -0.0898892 7.07928e-17)
(0.151598 -1.02418 2.13759e-16)
(8.31481 0.673265 -1.19283e-17)
(0.354259 -0.381362 -2.047e-16)
(-1.09543 0.260667 3.91233e-16)
(1.10984 -0.630692 1.44993e-16)
(1.1691 0.115556 2.97545e-16)
(-1.34529 -0.64348 6.36853e-17)
(7.88939 0.0448037 -1.59475e-16)
(0.276872 1.89553 2.55399e-16)
(-0.557982 -0.592565 6.18052e-16)
(-0.396985 -0.155414 4.83087e-16)
(-0.857792 -0.0140326 2.34514e-16)
(0.347012 4.98064 -5.33055e-18)
(0.597201 0.551787 -3.65861e-16)
(-1.52636 -0.346445 -1.37559e-16)
(0.53957 -0.0598254 9.92598e-17)
(5.01452 -0.150609 -3.16754e-16)
(-0.413289 7.43521 -1.41744e-16)
(0.0942996 5.11117 2.8788e-17)
(-1.13195 -0.455438 5.4094e-16)
(-1.16077 0.0237684 -3.13638e-16)
(1.55783 3.05361 0)
(-0.164653 8.2994 -1.00344e-16)
(-0.0679663 5.33658 -2.88371e-17)
(0.0275178 6.1986 1.80779e-17)
(0.242182 5.95722 -3.98861e-17)
(-0.035436 7.0913 -6.15068e-17)
(1.33336 -0.464809 2.02572e-16)
(-0.610696 -0.00498504 -3.74327e-17)
(0.394324 6.75378 1.12409e-16)
(1.82161 0.116532 0)
(-0.356994 0.0833584 -2.13731e-17)
(1.72963 0.824535 4.17718e-17)
(-1.94078 -0.51468 0)
(2.28376 0.428163 -4.11899e-16)
(-0.0483197 -0.204404 0)
(1.56979 -0.606805 -1.77051e-19)
(8.53471 0.272806 1.68941e-16)
(2.47214 0.32625 2.90505e-16)
(2.06467 0.0964636 -7.13448e-17)
(-2.22428 -0.469402 0)
(1.11171 -0.275976 8.93887e-16)
(1.87112 0.0687202 -1.99481e-17)
(0.204364 -0.579084 5.68226e-16)
(0.0889847 -0.527479 1.79148e-19)
(-0.67609 -0.00633499 0)
(1.28321 1.65753 2.02813e-16)
(-0.283769 6.48695 -8.51198e-17)
(-0.839523 -0.723099 4.41324e-16)
(1.37338 -0.389686 7.93088e-16)
(-0.501738 -0.0225031 1.81493e-16)
(0.00745012 8.55921 -8.65234e-19)
(2.2556 0.0639628 -3.20264e-17)
(2.26659 -0.790813 -2.45692e-16)
(1.97305 0.0379913 0)
(1.91862 2.90465 0)
(-0.00842102 -0.0188568 -2.97719e-16)
(4.34459 0.110443 3.90497e-16)
(0.970624 -0.219244 -2.2198e-16)
(9.56148 1.73817 0)
(0.965358 0.186028 1.40512e-18)
(1.92207 0.0774239 1.61389e-16)
(-0.554797 -0.0646124 -8.11583e-17)
(-0.188237 8.01227 1.84832e-16)
(0.499658 0.356631 4.528e-16)
(0.0788807 -0.590668 -6.86718e-16)
(1.48218 -0.450285 7.08071e-16)
(-0.212879 -0.09171 3.87734e-17)
(1.62599 0.335376 -1.86759e-16)
(0.584684 0.129157 2.78014e-16)
(-0.760488 -0.0180492 2.33791e-17)
(0.602789 -0.0813581 2.46822e-16)
(-0.865667 0.00640748 3.46123e-16)
(2.91491 -0.0586983 -8.21283e-17)
(9.39333 1.84481 0)
(-0.845625 0.00461225 -6.65068e-16)
(-0.885084 0.00109852 0)
(-0.807777 -1.03655 7.9896e-20)
(1.42555 -0.231557 -2.10243e-16)
(8.58652 0.139951 0)
(-0.0356739 6.69956 -7.94899e-17)
(-0.807476 -0.0111154 -2.62068e-17)
(-0.834561 0.00832157 3.93871e-16)
(-0.768758 -0.0111868 0)
(-0.829756 -0.00224738 -2.64915e-17)
(2.28103 0.0553835 -7.64285e-18)
(2.26496 0.0235816 7.72108e-18)
(-0.906874 0.0291179 0)
(-0.9246 0.0211674 0)
(-0.920399 0.00343375 0)
(-0.906422 0.00547669 -2.13385e-17)
(1.71231 -0.018393 7.67359e-17)
(0.351435 -0.512447 1.26262e-16)
(-1.23764 -0.859783 1.02399e-16)
(1.747 0.214548 -3.3049e-16)
(0.365145 -0.0653217 2.16211e-16)
(0.182609 3.12511 -9.10779e-17)
(-0.231911 5.75764 0)
(3.11329 -0.168405 -1.83893e-16)
(-0.0933223 5.39882 2.38113e-17)
(0.0314802 6.06304 -5.58353e-17)
(-0.0527336 0.037332 -2.80838e-16)
(-0.59932 0.135495 1.519e-16)
(1.36036 -0.590656 -1.55252e-16)
(-1.00027 1.57431 0)
(-0.0258731 6.64426 1.5318e-16)
(4.61852 1.29681 0)
(-0.338138 7.11847 -5.82247e-17)
(-0.218868 0.770043 -2.96419e-16)
(-0.825356 0.0365938 0)
(0.390233 4.75983 8.15723e-17)
(4.59977 -0.0574366 1.62834e-16)
(1.06331 0.432832 1.46528e-16)
(0.189804 -0.584843 -2.67924e-16)
(3.71527 -0.218503 -1.91833e-16)
(4.21955 -0.118629 4.60253e-17)
(0.0881681 6.46576 0)
(-0.654964 -0.146957 -2.66555e-17)
(2.23356 4.70125 -2.3041e-16)
(0.750694 0.229741 -2.97491e-19)
(1.2011 6.11849 -1.5567e-17)
(-0.0143274 5.93858 2.25136e-17)
(-0.124537 5.60337 0)
(8.71243 1.00302 4.30785e-17)
(1.6506 -0.575383 -8.93359e-17)
(-0.0753678 -0.0447216 -7.5265e-17)
(1.88681 0.418099 0)
(1.13943 0.201554 1.00165e-16)
(5.14446 0.179667 -2.2888e-16)
(3.18291 0.303658 -7.043e-18)
(2.32938 -0.329754 -2.85744e-16)
(2.3669 -0.481207 1.56372e-16)
(1.09307 1.08353 -5.4304e-17)
(-0.165503 -0.968435 0)
(0.682275 0.325255 -1.39629e-16)
(5.02654 -0.815171 -5.19651e-16)
(-0.171479 7.66708 -4.21626e-17)
(2.24803 -0.350212 -3.86356e-16)
(-0.164737 5.33308 -9.01883e-17)
(0.749593 -0.0620443 -4.88832e-16)
(1.09587 -0.506569 0)
(-1.63927 -0.333026 -3.21563e-17)
(4.5985 2.42956 -1.65816e-16)
(0.916011 8.34983 4.11338e-17)
(0.090924 0.549649 3.28202e-16)
(0.842195 -0.166269 0)
(-0.768371 -0.907153 3.47844e-17)
(2.54789 9.20491 2.01821e-16)
(-0.0756098 4.66945 -6.80924e-17)
(2.24066 -0.0060684 -5.92706e-17)
(2.17198 -0.034453 6.38746e-17)
(-0.173032 7.29228 -2.18023e-17)
(-0.468656 0.0617442 -3.16365e-16)
(-3.12469 1.11714 5.21096e-18)
(4.61057 0.201186 -1.75265e-16)
(3.87543 0.164981 7.44737e-19)
(3.82986 0.764099 -1.05842e-18)
(-0.217183 6.66084 1.68429e-16)
(8.2958 0.0611247 3.53399e-16)
(3.23011 2.74515 4.4823e-17)
(-0.0999633 5.47659 0)
(0.0109019 5.95509 -2.13006e-17)
(-0.0209887 3.08999 0)
(0.349918 1.03734 3.83324e-16)
(6.18481 2.33841 -1.31702e-16)
(1.28012 -0.987407 -4.91676e-18)
(0.874567 6.16989 1.78338e-16)
(1.239 -0.517235 8.79189e-17)
(-0.85397 0.0863303 2.07024e-17)
(-0.541915 -0.403158 1.51599e-19)
(0.619417 1.07381 6.81702e-17)
(-2.04624 -0.54765 -8.04293e-16)
(1.2075 -0.15819 8.07444e-16)
(-0.520588 -0.867482 3.86769e-16)
(4.73076 0.585784 -3.99951e-17)
(0.928086 -0.866323 -1.94306e-16)
(2.84262 -0.484365 2.26383e-16)
(0.99324 -0.318309 7.4144e-20)
(0.449943 1.56885 -2.55776e-16)
(7.52868 0.0168609 0)
(3.6186 0.327257 -2.78468e-16)
(-0.0697082 6.86124 -4.59314e-17)
(5.82993 -0.656821 2.56417e-16)
(-0.1297 2.42387 -5.46427e-20)
(-0.193596 7.01294 -2.05654e-16)
(-0.906526 -1.15902 0)
(1.44271 0.165246 0)
(2.57504 -0.500902 -2.91128e-17)
(3.15041 -1.32839 5.31165e-17)
(-0.0740477 0.473459 -1.12667e-17)
(0.222485 -0.738761 -1.43921e-16)
(1.59908 0.293334 2.52217e-19)
(0.422249 -0.0350583 -1.43662e-16)
(3.78724 -0.117976 -5.25914e-17)
(0.347953 9.54559 -1.09616e-17)
(8.20016 0.186821 -2.58455e-17)
(-0.131105 0.0872045 -1.00632e-19)
(-0.211194 0.0153824 4.26776e-16)
(4.36921 1.87673 1.63543e-16)
(-0.557841 0.0313065 -2.28486e-16)
(-0.986415 0.418382 3.85026e-16)
(6.04585 1.86636 -9.59449e-17)
(6.06061 2.65895 -1.99553e-19)
(0.845004 -0.0782281 0)
(1.50563 2.94204 0)
(7.46773 0.106428 -2.02315e-16)
(1.01456 0.19673 2.62311e-16)
(0.22131 0.225411 -1.27154e-16)
(0.325813 -0.437623 -2.18286e-16)
(-0.535771 0.0261764 6.90406e-17)
(3.16999 0.768837 -9.61359e-17)
(-1.63287 -0.516035 0)
(1.22643 -0.367057 -1.69892e-16)
(8.99872 0.691796 -5.17012e-18)
(2.74126 -0.365237 2.04528e-16)
(1.74915 -0.000854697 -7.75816e-17)
(0.170004 8.28559 0)
(-0.146528 6.10253 -1.99115e-16)
(-0.111185 3.84562 -3.09824e-16)
(-2.94519 0.458249 -1.86647e-16)
(1.08985 8.78121 1.20453e-17)
(8.8498 1.19096 -1.91358e-17)
(1.15452 0.205907 0)
(3.16743 -0.445843 1.4211e-16)
(0.310214 -0.86955 -2.14303e-17)
(0.266364 -0.383424 -5.22035e-16)
(3.5998 -0.311689 -6.05672e-16)
(-0.741255 -0.526452 -2.6834e-16)
(1.09644 -0.329459 2.17339e-16)
(2.28209 0.800291 6.99967e-16)
(0.241845 -0.096762 -1.28265e-16)
(-0.0292775 3.6792 -8.24817e-17)
(-1.20306 -0.988824 -5.54181e-16)
(1.4967 0.0311065 8.20627e-17)
(3.74358 -0.330176 9.06896e-17)
(-0.774259 0.388643 2.30768e-16)
(0.409899 -1.2436 0)
(-0.920781 -0.214048 1.24324e-16)
(0.179629 0.530773 -1.61566e-16)
(-0.328444 -0.373439 2.08031e-16)
(0.421089 0.623871 8.31003e-17)
(-0.073823 9.67303 2.3239e-16)
(-0.611919 0.02266 4.2193e-16)
(1.26357 2.8952 0)
(-0.863849 -1.01586 -4.3101e-16)
(1.2936 0.076717 -3.96429e-16)
(-0.177445 7.24884 0)
(1.89925 -0.0482416 4.87051e-17)
(8.66953 0.752782 0)
(0.0240333 6.36245 -1.30594e-16)
(-0.170446 8.34342 -3.70863e-18)
(4.97365 1.01626 2.78232e-16)
(-0.177817 7.4739 1.98192e-17)
(6.80638 0.113422 -9.73629e-17)
(1.03591 -0.460428 -4.6012e-17)
(4.68289 -0.513566 1.52136e-16)
(-0.155415 8.33453 0)
(0.372579 0.00409043 -3.29887e-16)
(2.2661 0.427437 4.10744e-17)
(3.08451 -0.0191907 -1.84758e-16)
(-0.00697746 3.7374 1.18243e-16)
(1.90938 0.553011 3.55074e-16)
(0.859584 -0.295061 1.56499e-16)
(0.337867 3.878 1.88299e-16)
(3.18728 -0.40435 -1.44033e-16)
(0.171214 7.50843 -4.73332e-17)
(-0.28386 8.75224 -5.55649e-17)
(-0.305897 6.98243 9.81075e-17)
(8.36097 0.207253 -7.61013e-17)
(4.34469 -0.156206 2.93165e-16)
(1.89146 0.71015 -2.45559e-19)
(-0.883834 0.0349942 1.90324e-16)
(-0.179843 5.09077 0)
(1.29258 -0.508214 3.71851e-16)
(4.36397 0.648535 -1.82661e-19)
(-0.16222 4.40861 3.22478e-16)
(1.93219 0.0051701 0)
(-0.334247 3.82737 0)
(0.066709 6.34531 9.38091e-20)
(9.35082 1.4785 -7.81172e-18)
(-0.00533646 1.35102 1.53982e-16)
(3.27475 0.0398849 -2.86241e-16)
(-0.422238 -0.320686 0)
(7.04936 0.0560293 -3.21013e-17)
(1.57012 0.83842 -3.22073e-16)
(0.926297 0.286059 -9.57734e-18)
(-0.750991 -0.889005 0)
(0.328691 0.503014 -1.35567e-16)
(-0.167712 5.78021 -1.29184e-16)
(-2.05936 -0.3164 1.69502e-16)
(1.91055 8.74632 -1.69772e-16)
(1.06888 -0.0933901 1.34023e-17)
(-0.975204 -0.777844 -8.9866e-17)
(0.179985 5.34471 7.41149e-18)
(0.0228879 2.85365 1.62211e-16)
(-0.161512 -0.0509145 -5.00657e-16)
(2.00763 -0.0510565 -6.99577e-17)
(0.870578 5.29558 5.66877e-17)
(-0.0710896 6.35977 5.70093e-17)
(0.412359 6.26951 -6.20488e-17)
(1.52251 -0.25527 0)
(-0.0303261 1.01534 -1.18312e-16)
(2.95779 -0.282186 1.19633e-16)
(8.81908 0.433952 0)
(0.0796555 5.71474 -9.53157e-17)
(-0.455606 2.95489 0)
(0.0552334 2.92982 4.66238e-17)
(1.37301 -0.999195 8.54689e-17)
(-0.604651 -1.27036 2.32933e-16)
(1.39764 0.0504731 2.55421e-16)
(-1.96495 -0.122045 -4.78565e-17)
(0.968415 -0.400779 -5.07874e-17)
(1.50967 -0.0691353 0)
(0.755511 -0.0428578 -3.26507e-16)
(-0.137374 3.1269 2.59538e-20)
(8.93005 1.49622 3.50137e-18)
(-0.731525 0.00961694 -4.71755e-16)
(3.05696 -0.842782 -7.77681e-18)
(1.00238 0.141239 0)
(3.60908 0.20773 0)
(-0.163831 4.91819 -1.44531e-16)
(2.61268 0.149919 0)
(-0.306765 -0.330623 1.39687e-16)
(4.47249 0.0566053 1.89006e-17)
(0.122485 -0.667186 2.84286e-16)
(8.40819 0.418005 0)
(-1.69211 -0.711037 -4.2312e-16)
(0.0912986 1.03279 0)
(-0.235246 -0.319457 3.4563e-17)
(1.45627 1.27795 1.21009e-16)
(-0.805747 -0.00324874 0)
(-0.148139 3.99986 -9.48676e-17)
(1.1069 0.730807 6.74477e-17)
(-0.603839 -1.01966 -6.18397e-17)
(-1.99255 1.00103 2.42576e-16)
(-1.57058 0.464856 3.29901e-18)
(0.513347 6.09206 -6.95894e-17)
(0.542461 0.588096 0)
(-0.445049 -0.0360062 -3.19176e-17)
(0.0461861 2.02928 2.87929e-16)
(-0.486445 -0.0408999 0)
(3.18157 -0.778388 3.89164e-17)
(3.4203 -0.0848594 -1.3953e-16)
(-1.52353 9.06176 -1.01641e-16)
(1.62657 0.485363 2.35421e-16)
(0.639932 0.265116 0)
(1.90558 0.302255 -2.3252e-17)
(0.0420982 0.118202 -2.3206e-17)
(2.87771 -0.0494858 0)
(-0.0219776 -0.0517143 1.48382e-16)
(0.290238 0.179259 -1.75755e-16)
(-0.127994 8.64407 -7.70202e-17)
(-2.08808 0.746166 -4.4259e-16)
(4.1499 1.52688 -8.70947e-17)
(4.26255 0.323892 -1.05867e-16)
(3.90692 0.601329 5.52552e-16)
(2.24667 0.39264 3.94535e-18)
(1.14504 0.379895 -1.14686e-16)
(-0.162188 7.39248 4.35762e-17)
(4.23621 0.00263384 1.43458e-16)
(-0.640134 9.83148 1.10549e-17)
(-0.134888 -0.542284 -2.29176e-17)
(5.11843 1.74412 0)
(0.161229 6.06661 5.01865e-17)
(2.7236 -0.0240285 4.6955e-18)
(-0.295405 -0.553064 -1.74212e-16)
(-0.111608 -0.360206 -2.49635e-16)
(-0.694051 0.00522136 -3.46524e-17)
(-0.259361 0.0822309 3.17473e-16)
(0.0162357 3.48547 0)
(3.66195 0.136937 1.40961e-16)
(2.81961 0.673641 -9.34424e-16)
(0.310842 8.20497 1.12805e-17)
(0.598914 0.772732 0)
(4.34215 -0.0724096 -4.20122e-17)
(1.30956 -0.73863 -2.89532e-17)
(3.18195 1.15391 3.18725e-18)
(5.34459 -0.353789 -1.46109e-16)
(5.73854 -0.25146 -5.24487e-20)
(1.01593 0.270191 -1.07326e-16)
(1.96282 0.495086 -3.34344e-16)
(-0.515724 -0.142703 0)
(-0.60544 0.428024 0)
(0.0567655 1.50364 0)
(-0.0273804 7.3207 0)
(-1.90297 0.492676 -1.63014e-16)
(1.35179 3.78472 -1.34188e-16)
(0.31779 -0.376443 1.93015e-16)
(-0.113216 7.41679 0)
(1.24873 4.72654 1.81842e-16)
(-0.0539855 7.25939 -6.83667e-17)
(0.0120896 7.27487 -1.69987e-17)
(-0.0102006 7.35243 -3.65886e-17)
(4.44442 -0.048324 -8.86623e-17)
(0.471148 6.05778 -1.08001e-17)
(1.42151 -0.042471 -2.57858e-16)
(-1.22566 -1.09735 4.57994e-16)
(-0.545754 -0.0219666 -2.05453e-16)
(0.579689 -0.911257 0)
(-1.77237 -0.159108 -9.66577e-20)
(-0.563288 0.0132706 -6.41705e-16)
(3.90802 -1.16261 -2.46853e-16)
(3.75337 0.156158 4.0362e-16)
(-0.21465 6.0036 7.38122e-17)
(-0.0432646 7.09412 0)
(2.31695 3.84001 0)
(-0.0754976 7.07677 -8.02117e-17)
(0.0210083 6.69674 1.98358e-17)
(-0.496914 -0.0410827 8.02209e-17)
(-0.216717 7.43527 1.90225e-18)
(-0.44113 -0.258597 -7.18477e-17)
(1.29807 -0.194348 -3.51783e-16)
(-3.68777 0.693943 0)
(0.542082 5.41342 -2.6515e-16)
(3.03334 -0.343941 -5.58224e-20)
(2.41384 0.10991 -2.05629e-16)
(2.71668 0.167318 -4.66217e-17)
(2.89232 0.342708 0)
(3.772 -0.126106 -3.40061e-16)
(1.02569 5.09217 -7.38887e-18)
(2.6302 -0.108 -4.13992e-17)
(4.04448 0.0326504 -8.99339e-17)
(-0.50502 -0.0273095 -6.62243e-17)
(7.84091 0.187848 -8.42137e-17)
(3.99601 1.23494 0)
(0.261655 5.99559 -6.6161e-17)
(3.75334 -0.787387 -1.41626e-16)
(-0.154374 -0.00917682 -1.76762e-17)
(3.97637 0.627302 4.95633e-16)
(4.18514 -0.252107 1.01971e-16)
(4.18348 -0.0937489 -2.97665e-16)
(-2.37284 -0.212771 -1.01659e-16)
(6.92985 -0.0129449 1.58306e-16)
(-1.33198 -0.366291 9.0847e-16)
(3.04908 -0.167608 4.30308e-16)
(3.60582 -0.415447 -2.80208e-16)
(0.972362 -0.0205461 -9.70932e-16)
(1.4747 -0.397075 -5.06369e-16)
(-0.19817 0.920318 -2.33631e-16)
(0.141165 -0.235957 -1.08443e-15)
(0.0817005 0.535459 -1.83332e-16)
(0.958216 1.80742 -6.6923e-18)
(-0.0553328 0.119794 0)
(0.214662 0.450784 0)
(4.37752 0.136633 1.22404e-16)
(-0.471515 2.15368 1.03348e-16)
(0.738856 2.29147 -9.66404e-16)
(0.113724 -0.344845 1.23567e-15)
(5.11976 0.425706 -5.45402e-17)
(4.55275 -0.118602 0)
(5.13248 0.0148583 9.75873e-17)
(6.11154 0.025645 3.49935e-16)
(7.15673 0.0344195 -1.61232e-17)
(-2.93843 -0.0795728 1.43626e-16)
(3.48366 -0.00424157 2.15226e-17)
(0.215331 -0.193034 1.4749e-18)
(4.26832 0.535084 0)
(-1.82459 -0.046331 1.09249e-16)
(-1.39844 0.20424 0)
(4.75483 0.328458 -1.18171e-17)
(-2.71837 0.183741 -2.85949e-18)
(4.84271 -0.212465 2.42425e-16)
(3.87166 0.0494478 -4.05487e-16)
(4.31998 -0.0413472 0)
)
;

boundaryField
{
    frontAndBack
    {
        type            empty;
    }
    wallOuter
    {
        type            noSlip;
    }
    inlet
    {
        type            fixedValue;
        value           nonuniform 0();
    }
    outlet
    {
        type            zeroGradient;
    }
    wallInner
    {
        type            noSlip;
    }
    procBoundary1to0
    {
        type            processor;
        value           nonuniform List<vector> 
29
(
(0.919845 -0.475605 -2.0367e-16)
(0.919845 -0.475605 -2.0367e-16)
(-2.19303 0.290783 0)
(-0.586871 0.564131 1.83957e-16)
(-0.364165 0.659493 -1.2145e-16)
(-2.23286 0.449692 -1.24302e-16)
(3.99207 -0.164284 2.62086e-16)
(3.41207 -0.0284207 0)
(6.17731 0.35054 0)
(1.10805 0.48883 -1.67404e-16)
(2.85704 0.183779 -2.61292e-16)
(-2.23286 0.449692 -1.24302e-16)
(-2.19303 0.290783 0)
(-0.950404 -0.483367 0)
(6.71115 0.00259329 1.00503e-16)
(8.49025 0.141074 0)
(-0.364165 0.659493 -1.2145e-16)
(0.797749 0.705341 0)
(-0.586871 0.564131 1.83957e-16)
(1.87396 -0.188718 4.62293e-19)
(8.69966 0.131785 -3.28541e-17)
(8.00596 0.086447 -1.57885e-17)
(5.019 0.23698 -1.42856e-16)
(6.77777 0.0737983 1.89879e-16)
(6.77777 0.0737983 1.89879e-16)
(5.019 0.23698 -1.42856e-16)
(8.65693 0.0398478 -6.7534e-17)
(1.59417 0.0249954 0)
(8.65693 0.0398478 -6.7534e-17)
)
;
    }
    procBoundary1to2
    {
        type            processor;
        value           uniform (2.57902 -0.158483 -1.72597e-16);
    }
    procBoundary1to3
    {
        type            processor;
        value           nonuniform List<vector> 
48
(
(0.1217 5.19529 0)
(0.182174 8.04145 -7.00021e-20)
(0.0196343 7.12472 1.16435e-16)
(0.0196343 7.12472 1.16435e-16)
(0.133225 5.18563 -7.22518e-17)
(0.306776 6.82285 4.13219e-16)
(0.306776 6.82285 4.13219e-16)
(1.27299 0.612092 0)
(0.241992 3.38974 0)
(-0.0281182 -0.886267 0)
(-0.185468 0.435076 -2.9942e-16)
(-0.0281182 -0.886267 0)
(0.24369 -1.94165 3.09285e-16)
(1.95606 -0.423536 2.4376e-16)
(2.04303 -0.476855 -1.50852e-16)
(0.24369 -1.94165 3.09285e-16)
(0.23276 -1.89106 -2.81833e-19)
(0.23276 -1.89106 -2.81833e-19)
(0.10298 -1.33102 0)
(0.10298 -1.33102 0)
(1.64756 -0.42725 2.19637e-17)
(1.57408 -0.420057 1.59615e-16)
(-0.0848354 -0.604922 -1.99437e-16)
(-0.00949229 2.05433 7.60032e-16)
(-0.00949229 2.05433 7.60032e-16)
(0.180588 0.473658 0)
(1.4939 -0.36462 0)
(1.4939 -0.36462 0)
(1.41676 -0.0511297 3.9935e-16)
(0.136803 2.54726 -2.65393e-16)
(-0.0756538 1.13284 -1.43138e-16)
(1.41676 -0.0511297 3.9935e-16)
(1.27299 0.612092 0)
(0.430005 2.43573 -4.73006e-16)
(0.331343 -0.212284 -1.95563e-16)
(0.136803 2.54726 -2.65393e-16)
(0.971227 1.50602 -3.08238e-16)
(-0.185468 0.435076 -2.9942e-16)
(0.126619 4.23261 0)
(-0.0376259 7.18341 1.46683e-17)
(1.68819 -0.472796 3.64327e-16)
(0.6806 1.91498 2.31077e-16)
(0.430005 2.43573 -4.73006e-16)
(0.331343 -0.212284 -1.95563e-16)
(2.33834 -0.350042 6.38366e-17)
(-0.0150585 6.06423 1.91298e-20)
(0.058899 6.52779 0)
(1.68819 -0.472796 3.64327e-16)
)
;
    }
}


// ************************************************************************* //
