/*--------------------------------*- C++ -*----------------------------------*\
| =========                 |                                                 |
| \\      /  F ield         | OpenFOAM: The Open Source CFD Toolbox           |
|  \\    /   O peration     | Version:  v1912                                 |
|   \\  /    A nd           | Website:  www.openfoam.com                      |
|    \\/     M anipulation  |                                                 |
\*---------------------------------------------------------------------------*/
FoamFile
{
    version     2.0;
    format      ascii;
    class       volScalarField;
    location    "0.36";
    object      nut;
}
// * * * * * * * * * * * * * * * * * * * * * * * * * * * * * * * * * * * * * //

dimensions      [0 2 -1 0 0 0 0];


internalField   nonuniform List<scalar> 
5794
(
0.00187383
0.000735235
0.00295196
0.00492005
0.00629277
0.000859976
0.00146272
0.00151622
0.00244119
0.00172043
0.00202085
0.000983646
0.00149024
0.00185626
0.00194696
0.000773063
0.00325073
0.00488927
0.00103727
0.000790795
0.00173605
0.00122775
0.00269701
0.00147887
0.00151579
0.00289417
0.00400789
0.00717029
0.00440597
0.000822046
0.00171505
0.0013935
0.00245281
0.00239055
0.00426116
0.00339468
0.000787591
0.00069919
0.00210974
0.00383344
0.00459175
0.00212909
0.000737503
0.00123408
0.00154534
0.00227272
0.000981373
0.00120886
0.00130915
0.00120967
0.000214443
0.00300416
0.00135534
0.00138371
0.000141006
0.00232072
0.00103797
0.00173369
0.000723229
0.00363492
0.00131428
0.000584125
0.00148023
0.00316906
0.00584993
0.000878137
0.00430462
0.000634266
0.00340104
0.000744921
0.00603045
0.00461993
0.00541018
0.00268281
0.00441895
0.00559848
0.000562494
0.00263056
0.0014628
0.000159997
0.000719572
0.00120251
0.00357311
0.00199089
0.00112384
0.000923231
0.000743822
0.0010533
0.00102348
0.00440262
0.00519322
0.00222348
0.00344751
0.00541305
0.00273187
0.00830928
0.00410826
0.00317683
0.00215797
0.00140807
0.00146859
0.000800571
0.000743799
0.00363889
0.00361564
0.00919839
0.000514721
0.00430111
0.00516031
0.00161501
0.000793599
0.00292156
0.00154914
0.0011159
0.00247412
0.00409391
0.00176694
0.00567482
0.00122707
0.0010014
0.00774015
0.000533529
0.000761096
0.00636718
0.00239216
0.00330499
0.00115067
0.000883956
0.00352496
0.00397669
0.00110293
0.00171847
0.00160121
0.00250725
0.00988657
0.00213472
0.0027672
0.000649549
0.000564494
0.00206912
0.00175132
0.00407243
0.00237849
0.00474411
0.000886929
0.00478858
0.0021162
0.0013652
0.00593391
0.0034368
0.000722244
0.00293944
0.00945046
0.000502077
0.00447208
0.000855546
0.00191702
0.000815764
0.00210927
0.000762948
0.00104359
0.00163058
0.00106702
0.00143487
0.00198915
0.00194157
0.001101
0.0011798
0.000861093
0.000922965
0.00049976
0.00195918
0.00111111
0.00128804
0.000887048
0.00172745
0.000530798
0.00110776
0.00143014
0.00197721
0.000736111
0.000879165
0.00081176
0.0015969
0.000759256
0.0019474
0.000757439
0.00114744
0.00101152
0.000508904
0.00163117
0.00101568
0.00179475
0.00109599
0.000992863
0.000631272
0.00108892
0.00161149
0.000847685
0.00100126
0.00133462
0.0021581
0.0010992
0.000981005
0.000867854
0.00196278
0.000944928
0.00620452
0.00483198
0.00228831
0.00199299
0.000859513
0.00358225
0.0029428
0.00195219
0.00322487
0.00257223
0.00179337
0.00358722
0.00576323
0.000858909
0.00258569
0.00857502
0.00388408
0.00222987
0.00277177
0.00052984
0.00455485
0.00133397
0.00206887
0.00204441
0.00488256
0.00180999
0.00370299
0.000783427
0.00417365
0.00474782
0.00181136
0.00103414
0.00160905
0.00138366
0.00814861
0.00274807
0.000947571
0.00065288
0.000963065
0.00146029
0.00479313
0.00117366
0.000975563
0.000706016
0.000868879
0.00426603
0.000597522
0.000807226
0.00615437
0.000891762
0.000854756
0.00385398
0.00221126
0.00227765
0.00352527
0.00277016
0.000583451
0.000995187
0.00129442
0.00504983
0.00343415
0.00116584
0.00278809
0.00129112
0.00124317
0.00195601
0.00510082
0.000871123
0.00176712
0.00142984
0.00186686
0.00195177
0.00140233
0.00196256
0.0033735
0.00446452
0.00171963
0.00381779
0.00510814
0.00264533
0.0033281
0.00530582
0.0087748
0.00244996
0.00547086
0.00209997
0.00258748
0.000769008
0.00243295
0.00519129
0.00132286
0.003322
0.000676348
0.00068707
0.00101663
0.000559086
0.0039411
0.000979165
0.00292707
0.00162298
0.00236789
0.00243291
0.00114282
0.00104668
0.00291421
0.00271354
0.00106888
0.00078363
0.000903208
0.00537927
0.00730087
0.00461521
0.0043956
0.00352384
0.0018787
0.00484548
0.00612972
0.000731485
0.00228017
0.00259586
0.00077855
0.00127819
0.00185585
0.00186701
0.0008163
0.000814768
0.00156057
0.000908829
0.00123345
0.00113899
0.000846298
0.000810665
0.000917095
0.0010703
0.000810451
0.00242887
0.00153192
0.000648674
0.00075261
0.00175902
0.000917091
0.00227978
0.000564482
0.00219854
0.00153126
0.00155003
0.000876027
0.000879269
0.00128358
0.000866122
0.0019207
0.00142691
0.00130611
0.00619944
0.000944015
0.00272935
0.00189203
0.00290143
0.00291017
0.00179029
0.00151723
0.000663221
0.00111352
0.00366311
0.000520878
0.00418035
0.000759453
0.00714169
0.00304502
0.00166577
0.00106758
0.00186481
0.000468396
0.00300696
0.00356054
0.000751192
0.00290408
0.00337544
0.0023342
0.00721166
0.00337564
0.00432682
0.00107287
0.00111336
0.00184231
0.000631472
0.00383337
0.00104333
0.00133986
0.000917718
0.00142842
0.00134326
0.00260094
0.00184635
0.00214978
0.00441409
0.000513765
0.00128939
0.00229779
0.0013711
0.00124176
0.000584041
0.00427408
0.00337179
0.00222019
0.00435322
0.0011912
0.00171457
0.000754564
0.000734633
0.00238856
0.00196268
0.00362643
0.0020783
0.00290341
0.0057978
0.00342822
0.00136561
0.0015665
0.00114629
0.00114503
0.0008602
0.00113355
0.00310869
0.000786079
0.00516342
0.00221016
0.00122934
0.00170852
0.00089069
0.00144542
0.00199398
0.00210519
0.00143563
0.000806253
0.000961892
0.000891556
0.00253489
0.00460027
0.00263159
0.000457406
0.000951622
0.00319782
0.00129494
0.000822762
0.00241565
0.00139901
0.00489337
0.000547396
0.00473461
0.00883982
0.00370288
0.00716296
0.00135807
0.000687972
0.00090483
0.00192538
0.00150843
0.00396321
0.00387373
0.00463499
0.00521631
0.00204975
0.000163158
0.00488965
0.00431618
0.00394182
0.00284653
0.00326243
0.00533391
0.00751506
0.00219678
0.000701696
0.000898076
0.00130408
0.00186341
0.00246889
0.00572932
0.00345602
0.000862776
0.00284099
0.00173258
0.00112266
0.000914377
0.00469796
0.00432368
0.00513534
0.00122223
0.00132811
0.000957758
0.00362003
0.000422452
0.00208774
0.00628609
0.00562343
0.000730794
0.00203276
0.00574609
0.000571476
0.00101882
0.00104793
0.00475514
0.000908179
0.00818544
0.00136404
0.00303929
0.000584755
0.000939777
0.00238142
0.0037955
0.000577035
0.000807849
0.00446179
0.00105174
0.000591132
0.00598554
0.00722478
0.00436093
0.00135973
0.00258162
0.00209417
0.000676701
0.00132054
0.00118201
0.000319046
0.00374751
0.00333801
0.00353681
0.00213048
0.000786772
0.00280383
0.00385869
0.00189255
0.00107943
0.00264006
0.000862467
0.00141812
0.00222737
0.000730914
0.000756353
0.00458966
0.00103623
0.00102042
0.00390234
0.00100656
0.000598847
0.00224179
0.00122567
0.00301651
0.00109206
0.0012769
0.00063638
0.00433774
0.00689613
0.000459279
0.00298932
0.00308596
0.00151754
0.00227388
0.00086158
0.00385173
0.00041564
0.000772788
0.00161754
0.0029124
0.00146824
0.00140284
0.00138068
0.000861031
0.0056295
0.00383774
0.00145951
0.00519272
0.00486172
0.00267007
0.00831827
0.00320834
0.00347885
0.00131702
0.00115373
0.00445329
0.00244175
0.00511088
0.000894587
0.00129754
0.000797488
0.00527046
0.00276508
0.00307949
0.000316089
0.000831443
0.000518091
0.0030887
0.00165929
0.00174219
0.00291691
0.00552244
0.00059724
0.00279295
0.00259871
0.00110406
0.000164833
0.00186373
0.00409274
0.0055087
0.00323861
0.00148226
0.000748072
0.000795041
0.00191782
0.00105499
0.000853169
0.00186696
0.000325836
0.00299165
0.00381554
0.00596102
0.000456827
0.00133881
0.000968587
0.00518364
0.00644359
0.00103061
0.00180523
0.00100882
0.000302433
0.000904539
0.000617348
0.00208868
0.00277989
0.000811345
0.00151031
0.00722739
0.00144711
0.000807714
0.00409583
0.00257178
0.00265179
0.005253
0.00268748
0.00100265
0.00171176
0.000944299
0.000469396
0.00260288
0.00303516
0.000625384
0.000610015
0.00283193
0.00469865
0.00295535
0.00113293
0.00355385
0.000932396
0.0014516
0.00133395
0.00093172
0.000718749
0.00332661
0.00557748
0.00528393
0.00267246
0.00287559
0.00180456
0.00139159
0.00436979
0.0013077
0.00136938
0.00311045
0.0058059
0.00251135
0.00321214
0.00200114
0.00106132
0.00541468
0.00265504
0.000704212
0.0041433
0.00262478
0.00430395
0.00355933
0.00227996
0.000565645
0.00424521
0.00817247
0.00268864
0.00343216
0.00276519
0.00188481
0.00684174
0.000417494
0.000508295
0.000770446
0.000801031
0.000726131
0.000314557
0.000901423
0.0045287
0.00320437
0.000984788
0.00230102
0.00250985
0.00728556
0.00103167
0.00771452
0.00384642
0.00343886
0.00431019
0.000776152
0.000735224
0.00532615
0.00278798
0.00696644
0.0082505
0.00300912
0.00290317
0.00289828
0.00631847
0.00132651
0.000784601
0.000820575
0.00859356
0.000953753
0.00296487
0.0023768
0.00641938
0.00198333
0.00271397
0.00265109
0.00224905
0.00436124
0.00223469
0.00342318
0.00476255
0.000326951
0.00027233
0.000458542
0.000408527
0.0048345
0.00260861
0.00482677
0.00142246
0.00080364
0.000723676
0.00243291
0.00223137
0.000579159
0.00280123
0.00514026
0.000757085
0.00591464
0.0028643
0.000710598
0.00281203
0.00581905
0.00489277
0.00332875
0.00582863
0.00563813
0.00290617
0.00359452
0.00180387
0.00406957
0.00236878
0.00482623
0.00537355
0.00250756
0.00523752
0.00114631
0.00136304
0.00244127
0.0036425
0.00110213
0.00708784
0.00495275
0.00101977
0.00142442
0.000648772
0.00506261
0.00276664
0.00728891
0.00520169
0.00275456
0.000597905
0.00609108
0.00713901
0.00307214
0.00130705
0.00291143
0.00087903
0.00329698
0.00123458
0.0026679
0.000864621
0.00600361
0.0021511
0.00101568
0.000835267
0.00306089
0.00705909
0.00597851
0.0028589
0.00879281
0.00362542
0.00167857
0.00274195
0.0010436
0.0106301
0.00141672
0.000926867
0.00269919
0.00867207
0.000593401
0.00125136
0.0009574
0.00128906
0.00484224
0.00104596
0.000770012
0.0031141
0.00374007
0.00273187
0.00252427
0.00476841
0.00501252
0.000772281
0.00343108
0.00644412
0.00357802
0.00385927
0.00579409
0.000410669
0.000461078
0.000615086
0.000595066
0.00451772
0.00121604
0.000875111
0.000933704
0.0017283
0.000718018
0.000840111
0.00562302
0.00299006
0.0057205
0.00163772
0.00214684
0.00328486
0.00266946
0.00440467
0.00476757
0.000884306
0.000997185
0.000751775
0.00421898
0.00247555
0.00307557
0.00753786
0.00411544
0.0029308
0.00391238
0.00208322
0.00560841
0.000813492
0.000773788
0.00274271
0.00107867
0.00300208
0.00311384
0.0033749
0.0024905
0.000797569
0.000754172
0.000359084
0.00169893
0.00400943
0.000876223
0.000869677
0.00341744
0.00125866
0.0037068
0.00169498
0.000799918
0.002422
0.00460004
0.00329896
0.00590215
0.00487495
0.00624678
0.00640843
0.00105877
0.00105144
0.00553426
0.000868836
0.00107369
0.000592756
0.0010234
0.00185604
0.000490987
0.000791278
0.000981418
0.00422732
0.003933
0.00249748
0.000848114
0.00289174
0.00551974
0.00518267
0.00218736
0.00331688
0.000786335
0.000937594
0.00511745
0.00098477
0.00238355
0.00083769
0.00134432
0.00107041
0.00161033
0.000359961
0.00195071
0.00129615
0.000495982
0.000416041
0.000491493
0.000307113
0.00028387
0.00065943
0.00550159
0.00799951
0.00335843
0.00209153
0.00276913
0.00419032
0.000743112
0.0005892
0.00123186
0.0052523
0.00077747
0.00600374
0.00683357
0.00220147
0.000786914
0.00652527
0.00204425
0.000825403
0.00140175
0.00586389
0.0024862
0.000834647
0.00131112
0.000880618
0.00356627
0.00276238
0.00572923
0.000912803
0.000551644
0.000536066
0.000749391
0.000662876
0.00237125
0.000686548
0.000845477
0.000588425
0.00114773
0.000790352
0.00552457
0.000784724
0.00232622
0.000942535
0.00155956
0.000831844
0.00475503
0.00134538
0.00143101
0.000800339
0.000942024
0.000757869
0.00414421
0.00108219
0.00176485
0.0046199
0.00114769
0.000833893
0.00239576
0.000828132
0.000830596
0.00234861
0.000778313
0.00591463
0.00221159
0.000638985
0.000825229
0.000872733
0.00656377
0.000935062
0.00227802
0.00267052
0.00537882
0.00128794
0.00264921
0.000978994
0.000773347
0.000824124
0.0011206
0.00162907
0.00167389
0.00158028
0.000220483
0.00189795
0.00141736
0.00111383
0.001118
0.00147354
0.000509617
0.0015518
0.00076013
0.00117274
0.000747923
0.00510173
0.000797958
0.00147246
0.000791399
0.000785052
0.000737924
0.00156058
0.00113427
0.0022869
0.00625371
0.00722689
0.00418809
0.000631309
0.000827433
0.00242977
0.000694461
0.00341605
0.0019855
0.00239009
0.00544458
0.000741114
0.00750328
0.000581397
0.000844198
0.00667679
0.000864968
0.00513524
0.000721465
0.000823463
0.00317784
0.00436216
0.000593866
0.00420701
0.00115938
0.000943766
0.000593979
0.00106998
0.000548058
0.000896802
0.000830151
0.00110241
0.000663147
0.00173383
0.00255228
0.00173294
0.00431226
0.000954574
0.000724905
0.0053597
0.00278575
0.000774398
0.000784224
0.00396768
0.0026192
0.00391079
0.00799228
0.000865793
0.00121602
0.00032261
0.00619619
0.002552
0.00411982
0.00301956
0.00364514
0.00304672
0.000271796
0.00108209
0.000684611
0.000241941
0.00251997
0.00121427
0.00111824
0.00109164
0.000305232
0.00107047
0.000242969
0.000282367
0.00103341
0.000584652
0.00116653
0.00446017
0.00256965
0.0063092
0.00074684
0.00112588
0.00180937
0.000814831
0.000613291
0.000791197
0.00518754
0.000806291
0.00257831
0.00102145
0.000746283
0.00102865
0.00481323
0.00335284
0.000686267
0.0038318
0.00471328
0.00279254
0.00561453
0.000744305
0.00820901
0.00522428
0.00283296
0.000905417
0.0109984
0.000728452
0.000728672
0.00239887
0.00125318
0.00111252
0.000644219
0.00754856
0.00106003
0.000628792
0.002869
0.00449525
0.00460583
0.000765867
0.000928072
0.00241585
0.000835689
0.00365474
0.000957265
0.0042398
0.0028934
0.00522011
0.00174229
0.00413757
0.00213759
0.000596057
0.00235868
0.00188154
0.00243252
0.00101786
0.000781511
0.00136915
0.00152629
0.00447232
0.000806854
0.00100183
0.000756975
0.000893478
0.00083358
0.000777192
0.000870578
0.00075213
0.00272448
0.00372581
0.0070397
0.000730606
0.000744081
0.00103617
0.00111162
0.00154126
0.00248852
0.00152721
0.00122927
0.00116987
0.000768638
0.00246936
0.000764399
0.000709192
0.000985969
0.000611569
0.000845711
0.000966624
0.000566823
0.00525682
0.00066669
0.00560369
0.000613553
0.000753386
0.00114386
0.000663487
0.000662062
0.0033349
0.00271824
0.000735112
0.000603004
0.00188036
0.00105676
0.00155506
0.0012255
0.0027455
0.000992526
0.00130398
0.00126737
0.0042136
0.00664383
0.0024297
0.000829049
0.000259447
0.00527478
0.00155479
0.00352671
0.00697909
0.000557268
0.000822889
0.00108942
0.00468831
0.000294752
0.00709356
0.00623481
0.00110007
0.00349571
0.00325444
0.00157462
0.000722463
0.00583064
0.00588505
0.0022667
0.00121512
0.0015519
0.000719039
0.00265411
0.000837059
0.00150345
0.000483188
0.000783969
0.00313509
0.00112522
0.00034897
0.00166776
0.000736454
0.000485514
0.00116444
0.00253436
0.00696281
0.000754248
0.00120387
0.00450082
0.00957338
0.0033525
0.00214782
0.00195897
0.000796347
0.00517802
0.00110787
0.00440085
0.00585045
0.00242489
0.00405783
0.00250228
0.00612598
0.0043673
0.00511431
0.00231332
0.0019331
0.00161536
0.00337384
0.00087501
0.00250608
0.00340837
0.0021041
0.00217008
0.00516462
0.00254554
0.00260409
0.0069278
0.001008
0.000441444
0.000807465
0.00280425
0.000414488
0.00245559
0.00166115
0.000831412
0.00396098
0.00318282
0.00235873
0.000799921
0.0104363
0.00125218
0.0024895
0.00318487
0.00110398
0.00125745
0.00107486
0.00663386
0.000904093
0.001554
0.000701281
0.00351224
0.000805607
0.00121243
0.0045283
0.00307624
0.00269676
0.00110216
0.00441227
0.00469181
0.000786861
0.000222925
0.00355694
0.00374358
0.00471995
0.00620203
0.00144041
0.000725228
0.00313098
0.00578825
0.000985259
0.00148633
0.0013996
0.00151567
0.0011575
0.0060091
0.00067655
0.00236229
0.00627876
0.00133323
0.00766306
0.00127507
0.000557612
0.00210572
0.00138451
0.000427056
0.00175929
0.00210714
0.0012239
0.00121173
0.000430656
0.00244909
0.000987666
0.000823129
0.00288403
0.00247859
0.00573358
0.000805691
0.00244355
0.00564994
0.00501064
0.000932182
0.00343516
0.0020339
0.00109244
0.000303288
0.000244381
0.000441823
0.00734773
0.000825913
0.00266464
0.00221137
0.00405039
0.00270542
0.00145263
0.000821981
0.000245393
0.000317618
0.000426137
0.00022522
0.000986645
0.000607926
0.000365041
0.000939399
0.000201131
0.000365205
0.000668013
0.000592773
0.000354525
0.00029845
0.00021214
0.000932776
0.000740585
0.000453097
0.000472629
0.000541286
0.000284794
0.000296396
0.00010941
0.00037821
0.000593018
0.000658057
0.000396152
0.000291575
0.000479399
0.000829291
0.000711126
0.000375646
0.000253789
0.000266413
0.000285711
0.000238247
0.000804589
0.000400736
0.000192242
0.000464697
0.000298323
0.000715052
0.000811874
0.00102385
0.00202923
0.00444628
0.000374722
0.00255697
0.00291451
0.00570087
0.00377806
0.0023322
0.00062604
0.000823663
0.00291697
0.00244395
0.00530754
0.00679812
0.00386753
0.00579394
0.00318455
0.000689962
0.000706623
0.000634891
0.00226612
0.000387978
0.00340482
0.000930555
0.00268861
0.0026534
0.00126136
0.00471613
0.00371391
0.00252771
0.00424369
0.00320349
0.00740673
0.00358188
0.00300327
0.00255128
0.000754472
0.00757972
0.00355242
0.00168657
0.00187564
0.00210212
0.00386734
0.00351671
0.00192189
0.00110394
0.000842561
0.000848867
0.00833049
0.00329454
0.000574587
0.000495355
0.00376495
0.00435481
0.000547849
0.00328414
0.0031563
0.000432688
0.000234678
0.00058978
0.000823487
0.000313241
0.000841575
0.000201853
0.000386191
0.000538817
0.000227834
0.000927873
0.00072644
0.000253533
0.000863934
0.000492665
0.000510357
0.000610006
0.000291779
0.000317398
0.000317298
0.000248051
0.000855189
0.000289233
0.00335973
0.00306532
0.000498972
0.000862477
0.00305748
0.000848695
0.00255785
0.000614665
0.00268161
0.00376037
0.00575348
0.00259559
0.00470363
0.00260091
0.000200679
0.00479941
0.00186354
0.00321872
0.0055736
0.0051456
0.00621543
0.00052554
0.00624786
0.00165549
0.0012567
0.0062927
0.000864569
0.00363335
0.00157701
0.00121678
0.000752106
0.00491663
0.00123367
0.00283654
0.00336026
0.00101944
0.00797766
0.000605143
0.0116847
0.00206972
0.00064065
0.000679674
0.00533779
0.000590095
0.00109383
0.00324005
0.00198688
0.00780551
0.000834674
0.00321508
0.000639999
0.00322872
0.0050878
0.00505226
0.000257846
0.000772913
0.000972955
0.00629654
0.00263803
0.000679159
0.000754945
0.00394622
0.00308516
0.00572327
0.000832767
0.00276528
0.000370302
0.00226103
0.00254394
0.000709987
0.00174965
0.00105119
0.000126438
0.000447478
0.0105278
0.00691391
0.00078932
0.00484678
0.00516252
0.000683178
0.00564943
0.00355362
0.00287332
0.00556406
0.00710702
0.00212954
0.00888958
0.000605736
0.00218809
0.00206319
0.00266422
0.000717243
0.00107699
0.00107957
0.00350316
0.00121692
0.00121192
0.000795218
0.00268661
0.0035569
0.0022524
0.00545791
0.00957019
0.0039865
0.000832265
0.0073074
0.000582923
0.00187655
0.00179494
0.00122731
0.00415371
0.00343819
0.00322511
0.00534472
0.002677
0.00846981
0.00137342
0.00286376
0.00235163
0.00266533
0.000958279
0.00202669
0.00111495
0.00997746
0.00106161
0.00197719
0.00397758
0.00197657
0.00137347
0.00406079
0.00250173
0.00497039
0.0034601
0.00440772
0.00311115
0.00103709
0.000891279
0.00276011
0.00365689
0.0018358
0.000680432
0.00212767
0.00663948
0.00671306
0.00917867
0.00691507
0.00736508
0.00968341
0.00715172
0.00151004
0.00757653
0.00749341
0.00982031
0.00651898
0.00707398
0.00684175
0.0076604
0.00747351
0.00763209
0.00197753
0.00196758
0.00127502
0.00448367
0.00147585
0.00129222
0.00135255
0.00108063
0.000222768
0.000483238
0.00308951
0.00304469
0.00395627
0.00207099
0.00240188
0.00881107
0.0026934
0.00569605
0.00279674
0.00141612
0.00108715
0.00132097
0.00421382
0.00433655
0.00205798
0.00141486
0.00329743
0.0035576
0.00180648
0.00212252
0.00115398
0.00563702
0.00171397
0.000537459
0.00147239
0.000222631
0.00383743
0.00121712
0.00120467
0.00111814
0.00115543
0.00201475
0.00266594
0.00168907
0.00222005
0.00259746
0.000854787
0.0028098
0.0112858
0.00195686
0.00262886
0.00290385
0.00237687
0.00943647
0.0025115
0.00172823
0.00921949
0.00438236
0.00294913
0.0020368
0.00086556
0.0031853
0.0104423
0.00327867
0.0015053
0.00179773
0.00209838
0.00302545
0.00114798
0.0051891
0.00194069
0.000886399
0.00537765
0.00165891
0.00279356
0.00306225
0.00118393
0.00297703
0.0054302
0.00265976
0.00486385
0.00929681
0.00193538
0.0103561
0.00146811
0.00514017
0.00273039
0.00279705
0.0029328
0.00127479
0.00460715
0.00329233
0.00528121
0.0027257
0.00770721
0.00436754
0.00224521
0.00140646
0.00598163
0.00296597
0.00333646
0.00498457
0.00200091
0.0013428
0.00678729
0.00324889
0.00490845
0.00441006
0.00458028
0.00164794
0.00411077
0.000496724
0.00172755
0.00465317
0.00242079
0.00349927
0.00167201
0.00187528
0.00235779
0.000635065
0.00496986
0.000536153
0.00342319
0.00458883
0.00112694
0.00402322
0.00220678
0.0023295
0.000773898
0.0019295
0.00130428
0.00357569
0.00438341
0.00218439
0.00273601
0.00530386
0.00163374
0.00101679
0.00435479
0.00399269
0.00221608
0.00220524
0.000481196
0.000869464
0.000377949
0.00521898
0.000657818
0.00168672
0.00345789
0.00725868
0.0011561
0.00134897
0.0013202
0.00524704
0.00128118
0.00246052
0.00129872
0.00452084
0.00288716
0.00368182
0.000957958
0.00465746
0.00326549
0.00441097
0.00161473
0.00306828
0.00447162
0.000873748
0.00487851
0.00406157
0.000715629
0.00164336
0.00438621
0.00162751
0.00394198
0.00437591
0.005237
0.00387191
0.000323311
0.00422421
0.00132675
0.00424773
0.00199966
0.00167321
0.00343214
0.00343547
0.00389083
0.00278882
0.00124394
0.00115905
0.000393992
0.00347795
0.00139133
0.00399671
0.000674808
0.00237696
0.00155681
0.000220996
0.00305884
0.00169623
0.00674938
0.0011874
0.00139039
0.00281446
0.00185672
0.00102253
0.00582182
0.00330924
0.00268326
0.00522536
0.00128693
0.00077534
0.00410127
0.00193674
0.00263901
0.000252343
0.00479685
0.000195659
0.0042663
0.00118853
0.00130448
0.00241793
0.00321894
0.00223249
0.00236991
0.00120936
0.000694279
0.00545383
0.0025171
0.00479695
0.00307308
0.0049369
0.00226282
0.000899512
0.000959545
0.00552682
0.00227487
0.0018622
0.00581301
0.00310225
0.00229151
0.00414112
0.000602025
0.00407522
0.000835787
0.00180681
0.00234889
0.00274527
0.000705618
0.00352675
0.00139664
0.00510213
0.00175577
0.00181079
0.00470013
0.002668
0.000862132
0.000998111
0.00193092
0.000637129
0.00101417
0.00624737
0.00271506
0.00062965
0.00400921
0.00461258
0.00278568
0.000734295
0.001539
0.00139935
0.00262811
0.00396028
0.00453592
0.00435662
0.000737976
0.00156574
0.00453724
0.00276651
0.00288508
0.00559171
0.00167218
0.00110737
0.00284256
0.004492
0.000907262
0.00324778
0.00258096
0.00372879
0.00166644
0.00102365
0.00401209
0.00169693
0.00231294
0.00112741
0.0050317
0.00198583
0.0054175
0.00237126
0.000774098
0.00111718
0.00309045
0.00669895
0.00153125
0.00682441
0.00299655
0.00312076
0.00472512
0.00305826
0.00380445
0.000838884
0.00346023
0.000573843
0.00444985
0.00272883
0.00111971
0.00936778
0.000801891
0.000803093
0.012874
0.000806479
0.00125172
0.00476199
0.00298114
0.00298929
0.00501319
0.00143933
0.00854362
0.0043408
0.00141271
0.00309107
0.00301908
0.00395547
0.00398752
0.000748283
0.000580954
0.000830203
0.000424412
0.000411268
0.00575516
0.0024027
0.00093482
0.00113148
0.00389853
0.00475852
0.00435496
0.000641006
0.0124197
0.0114211
0.00176505
0.00128553
0.00377804
0.00307501
0.00339633
0.000845992
0.000546082
0.00381616
0.00258123
0.00277123
0.00272933
0.0095002
0.00552968
0.00130635
0.00336019
0.0123352
0.00392954
0.00244045
0.00123345
0.00201777
0.0009125
0.000837181
0.00163639
0.00243198
0.00225162
0.0028674
0.00349501
0.00647616
0.00263948
0.00141309
0.00245322
0.0035538
0.00521429
0.00828487
0.00613833
0.00394165
0.00234141
0.00337687
0.0010796
0.00054929
0.00155736
0.0100612
0.00965617
0.0113244
0.00264965
0.00661852
0.00310795
0.00288205
0.0025926
0.00166816
0.00252203
0.00216467
0.000847986
0.0011559
0.00138931
0.00118166
0.00139049
0.00382155
0.00774877
0.00150538
0.00720354
0.003688
0.00479095
0.00183516
0.00336142
0.000956481
0.000650579
0.000857322
0.000470645
0.00139386
0.000743078
0.0102045
0.00212856
0.000792819
0.000520501
0.00311579
0.00165883
0.00176478
0.00315066
0.00672681
0.00425738
0.00279787
0.00362091
0.00371298
0.00142447
0.00347475
0.00220888
0.000222993
0.000600599
0.00224201
0.00161036
0.00578728
0.0030299
0.00102517
0.000874244
0.0057166
0.00261052
0.00446538
0.0104504
0.00317922
0.000680069
0.0019279
0.00218889
0.00248462
0.00783201
0.00162497
0.00632133
0.000827002
0.00300346
0.00804418
0.00960029
0.00278028
0.00381348
0.00188
0.00327377
0.00153616
0.00342127
0.00101022
0.000789977
0.00073708
0.000394727
0.00181085
0.00317971
0.00232841
0.000824555
0.00439087
0.00423837
0.00320703
0.00409189
0.00119468
0.00253284
0.00409954
0.00206616
0.00099138
0.00264588
0.00523689
0.00614921
0.0024561
0.00914649
0.00129954
0.00165459
0.00252522
0.00244776
0.011936
0.00204233
0.0043564
0.000447707
0.0050318
0.00337757
0.00389685
0.000574949
0.000238192
0.00970259
0.00260875
0.00514934
0.00330088
0.00222838
0.00141112
0.000797321
0.0046791
0.00431116
0.00265574
0.00355816
0.00421129
0.0044996
0.00215021
0.000948522
0.00115897
0.00400414
0.000750027
0.002063
0.00208813
0.000745643
0.0119524
0.00200533
0.00167481
0.00990244
0.00621139
0.00740725
0.00399616
0.000622484
0.00106816
0.0042778
0.00421597
0.0034114
0.00567365
0.00271946
0.00131718
0.00243223
0.00109774
0.0032538
0.00279916
0.00204464
0.00537458
0.00488853
0.00239529
0.00154892
0.00288074
0.0040728
0.00363832
0.00168102
0.00280579
0.00827447
0.00150173
0.00326614
0.00394382
0.00800484
0.00210559
0.00457117
0.00244971
0.00233051
0.0010296
0.00075916
0.00172437
0.00527053
0.0096426
0.00514045
0.00198804
0.0018352
0.000598394
0.00724231
0.000695455
0.00361868
0.00885651
0.00473803
0.0040351
0.00211898
0.00295418
0.00319864
0.00583284
0.00233132
0.00166151
0.00252271
0.00138284
0.000880936
0.00510909
0.000582615
0.00316821
0.00683859
0.00758773
0.00592613
0.00932549
0.00396801
0.00192956
0.0018549
0.00138157
0.0116171
0.00396389
0.00743544
0.00555068
0.000744821
0.00257226
0.00686775
0.0119537
0.00446848
0.00633447
0.003159
0.00213523
0.00317669
0.00252062
0.00238824
0.000846657
0.00656935
0.000820112
0.00505929
0.00110904
0.00621954
0.00255364
0.00296649
0.00236892
0.00509215
0.00106905
0.00734691
0.00338527
0.00358843
0.000612734
0.0119023
0.00115295
0.00256226
0.00261717
0.000603959
0.00225225
0.00332979
0.00559124
0.0109946
0.00469179
0.00788213
0.0118244
0.00283189
0.00451234
0.0025534
0.0020808
0.000854877
0.000514759
0.0034329
0.00382258
0.00252255
0.00263422
0.00751254
0.00476483
0.00103817
0.00145321
0.00234776
0.00408206
0.000799254
0.00687134
0.00222891
0.00271765
0.000830834
0.00365546
0.000885608
0.0100741
0.00344128
0.00568672
0.00412803
0.00168946
0.00208669
0.00727169
0.00275451
0.00108085
0.0107828
0.00257771
0.00279784
0.00106186
0.000789971
0.00821829
0.00219518
0.0069041
0.00977311
0.000666954
0.00327957
0.000793952
0.00591508
0.00998708
0.00131949
0.00495328
0.003448
0.00570533
0.000848241
0.000780698
0.000770777
0.00190146
0.000857157
0.00105238
0.00321629
0.00654966
0.00293039
0.0034959
0.0071002
0.000955212
0.00385374
0.00774978
0.00404089
0.000743449
0.00142013
0.00854797
0.000451939
0.000234575
0.000329852
0.00342028
0.00202411
0.00335056
0.00294697
0.00261677
0.0108215
0.00826042
0.00232396
0.00352387
0.00657562
0.00492013
0.00263854
0.00478879
0.000894159
0.00421595
0.00156887
0.00196705
0.000896292
0.00114835
0.000819349
0.00318716
0.00255206
0.00294621
0.00243058
0.00670267
0.00246984
0.00346291
0.00506833
0.00179413
0.00166595
0.0045274
0.00307672
0.00416124
0.00568944
0.00386986
0.00314134
0.00193974
0.000885755
0.00113158
0.00318405
0.00118458
0.00503082
0.00223965
0.00108588
0.00247713
0.00957524
0.00389997
0.00694793
0.000871639
0.0109336
0.000441089
0.00270093
0.00188425
0.00591959
0.00513186
0.00233619
0.00160742
0.00294994
0.00645468
0.000751774
0.00183025
0.0042013
0.0112608
0.00398524
0.00407141
0.00184334
0.00583285
0.0045433
0.000886887
0.00302746
0.00439731
0.00211031
0.00397209
0.00682583
0.00513889
0.000747856
0.0035456
0.00173729
0.00350436
0.000977649
0.00278889
0.00319681
0.00270119
0.000736889
0.00297362
0.00478197
0.00173176
0.00227382
0.000506623
0.0030059
0.00361563
0.00237025
0.000619931
0.00194186
0.00308565
0.00194592
0.00362658
0.00201336
0.0010427
0.00265894
0.00075735
0.00096921
0.00142972
0.00387335
0.00148257
0.000862337
0.0016264
0.00326362
0.00062023
0.00206478
0.00443021
0.000928523
0.00695986
0.00164602
0.00086025
0.000955646
0.00224535
0.00228073
0.00133742
0.00110282
0.000498519
0.00404387
0.00120098
0.000970471
0.00415788
0.0048618
0.00080568
0.00588422
0.00134748
0.00288081
0.00750689
0.00173013
0.00502825
0.00270085
0.000972587
0.000439331
0.000564824
0.00295916
0.00491263
0.00287566
0.00714273
0.00196701
0.00165143
0.00554221
0.00281903
0.000806419
0.00224702
0.00218781
0.00451509
0.00437515
0.00176982
0.000878701
0.00107828
0.000737285
0.00104769
0.00855451
0.00188583
0.00424662
0.00280915
0.00054235
0.0019495
0.000650082
0.00111342
0.00301155
0.0115232
0.00500412
0.00385767
0.0122195
0.00091783
0.0026141
0.00207124
0.00987481
0.00235355
0.0101623
0.00129702
0.00466531
0.00109704
0.000807446
0.00113397
0.00355849
0.00508429
0.00167521
0.00169481
0.00367811
0.00255887
0.00413174
0.00115195
0.00290957
0.00237394
0.00619322
0.00449984
0.00139998
0.00463299
0.00115176
0.00747315
0.00195121
0.00390039
0.00208115
0.00381095
0.00263682
0.0025659
0.0068487
0.0102367
0.00114692
0.00110417
0.00258831
0.00087242
0.000782099
0.00317481
0.000837089
0.00221427
0.00408365
0.00663927
0.00266287
0.000862137
0.0032492
0.000766932
0.0011386
0.00449239
0.00723258
0.0041591
0.00239824
0.00429952
0.00470792
0.000821087
0.000841207
0.00285394
0.00446903
0.00477429
0.000706522
0.0038891
0.00503901
0.00155782
0.00336174
0.00105536
0.000733134
0.000781698
0.00028728
0.00084669
0.000829625
0.0024832
0.00241586
0.000828062
0.00040624
0.000219372
0.000314044
0.00755376
0.00553635
0.000848235
0.00509011
0.00276262
0.00493603
0.0042722
0.00628745
0.00459982
0.00321818
0.00345475
0.00594701
0.00378203
0.00456574
0.00998238
0.00349948
0.000828466
0.00087586
0.000582709
0.000786785
0.000930842
0.000822555
0.00495381
0.00318347
0.000194149
0.000930701
0.00259323
0.00373898
0.000781595
0.00478959
0.00101042
0.000716935
0.00318428
0.00074814
0.00194059
0.00533915
0.00141126
0.0014243
0.00736867
0.00107756
0.0114893
0.000728268
0.0011757
0.00436427
0.00622947
0.00464751
0.00502593
0.000214687
0.000652993
0.0010224
0.00134053
0.00061681
0.00242973
0.00095506
0.0041449
0.00248083
0.00359629
0.00206313
0.00107389
0.00200424
0.00181462
0.0115283
0.000739
0.0032848
0.000643191
0.00248253
0.0039025
0.00210761
0.00749674
0.00290805
0.00111268
0.00176992
0.00353893
0.00257399
0.0113189
0.00169151
0.00300452
0.00211496
0.00241598
0.00212318
0.00372546
0.00620089
0.00245297
0.000877956
0.0105393
0.0028135
0.0075705
0.00371566
0.00207199
0.000914791
0.000807712
0.00322941
0.00121273
0.00252103
0.00375422
0.00135337
0.00143389
0.00246649
0.0039283
0.00500075
0.0126688
0.00251328
0.00218802
0.00157846
0.000830984
0.00100078
0.000249848
0.00088678
0.000240888
0.00403707
0.00251358
0.00281899
0.0114955
0.00293899
0.00357782
0.00517068
0.000825024
0.000727371
0.00171975
0.00212931
0.00567503
0.00552779
0.000893883
0.0118738
0.00168193
0.000808569
0.00107048
0.0064233
0.000765933
0.0014436
0.00121344
0.000783326
0.00333189
0.00657777
0.00297408
0.00142459
0.00160991
0.00122353
0.0127872
0.00385446
0.00113618
0.00508333
0.00230925
0.000850628
0.00304691
0.00676942
0.00230855
0.00552456
0.000835405
0.000858896
0.00283939
0.00472595
0.00215697
0.00408658
0.00333368
0.00247499
0.00379578
0.00246914
0.00478654
0.00190336
0.000786524
0.00184173
0.00111033
0.00292
0.00480513
0.00341087
0.0035397
0.00105818
0.00158676
0.00523494
0.00541064
0.000635329
0.00104005
0.00492223
0.000745214
0.00275787
0.000946354
0.00757302
0.00183534
0.00567914
0.00315379
0.00300554
0.00353384
0.0039026
0.00736689
0.000720608
0.00140562
0.00263957
0.00593358
0.00213874
0.00134072
0.00102022
0.000644384
0.00105573
0.00136389
0.00348664
0.0069791
0.00139525
0.00592258
0.000841291
0.000805178
0.00612504
0.00393862
0.00468982
0.00214092
0.00243296
0.000102272
0.00354906
0.000109431
0.00062603
0.0010283
0.00398154
0.00380009
0.00458366
0.0022999
0.00252789
0.00195154
0.000100501
0.000683219
0.000629047
0.000127239
0.000442066
0.00147196
0.00452565
0.00702715
0.00318944
0.00257082
0.000437079
0.00059
0.000103096
0.000115264
0.000191522
0.000332422
0.000703016
0.00368083
0.000720901
0.00198997
0.00132575
0.000639026
0.00471402
0.00307402
0.000858539
0.000263346
0.000768185
0.00949805
0.00338761
0.00306797
0.00218498
0.00084465
0.00492012
0.0035245
0.00062452
0.00519257
0.00058766
0.000529085
0.00856004
0.00047078
0.000700775
0.000460473
0.00795176
0.000854802
0.00330479
0.0058322
0.000664099
0.00229441
0.00157571
0.000407011
0.000341542
0.000530058
0.00166002
0.00294653
0.00116964
0.00353634
0.00285045
0.000485922
0.000756788
0.00323417
0.00403265
0.00473939
0.00351802
0.000688895
0.0118558
0.000680656
0.00141821
0.000633704
0.0013419
0.00239008
0.000216407
0.00067523
0.0058452
0.000462077
0.000534524
0.000932693
0.00164397
0.000784513
0.00187287
0.00259896
0.00929171
0.00066347
0.00109096
0.00124248
0.000695178
0.00942584
0.000747123
0.0107978
0.000852234
0.000631106
0.000710964
0.000466817
0.000805122
0.00115858
0.00393676
0.00112084
0.00051774
0.000663412
0.00451963
0.00280622
0.000755603
0.0011307
0.000741253
0.000762312
0.000279038
0.00074291
0.0023577
0.0057888
0.0110213
0.00171553
0.000619418
0.00084506
0.00441521
0.000842812
0.000874893
0.00271595
0.00188581
0.00133094
0.000667567
0.0012521
0.0105201
0.000256783
0.00119257
0.00480765
0.00259214
0.00189379
0.00214368
0.00278053
0.00190482
0.000727017
0.00104264
0.00342285
0.00112805
0.000474711
0.000855757
0.0106019
0.00408858
0.00547995
0.00729933
0.00233913
0.00354319
0.00159053
0.00131299
0.00407602
0.0011151
0.00249225
0.000532611
0.00344376
0.0101435
0.00497475
0.00684659
0.00260639
0.00302284
0.00204727
0.000792588
0.00582336
0.000186369
0.00028112
0.00438878
0.000755528
0.0038998
0.00437087
0.00532448
0.00221441
0.00180359
0.00259936
0.0104783
0.00478765
0.0122627
0.00105122
0.00416113
0.000836749
0.00200442
0.000871428
0.00389295
0.00635436
0.00205074
0.000997207
0.000478271
0.00782935
0.000505583
0.000281209
0.002587
0.00381366
0.000776481
0.00270339
0.00946982
0.00329474
0.000774356
0.000651589
0.00335028
0.00674936
0.00176533
0.00251859
0.00304354
0.00477681
0.00248988
0.0110327
0.00446272
0.000734462
0.000656782
0.00135653
0.000654435
0.000600236
0.00135714
0.00594374
0.00251163
0.000535885
0.00454397
0.00432756
0.00051091
0.00966303
0.00273785
0.0103458
0.00140899
0.000769686
0.00221133
0.00416378
0.00244957
0.00639216
0.0081671
0.00447564
0.0032964
0.00494164
0.000911599
0.00100831
0.0015245
0.00080804
0.0041907
0.00768898
0.00225591
0.00475932
0.000268346
0.000446758
0.000830676
0.00112358
0.00341583
0.00606745
0.00296154
0.00680737
0.00079605
0.00203974
0.000962398
0.00129033
0.000690459
0.00156895
0.00205829
0.00617208
0.000889783
0.00917779
0.000743215
0.0023201
0.00975414
0.00219746
0.00499785
0.00269776
0.00133189
0.0113138
0.00155297
0.00161513
0.00102821
0.00499194
0.00286958
0.0007733
0.00673194
0.000872403
0.000731344
0.000957689
0.00486925
0.0043988
0.000579445
0.00681767
0.00020038
0.00239253
0.00251796
0.00267082
0.000847828
0.00584659
0.00083465
0.00448209
0.00126183
0.000630863
0.000840465
0.000775629
0.00196812
0.00557377
0.00484151
0.00491532
0.00287028
0.00306743
0.000809868
0.0051968
0.00377601
0.0033111
0.000716018
0.00102992
0.00098895
0.00161073
0.00023809
0.00021836
0.000997742
0.00358632
0.00187853
0.00205581
0.00143422
0.00627796
0.00632547
0.00500938
0.00369227
0.00137429
0.00236642
0.000853879
0.00226826
0.00333727
0.00553922
0.00196079
0.00216373
0.000622379
0.00528921
0.00489497
0.00476062
0.00291904
0.0012613
0.00367839
0.00114262
0.000820334
0.00121465
0.000226205
0.000774456
0.000829853
0.00410638
0.00605703
0.0008117
0.00496588
0.00263001
0.00107835
0.00505854
0.0030134
0.00524722
0.00143847
0.00317978
0.00405798
0.00395848
0.00774056
0.000790553
0.000840707
0.00419598
0.00227455
0.000387922
0.00222595
0.00186624
0.00083339
0.000673261
0.000272413
0.000596998
0.000285624
0.000538558
0.00064877
0.000837355
0.000732286
0.00616917
0.00571516
0.00261014
0.000947577
0.00361962
0.000773968
0.000706094
0.00317325
0.000715747
0.00218648
0.00114394
0.000777287
0.0061648
0.00261429
0.00144022
0.00068754
0.000601503
0.00306689
0.000739457
0.00170961
0.0112512
0.00415045
0.00172123
0.000773125
0.000718008
0.00104794
0.00023568
0.000608748
0.00228478
0.000768524
0.000654075
0.00192489
0.000725938
0.00285937
0.00258362
0.00144886
0.00104719
0.00173524
0.00485775
0.00111464
0.000763126
0.00505996
0.00426593
0.00419542
0.00253519
0.000507614
0.00386993
0.00369096
0.00625374
0.00428827
0.0018073
0.000508704
0.000203232
0.000679808
0.00283838
0.00549491
0.00534362
0.000779766
0.0046292
0.000721903
0.00212028
0.00467167
0.00336372
0.00597147
0.00374448
0.00839138
0.000292248
0.000733633
0.00544865
0.00278498
0.000367239
0.000663846
0.00529208
0.00236279
0.00356659
0.00223455
0.00500729
0.00184371
0.00358452
0.00353981
0.000714047
0.000570112
0.0025304
0.0071944
0.00419039
0.00250102
0.00334154
0.00388693
0.00198319
0.00359807
0.00196013
0.0044476
0.00259766
0.00186693
0.00261294
0.0125469
0.00133164
0.00325669
0.00629009
0.000851758
0.00308275
0.00144359
0.00893126
0.010681
0.00316636
0.0058825
0.00646413
0.00662815
0.00205894
0.00326826
0.000171727
0.000821778
0.00309502
0.0067868
0.0128958
0.00269147
0.00542964
0.00281456
0.00260675
0.00062581
0.00390709
0.00138694
0.0005606
0.000325898
0.0033266
0.00652226
0.00188894
0.00162114
0.00430543
0.000486182
0.00173056
0.000167349
0.00146047
0.00391355
0.00390721
0.00785718
0.00126009
0.000837843
0.000297466
0.00266389
0.00865093
0.00317022
0.00200496
0.00160399
0.00108303
0.000868316
0.000807105
0.00234205
0.00456022
0.00416461
0.00101415
0.00183188
0.00074574
0.00315809
0.00299717
0.00265462
0.00703245
0.00204249
0.00561941
0.00624091
0.00759481
0.0105249
0.000777641
0.00138018
0.00124523
0.00201123
0.000937953
0.000805191
0.000758703
0.00165161
0.00840724
0.00452648
0.000998275
0.00103129
0.00289215
0.00275276
0.000460631
0.00105808
0.00592366
0.00850836
0.00493703
0.00069139
0.00237019
0.000550493
0.00729308
0.000766259
0.000720698
0.00221936
0.00200925
0.000843534
0.0011593
0.0062428
0.00510515
0.00310664
0.00433463
0.00324848
0.00222317
0.000581499
0.000946454
0.00800341
0.000253042
0.00122619
0.0020794
0.00306777
0.00773742
0.000955498
0.000956289
0.000776891
0.00548796
0.0017776
0.00232494
0.00543211
0.00190021
0.00429033
0.00256908
0.000552781
0.000854119
0.000596709
0.000942046
0.00560711
0.00243362
0.00725906
0.00371257
0.00196183
0.00533157
0.00310283
0.00139926
0.00304783
0.00821892
0.00600672
0.00464965
0.000818824
0.0105251
0.00062507
0.000844264
0.0015579
0.00073722
0.00224374
0.00206926
0.00398784
0.000532979
0.00659391
0.000819271
0.00139349
0.00545831
0.0031
0.00301114
0.00335293
0.00467793
0.00258805
0.00509334
0.000746981
0.00174644
0.00072786
0.00110526
0.00572251
0.00367193
0.00661926
0.000505991
0.00174153
0.00315532
0.00383264
0.000989994
0.00536688
0.00469052
0.00271179
0.00130658
0.00293719
0.00222042
0.00413196
0.00358055
0.000703796
0.0070969
0.00233388
0.00439717
0.00531958
0.00579749
0.0103941
0.001803
0.00148423
0.00162519
0.00317904
0.00290951
0.000878915
0.00344153
0.00148783
0.00315229
0.000826359
0.000854253
0.000881754
0.00350099
0.000553753
0.00261397
0.000522301
0.0045902
0.00535043
0.00670563
0.00187136
0.0107987
0.0114604
0.00342729
0.000799904
0.000669757
0.00208088
0.00101161
0.00274304
0.00189647
0.00303782
0.00237925
0.00187852
0.0104943
0.00136864
0.00180523
0.00185256
0.0044279
0.00183985
0.000480848
0.0033738
0.00340825
0.000549786
0.000953795
0.000742982
0.00118196
0.00230854
0.000938541
0.00995432
0.000845682
0.00127681
0.00263565
0.000735277
0.000972189
0.000658853
0.000565175
0.000674418
0.00355838
0.00269595
0.000206375
0.00280721
0.00194569
0.000928421
0.00388202
0.000884149
0.00452582
0.00311415
0.00826991
0.00243039
0.000886153
0.000806979
0.00253499
0.00477368
0.00405456
0.00379236
0.00616981
0.00758961
0.00254415
0.00525656
0.00741208
0.00137213
0.00102373
0.00306634
0.000377734
0.00502609
0.00387484
0.00519093
0.00334024
0.00490764
0.00755756
0.00295755
0.00275859
0.00604878
0.000865423
0.000282639
0.000929728
0.000183742
0.00120877
0.00059652
0.0011873
0.00106236
0.00121265
0.00124853
0.000715499
0.000638624
0.00463089
0.0028733
0.000785335
0.00288752
0.00581194
0.000469041
0.0023366
0.00373749
0.000600777
0.00202619
0.00352009
0.00211947
0.00106296
0.000815236
0.00414352
0.0100838
0.0104503
0.000795505
0.000863722
0.00116446
0.00206149
0.00103574
0.00361518
0.00456263
0.00122175
0.000995232
0.00373761
0.00200191
0.00210151
0.00103697
0.00476857
0.00462733
0.00105217
0.000619939
0.000821325
0.00119136
0.000729655
0.00096537
0.00437889
0.00809153
0.0024949
0.000211598
0.00346821
0.00416538
0.00135486
0.00499764
0.000682804
0.00241362
0.00881993
0.00472411
0.000975318
0.00446598
0.0040376
0.013108
0.00303236
0.00170584
0.0061619
0.00288235
0.00462976
0.00107651
0.00253654
0.00269294
0.00075164
0.00133219
0.0113836
0.000164807
0.000155349
0.000138807
0.000147607
0.000323597
0.000291566
0.000328155
0.00030575
0.000182203
0.000286422
0.000732025
0.000916617
0.000877073
0.000759059
0.000808033
0.000824884
0.000906296
0.00110905
0.000632431
0.00076523
0.000680899
0.000684261
0.000651498
0.000893019
0.000768423
0.000640843
0.000630108
0.00080228
0.000856668
0.000340133
0.000385276
0.000367072
0.000326554
0.00105583
0.000297929
0.000392616
0.00109739
0.000190851
0.000900249
0.000933413
0.00101777
0.000846087
0.000385899
0.00131693
0.00134964
0.00137746
0.000810514
0.00132493
0.001249
0.00079212
0.00118367
0.00123119
0.00128738
0.00136934
0.000953269
0.00107127
0.00132339
0.00123633
0.00138504
0.00117836
0.0011304
0.000774116
0.00113701
0.00117091
0.00105813
0.000781455
0.000758967
0.000808731
0.00725095
0.000190783
0.000189515
0.00377292
0.00130777
0.000185511
0.000183975
0.00199429
0.00282276
0.000723235
0.00165668
0.000227655
0.000742177
0.000235079
0.00171107
0.000223899
0.00275704
0.000575707
0.000820147
0.000364961
0.000320724
0.010642
0.00289188
0.00326056
0.0019658
0.00430179
0.00241261
0.00152848
0.000949031
0.000744657
0.00158656
0.00196063
0.000211657
0.000460649
0.00159582
0.00303451
0.00560214
0.0032368
0.00969093
0.000860392
0.00262686
0.00110309
0.00294508
0.00140657
0.000727425
0.00308942
0.0011384
0.000348252
0.00034964
0.00513684
0.00289648
0.000260694
0.000408094
0.000709046
0.000505318
0.00123171
0.00402227
0.00243144
0.00218149
0.011179
0.000346192
0.00498279
0.00209714
0.00355926
0.00442204
0.00198032
0.00106545
0.000841114
0.000713017
0.000343152
0.000341763
0.0011175
0.00150329
0.00278082
0.00495766
0.00571319
0.000760387
0.00278662
0.00172405
0.00615336
0.00517207
0.00258321
0.00291202
0.00258228
0.00427345
0.00136253
0.00282194
0.00496878
0.00414777
0.00112114
0.00079194
0.0010503
0.00286876
0.00120548
0.000665977
0.00093348
0.00409313
0.00280159
0.0102819
0.00110968
0.000624679
0.00228956
0.000346064
0.000355985
0.000349078
0.000354357
0.00167129
0.00193702
0.00606961
0.00340318
0.000489717
0.00025321
0.000965728
0.000329037
0.00279928
0.00520485
0.00287876
0.00352675
0.00298736
0.00226623
0.00732369
0.000971384
0.00403457
0.00119631
0.00460043
0.00310882
0.00211773
0.000817077
0.00034669
0.000358632
0.000358906
0.00035986
0.00119925
0.00229807
0.00139557
0.00325773
0.00118321
0.00241513
0.00078
0.0024675
0.00503235
0.00616122
0.00074231
0.000627571
0.0116569
0.00793206
0.00117857
0.000819166
0.00316378
0.000695773
0.00322166
0.0036993
0.00086795
0.00305812
0.00229839
0.000908829
0.000417416
0.000780581
0.000322589
0.00357743
0.00315788
0.00286672
0.000911241
0.0041599
0.000484206
0.00113829
0.00082211
0.00366295
0.0021179
0.00157006
0.000367732
0.000308581
0.000341893
0.0010866
0.000451855
0.0041334
0.0025473
0.00737504
0.00985611
0.00543097
0.000825718
0.00932199
0.00104232
0.0048833
0.0072939
0.00706199
0.00369772
0.00177203
0.00284971
0.00248265
0.00517668
0.00305503
0.00082997
0.000431902
0.0026821
0.00261681
0.00207409
0.00104189
0.000971995
0.00136237
0.00207167
0.00401569
0.00159822
0.00988573
0.00361815
0.00348355
0.00376298
0.00466301
0.000447927
0.00600602
0.0033975
0.00102217
0.000751547
0.00116664
0.00185672
0.00125835
0.00497302
0.00294828
0.000672091
0.00443431
0.00808386
0.00592456
0.00359598
0.00262958
0.000900855
0.000895543
0.00371178
0.000848843
0.00264105
0.0010884
0.000691695
0.000483275
0.00107003
0.000570386
0.000811183
0.00571047
0.00224774
0.00538068
0.00164082
0.00304849
0.00121064
0.000778082
0.00127665
0.00783069
0.00399834
0.00158595
0.00134654
0.0018996
0.00252787
0.00105748
0.00691081
0.00469332
0.00180385
0.00317003
0.0104008
0.00491542
0.00390417
0.00127025
0.00277002
0.00551384
0.00717003
0.000846084
0.000793982
0.0022727
0.00335984
0.00578711
0.00472185
0.00396632
0.00420869
0.000813635
0.0113226
0.00166963
0.00106597
0.000750439
0.00100307
0.000729439
0.000976441
0.000527747
0.000748206
0.000449841
0.000226777
0.00493346
0.00347499
0.0039531
0.00247853
0.00644441
0.00084398
0.00102017
0.0009895
0.00382319
0.00161
0.00132716
0.00318711
0.00276318
0.00402203
0.00561089
0.0101185
0.00304415
0.00115066
0.00278549
0.000137863
0.00128294
0.00485807
0.0036732
0.000767042
0.000909295
0.00166302
0.00443127
0.000113664
0.00288347
0.000655137
0.0015018
0.00276659
0.00104052
0.00155954
0.00812858
0.00281428
0.00572314
0.00109234
0.00854734
0.00107076
0.00544186
0.000157833
0.0055867
0.00293085
0.00328155
0.00385488
0.00272017
0.00232299
0.00103104
0.00102217
0.00210868
0.00563379
0.00593985
0.000441574
0.00245358
0.000584912
0.00236329
0.000541612
0.00245169
0.00476355
0.0051969
0.00354939
0.00432153
0.000130512
0.00185195
0.00192802
0.0016621
0.0075728
0.00343847
0.00252735
0.00562032
0.00314241
0.0050037
0.00237906
0.000974899
0.000690143
0.000316508
0.000609949
0.000903233
0.0014599
0.00406332
0.00516547
0.00310562
0.000837796
0.00226623
0.00159842
0.0052786
0.00260078
0.00441722
0.00563895
0.0111481
0.00406077
0.00464242
0.00113398
0.00112373
0.00078579
0.00342593
0.00259106
0.00556626
0.0109465
0.00319705
0.000767026
0.00135427
0.0012851
0.000747422
0.00238197
0.000516261
0.0036885
0.0021773
0.00785664
0.00351362
0.00437219
0.000183034
0.00296419
0.000679468
0.00114928
0.00266741
0.00176055
0.00321484
0.00676533
0.000580655
0.00296158
0.00369296
0.0023126
0.00701547
0.000826398
0.00308889
0.00491607
0.00203893
0.000753676
0.00980509
0.0040038
0.00264306
0.00284984
0.00370601
0.0019831
0.00961648
0.00141457
0.0019951
0.000426398
0.000573477
0.00403568
0.00515609
0.00829534
0.000969433
0.00291813
0.000877422
0.00112574
0.00810002
0.000624443
0.0047101
0.00247786
0.000553348
0.00304503
0.00447941
0.0018342
0.00490671
0.00214227
0.00240039
0.000913624
0.00682486
0.000784799
0.00553522
0.000834079
0.000351154
0.00135795
0.000363215
0.000754892
0.000469297
0.00412074
0.00492907
0.0123394
0.00106418
0.00113282
0.00362278
0.00443405
0.00200024
0.000846615
0.000797841
0.0013764
0.00307773
0.00574341
0.00102547
0.000731995
0.00192271
0.00156759
0.00757484
0.00108104
0.00102668
0.000773782
0.00154088
0.00419218
0.00397467
0.000424032
0.00201511
0.000881265
0.00413681
0.00106049
0.00229835
0.000892555
0.000924772
0.00794029
0.00203369
0.00420871
0.000777637
0.00606005
0.000840725
0.00383129
0.00462274
0.00202612
0.00194514
0.0033021
0.00445533
0.00194505
0.00912035
0.00242545
0.000719807
0.00164911
0.000824519
0.000946421
0.000707375
0.00259815
0.000880453
0.0015413
0.00577097
0.000798909
0.010289
0.00331335
0.0047547
0.000795422
0.0081337
0.00125334
0.00109326
0.000752105
0.000819937
0.0026829
0.00221637
0.00447807
0.00237858
0.00222318
0.00336073
0.00476813
0.00082335
0.00327356
0.000712907
0.00470868
0.00337119
0.00445387
0.00612508
0.00142746
0.000250983
0.000406877
0.000777303
0.00185791
0.00622414
0.00295031
0.00724262
0.00375609
0.00278936
0.00303728
0.000791177
0.000802608
0.000278737
0.00041074
0.000985831
0.00112612
0.000811908
0.000625511
0.00310796
0.00764882
0.0010357
0.0046959
0.00235116
0.00460013
0.00728398
0.00126561
0.000942401
0.00920279
0.000782375
0.00686659
0.0037746
0.000742585
0.000339755
0.000475698
0.00105043
0.000818767
0.0023661
0.00164846
0.00049555
0.00101835
0.000732035
0.000448522
0.00086146
0.00191281
0.000457486
0.00274534
0.00205287
0.00268194
0.000798647
0.000795013
0.00585241
0.000378556
0.00422788
0.00382705
0.00244936
0.000743928
0.00126264
0.000176955
0.000389818
0.000647401
0.00268498
0.00900512
0.00192248
0.000770166
0.000534522
0.00271615
0.000339758
0.000343419
0.0105042
0.00167481
0.00316089
0.00369136
0.00382876
0.00376001
0.00464203
0.00430592
0.00557805
0.000688587
0.00091965
0.0033712
0.00155204
0.00458173
0.00277727
0.00195001
0.00506632
0.00120619
0.00814393
0.00544871
0.000833362
0.0027835
0.0014915
0.00221538
0.000682695
0.000910623
0.00207646
0.00105713
0.00535142
0.00279134
0.00221996
0.00155216
0.00205916
0.00421613
0.00027889
0.000371235
0.00814635
0.000380977
0.000650521
0.000990141
0.000696015
0.000705988
0.00250134
0.00092954
0.000741666
0.00291187
0.000202892
0.000527916
0.000233638
0.00844807
0.00086702
0.0019904
0.00112169
0.00366938
0.00296963
0.00298983
0.00464687
0.000814265
0.00191057
0.000712907
0.000808057
0.000281711
0.00821801
0.00496342
0.00550994
0.000597318
0.000251889
0.00744398
0.00480498
0.0028922
0.000279536
0.00160517
0.00128847
0.00062029
0.00252443
0.00269398
0.00191254
0.00470035
0.00319127
0.000746077
0.00758698
0.000920044
0.0010636
0.000606846
0.00510595
0.00120115
0.00871603
0.00735285
0.000619938
0.00303575
0.00283591
0.000720733
0.000690214
0.00215908
0.0010338
0.0011109
0.00079289
0.00050089
0.000549255
0.000522145
0.000502866
0.000954749
0.000980335
0.000903664
0.000881089
0.00120727
0.00100134
0.00108489
0.00105053
0.00095343
0.000552073
0.000618924
0.00107639
0.000641881
0.000630346
0.000536144
0.000899053
0.000906699
0.000508326
0.000441569
0.000411642
0.000453339
0.000335901
0.000412297
0.00161519
0.00281969
0.00284777
0.00697237
0.0128171
0.00113954
0.00125264
0.00769097
0.000797727
0.00282365
0.00783743
0.000353223
0.00176049
0.00205641
0.000790738
0.00488346
0.000551745
0.00255748
0.000342701
0.00165834
0.00176296
0.00632187
0.00281775
0.0048171
0.0105128
0.00617215
0.000248798
0.000334938
0.00342452
0.00496123
0.000457295
0.000965005
0.00121823
0.00105491
0.000742852
0.00282337
0.000370001
0.000330057
0.00439398
0.0071093
0.00066345
0.0029873
0.00338348
0.00480496
0.00186929
0.00189049
0.00531669
0.00175563
0.00214257
0.00065762
0.00595272
0.00326845
0.000813809
0.00319945
0.00102488
0.000450452
0.00323988
0.00194704
0.0101676
0.00216069
0.00255285
0.00485056
0.00190532
0.0007884
0.000166459
0.000912671
0.00431647
0.00896635
0.00517429
0.000480511
0.000911834
0.0072738
0.00332433
0.00244012
0.00254439
0.000680654
0.000242763
0.00193419
0.000769052
0.00329961
0.0039443
0.000524953
0.000246633
0.00175798
0.00389198
0.000518917
0.000825657
0.00237703
0.00456768
0.000300328
0.00118677
0.000733694
0.00142031
0.00365471
0.00104191
0.00274336
0.00786111
0.00280023
0.00258777
0.000282539
0.00340959
0.00634604
0.00132074
0.00153652
0.0056507
0.00735433
0.000880681
0.000368793
0.00181151
0.000696698
0.0023123
0.000677002
0.00327051
0.00563029
0.00232293
0.000741748
0.00285284
0.00410896
0.00411681
0.00367667
0.00524906
0.0021436
0.000564156
0.0030138
0.00210713
0.00420982
0.00551759
0.00188561
0.000889128
0.0051498
0.000666803
0.000897415
0.00106532
0.00226853
0.00100286
0.00084061
0.00224474
0.000801086
0.00570583
0.000508978
0.000824126
0.000361398
0.00304328
0.00179899
0.000823003
0.000689644
0.00320432
0.00398247
0.00272225
0.000971498
0.000770605
0.00234803
0.000539747
0.00225591
0.00248851
0.00293005
0.00392891
0.00218915
0.00275813
0.00475806
0.00190065
0.00171715
0.00281774
0.00174296
0.00580461
0.00399108
0.00403132
0.00449124
0.00114528
0.00388748
0.000408291
0.000508071
0.000837826
0.00811383
0.00548919
0.00135027
0.00870868
0.00938549
0.00332808
0.0113429
0.000213059
0.000284741
0.00214055
0.00143711
0.00295723
0.0054789
0.00457477
0.000647907
0.00224477
0.000935303
0.0049909
0.00147135
0.00398622
0.00227794
0.00365057
0.00283599
0.00230747
0.0042404
0.000760757
0.00277229
0.00254521
0.000752141
0.00233797
0.000595894
0.000291131
0.00036391
0.000840553
0.0112686
0.0019344
0.00244185
0.00254979
0.00135668
0.00452235
0.000855854
0.00124467
0.000570474
0.000840424
0.00262708
0.000839713
0.00410968
0.000783431
0.00084222
0.00102995
0.00103681
0.00397536
0.000644889
0.000279406
0.00968183
0.000685759
0.00279053
0.00361106
0.000613296
0.00346769
0.000750794
0.00136107
0.00101644
0.000518288
0.00280141
0.0028542
0.000829028
0.00359996
0.00023387
0.00066433
0.000986701
0.00336722
0.000858585
0.00283949
0.00134256
0.00357953
0.00253871
0.00317041
0.00189323
0.00095391
0.00369569
0.00102756
0.000591668
0.00197697
0.000677367
0.00209944
0.001108
0.00297915
0.000601106
0.000786762
0.00250909
0.0103366
0.000870199
0.00125409
0.00027158
0.000365044
0.00071332
0.00500556
0.0042588
0.00280113
0.00411337
0.00497494
0.00090862
0.00316109
0.00270292
0.00142883
0.000740339
0.0011291
0.00405986
0.00311165
0.00348799
0.00718988
0.00108727
0.000932172
0.000696707
0.00483356
0.0027101
0.0128789
0.00226376
0.000562475
0.000861227
0.00200673
0.000552557
0.0038234
0.000582373
0.0103814
0.00116485
0.00407144
0.0031193
0.00148619
0.00222894
0.00468491
0.00075385
0.00705084
0.00686628
0.000880478
0.00450133
0.00451687
0.00346863
0.000852482
0.00563959
0.00580491
0.0033797
0.0021445
0.00173597
0.0105371
0.00278504
0.00298234
0.0111112
0.00819001
0.000646196
0.000767537
0.00127805
0.000522449
0.0106632
0.00504249
0.00213107
0.00111629
0.0130499
0.000842377
0.00147954
0.000819679
0.00370563
0.00602008
0.000538753
0.00179534
0.00494483
0.004585
0.001554
0.00435201
0.00250611
0.00379267
0.00464237
0.00186435
0.00173568
0.00244001
0.00059385
0.0100414
0.00223768
0.00164767
0.000794869
0.000654047
0.00243275
0.00289438
0.00129275
0.00196317
0.00238787
0.00260276
0.00162436
0.00535849
0.00277965
0.000937457
0.00642348
0.00150401
0.00113144
0.0108013
0.00765989
0.00563327
0.0029751
0.0031209
0.00138245
0.00123748
0.00487492
0.00156606
0.000826505
0.00274015
0.0023294
0.0027754
0.000473256
0.00297812
0.00117931
0.00287774
0.00423744
0.000508654
0.000302914
0.00684162
0.00385515
0.00263395
0.0048985
0.000751163
0.00518059
0.00329964
0.00146738
0.00480969
0.00289766
0.00120193
0.00230806
0.00343265
0.000673394
0.00237973
0.00233059
0.000735593
0.00105972
0.000774087
0.00065721
0.000844473
0.00708225
0.00281677
0.00634623
0.00929008
0.00418927
0.0037204
0.000942854
0.000907986
0.00251521
0.00063478
0.00247069
0.00386026
0.00401381
0.000936897
0.00296837
0.000818235
0.00231061
0.00113922
0.00101923
0.00347813
0.00420634
0.000953469
0.000226526
0.00030532
0.003176
0.0030282
0.00527406
0.00406372
0.0033017
0.00116453
0.000751893
0.00132728
0.00318662
0.000615998
0.00150663
0.00301425
0.00236431
0.000893962
0.00769222
0.00043066
0.00109278
0.00153352
0.000420074
0.00081107
0.00297303
0.0019898
0.00194318
0.00150912
0.0040098
0.0034493
0.00174304
0.00311649
0.00490114
0.000541449
0.00173054
0.00517566
0.000891756
0.00221427
0.00492419
0.00154676
0.00322637
0.00295302
0.000868575
0.000536108
0.00138501
0.00302546
0.00649218
0.0108393
0.0113553
0.000393537
0.00149373
0.00072126
0.000665268
0.00140527
0.000981308
0.00223162
0.00165831
0.000792147
0.002624
0.00281804
0.000847131
0.00532415
0.00356216
0.0026093
0.00513823
0.00229835
0.00272821
0.00619557
0.00294487
0.00062217
0.00501619
0.00223041
0.000906318
0.00275044
0.0108528
0.000781827
0.000748424
0.00131759
0.00271795
0.00272047
0.00188092
0.00306676
0.00182331
0.00687846
0.00314335
0.00122741
0.00172176
0.00678469
0.000822187
0.00433005
0.00067742
0.0101632
0.00394
0.0111141
0.00120669
0.00445968
0.00240959
0.000770739
0.000844442
0.00377001
0.00384747
0.00121374
0.00368903
0.00154091
0.00309529
0.00432321
0.00149878
0.006961
0.0011918
0.00200075
0.0015609
0.00260164
0.00254409
0.00760842
0.00491714
0.00172438
0.00185387
0.00101965
0.0018208
0.00174583
0.00344154
0.00694306
0.00498272
0.000803158
0.00225535
0.00188408
0.00329772
0.00341946
0.00343269
0.00103185
0.00116843
0.0106885
0.000554241
0.00105328
0.00368273
0.00221632
0.000295872
0.000434596
0.00102057
0.000951804
0.00470595
0.00236327
0.00285617
0.000830867
0.0010322
0.00669551
0.00587067
0.00109873
0.00282565
0.00670021
0.00081622
0.00354167
0.00472004
0.00963704
0.00265394
0.000874729
0.00729229
0.00216054
0.000826285
0.0045275
0.00932447
0.00224591
0.00105616
0.000840829
0.00100809
0.00721124
0.000959065
0.00365472
0.00200787
0.00294409
0.00197584
0.00176794
0.00271009
0.0107589
0.000417406
0.000233363
0.000120475
0.00238738
0.000950846
0.00167845
0.00161508
0.000809451
0.00038828
0.00743699
0.00410669
0.00321041
0.000946
0.00100412
0.00364751
0.00257745
0.00410614
0.00398248
0.00146996
0.00833956
0.00040382
0.00558311
0.0029483
0.00516757
0.00326485
0.00428432
0.00424434
0.00397715
0.00318805
0.0025537
0.0047851
0.0077437
0.00252648
0.00036567
0.0108572
0.00374576
0.000634269
0.00355725
0.00109199
0.00362521
0.00263606
0.0116807
0.000669495
0.00119523
0.00499713
0.00288149
0.00248762
0.00214731
0.0029458
0.00212606
0.00171896
0.00618177
0.00120778
0.000685957
0.000791156
0.00203724
0.00366569
0.00196875
0.00426408
0.00469983
0.00199721
0.00077981
0.000597921
0.0014629
0.00194617
0.00075895
0.000945978
0.00424391
0.00084593
0.00272393
0.00272406
0.000840306
0.00240331
0.00448912
0.00160869
0.00075263
0.00076625
0.00267079
0.00200829
0.00502098
0.00329288
0.00420872
0.00476075
0.000786335
0.000542377
0.00307206
0.00445937
0.00406063
0.00458032
0.00364481
0.0031333
0.00504303
0.00349054
0.00441531
0.00309985
0.00646172
0.000775184
0.00305151
0.00418677
0.00254503
0.0071197
0.00273878
0.00523661
0.000151494
0.000846081
0.000782804
0.00305538
0.00265147
0.000591679
0.0013749
0.00421411
0.00332088
0.00245065
0.00109245
0.00309431
0.000500925
0.00270656
0.00253781
0.00269666
0.00014638
0.000711828
0.00126286
0.00366066
0.000645791
0.0110645
0.00237403
0.00158086
0.00270906
0.000917943
0.00218562
0.00347415
0.00437355
0.00252315
0.0031316
7.21447e-05
0.00118483
0.00386006
0.00119922
0.00210006
0.00286203
0.00376126
0.0106631
0.00292929
0.000819862
0.000939328
0.00126345
0.00409569
0.000281165
0.000364954
0.00044753
0.00235893
0.00299463
0.00252781
0.00388211
0.00251109
0.000859993
0.00214533
0.000560494
0.00508972
0.00308092
0.000501632
0.00203051
0.00664865
0.00231924
0.00380216
0.000903813
0.00374197
0.00244665
0.00286341
0.00168417
0.000990562
0.000913881
0.00610522
0.00792276
0.000928897
0.00435202
0.00287427
0.00428291
0.00121363
0.00275879
0.00201877
0.00103175
0.00156289
0.00439857
0.00208981
0.000855662
0.0047236
0.00143763
0.00588761
0.00317971
0.00220304
0.000806127
0.00241741
0.00115385
0.000547206
0.00125665
0.00260092
0.00352988
0.00367654
0.00168465
0.00118204
0.0100293
0.00387003
0.00378359
0.00249238
0.000523714
0.00280042
0.00143461
0.00205269
0.000111852
0.000864482
0.0109504
0.00550768
0.00076065
0.00180341
0.00128786
0.00121285
0.000811804
0.00144103
0.000643261
0.000890668
0.000755509
0.000659381
0.00151428
0.00152463
0.00591104
0.000749629
0.00210641
0.000968031
0.000820772
0.00225985
0.00456265
0.00493344
0.00261692
0.000743057
0.00119727
0.00145897
0.00362448
0.00681529
0.00526084
0.00117651
0.000719063
0.00628623
0.00174742
0.000798129
0.00257412
0.000222798
0.000852891
0.000289512
0.00135829
0.00285447
0.00607283
0.00334011
0.00816415
0.000792633
0.00162266
0.000874857
0.00200339
0.000803137
0.00578882
0.00262022
0.00088784
0.0039534
0.0023873
0.00683489
0.00026532
0.00506519
0.00288505
0.000572073
0.0011411
0.00208116
0.000759186
0.0057203
0.0011844
0.0029326
0.00279317
0.000826513
0.00163082
0.000615642
0.00212564
0.00338819
0.00277561
0.000469015
0.0031714
0.00435272
0.000784031
0.00135062
0.000728565
0.00252444
0.00523417
0.00319736
0.000683086
0.00195445
0.00160427
0.00782992
0.00635319
0.0024263
0.0110086
0.00138006
0.00629915
0.000940643
0.00168943
0.000438673
0.000567688
0.00114534
0.00270611
0.00252413
0.00445458
0.00056304
0.00131124
0.00277073
0.00264583
0.00236514
0.0044732
0.00289495
0.00186944
0.00287039
0.0004611
0.0105999
0.00398548
0.00217561
0.000626935
0.00641485
0.00051017
0.000856773
0.000762381
0.00414033
0.00186128
0.000936815
0.00512165
0.00183627
0.00299675
0.000719597
0.00057334
0.00761461
0.0025275
0.000870848
0.000453678
0.0019555
0.00378015
0.00233133
0.000156063
0.0015338
0.00315031
0.00259987
0.000715782
0.000486465
0.00184917
0.000671455
0.0029102
0.00121379
0.00337525
0.0019427
0.00484019
0.00539754
0.000238173
0.000436398
0.00201354
0.000316225
0.00316005
0.00916126
0.00416151
0.00448552
0.0036732
0.00227295
0.00174634
0.000439624
0.000755794
0.0109867
0.00070561
0.00124192
0.000534897
0.00858027
0.000533201
0.000873438
0.00375867
0.0038522
0.000696409
0.00115704
0.0017495
0.000970516
0.00177132
0.000946733
0.00184141
0.0021923
0.00784083
0.00096694
0.000931501
0.00352873
0.00409856
0.00173084
0.00232372
0.000885321
0.00401417
0.00779011
0.00348464
0.00128075
0.00133456
0.000801949
0.000859306
0.00410038
0.00341365
0.00317771
0.000805605
0.000640033
0.00309119
0.000582596
0.00297497
0.00245138
0.00293684
0.00611371
0.00062996
0.00110856
0.000991185
0.000485585
0.00045453
0.00557393
0.0029948
0.00732519
0.00213802
0.000614114
0.00101376
0.00115767
0.00129509
0.00129781
0.0033248
0.003148
0.0028025
0.000870929
0.00178211
0.00607493
0.00302154
0.00166677
0.00126849
0.00413997
0.00383683
0.00138133
0.000789922
0.00298681
0.00319052
0.000400258
0.00964665
0.000650482
0.00061935
0.00130589
0.00286732
0.0027044
0.000356083
0.00308568
0.00161994
0.0025907
0.00286577
0.00857032
0.000786379
0.00274477
0.00520923
0.00159873
0.00328775
0.000941147
0.00555584
0.00151139
0.0019806
0.0023156
0.000613682
0.00316902
0.00129101
0.00158133
0.000279584
0.00261253
0.000813768
0.00041418
0.00246914
0.00347471
0.00452808
0.00282323
0.000976534
0.000246227
0.00102672
0.00255593
0.00464543
0.00193556
0.000843189
0.00275119
0.000587815
0.00655129
0.000922683
0.00454641
0.000922133
0.00119105
0.000621026
0.00127569
0.000993548
0.00336403
0.00581495
0.00138218
0.000789607
0.000556566
0.0041065
0.0020971
0.0070669
0.00253125
0.00132279
0.00137526
0.00555782
0.00082335
0.000825778
0.000789848
0.01044
0.00294511
0.00181013
0.000777276
0.00196968
0.00676742
0.00446489
0.00351949
0.000886983
0.0051666
0.00288572
0.00412217
0.00206034
0.00388532
0.00258719
0.00535855
0.000648326
0.000699921
0.00127494
0.0112232
0.0020233
0.000606628
0.000570169
0.0023207
0.00157235
0.00249129
0.00217089
0.00118249
0.00462529
0.00260342
0.00152937
0.00236635
0.00507607
0.000821861
0.00353697
0.000775665
0.00130952
0.000713322
0.00083348
0.00106456
0.00080284
0.000826695
0.00644986
0.00264043
0.00201491
0.00289856
0.000423446
0.000751524
0.000983171
0.00184558
0.000890768
0.00580822
0.00219231
0.0033859
0.00497712
0.00262368
0.00459918
0.00469946
0.00257445
0.00292048
0.000837144
0.00103452
0.002657
0.00225149
0.00525806
0.00216647
0.00264847
0.00298503
0.00332883
0.000834412
0.00585027
0.0053257
0.000913456
0.00164942
0.00294554
0.0054496
0.00328541
0.000352576
0.00445548
0.00132722
0.00568127
0.00401673
0.00369797
0.00312727
0.00220547
0.00717108
0.00239885
0.00410041
0.00613616
0.00332467
0.00115399
0.000719942
0.00427441
0.0034381
0.000627298
0.000689076
0.0029151
0.00964394
0.000965495
0.00403335
0.000761684
0.00241781
0.00240769
0.00082185
0.00260368
0.00263366
0.0108797
0.00436579
0.000631483
0.00528563
0.00264195
0.00333744
0.00117987
0.00310443
0.00694735
0.00294999
0.00165404
0.00250423
0.00254191
0.00205166
0.00183437
0.00295991
0.00233603
0.00294625
0.00324471
0.000878885
0.00397104
0.000910772
0.00480101
0.00329815
0.00355865
0.000914723
0.000793698
0.000735815
0.000676944
0.00104504
0.002305
0.00376
0.00103485
0.00273071
0.00347409
0.00067635
0.00195235
0.000235098
0.00544141
0.00238142
0.0041301
0.0021745
0.00686729
0.00153193
0.001243
0.00303789
0.00394075
0.00316835
0.00462741
0.000742241
0.000665946
0.00432614
0.00340319
0.00363494
0.00563706
0.00370649
0.00346791
0.00518716
0.00267374
0.000539552
0.00192766
0.00151018
0.00377716
0.00464508
0.00261778
0.00383907
0.00169178
0.000547037
0.000480416
0.00113331
0.00226677
0.00080374
0.000761423
0.00215183
0.000916549
0.00118226
0.00172747
0.000871718
0.000741904
0.0010227
0.00105448
0.000594085
0.00165134
0.00233795
0.00171749
0.0013741
0.00224296
0.000816671
0.00088375
0.00116867
0.000624088
0.000886931
0.00104258
0.000803248
0.00265293
0.0010967
0.00153221
0.00044323
0.000357012
0.00093691
0.00131536
0.00151651
0.0045505
0.000814256
0.000601941
0.000815243
0.00132626
0.00185936
0.00178122
0.000738576
0.000351975
0.000457258
0.000845333
0.00116303
0.000949928
0.00051447
0.00084452
0.00176274
0.00182833
0.0013124
0.000850776
0.00124008
0.00193655
0.00115316
0.000739921
0.00166352
0.00235161
0.00147763
0.00139677
0.00100999
0.00169262
0.000724596
0.000828703
0.00095139
0.00123284
0.00124615
0.00134973
0.000901549
0.00124766
0.000659481
0.000678544
0.00101881
0.000464227
0.00241312
0.000640254
0.000586006
0.00179984
0.000846392
0.00128082
0.00118692
0.0023725
)
;

boundaryField
{
    frontAndBack
    {
        type            empty;
    }
    wallOuter
    {
        type            nutkWallFunction;
        Cmu             0.09;
        kappa           0.41;
        E               9.8;
        value           nonuniform List<scalar> 
396
(
1.387e-05
1.387e-05
7.55344e-05
0.000110175
8.94754e-05
0.000124662
6.50586e-05
0.000138252
0.000115617
8.4287e-05
1.71889e-05
1.72721e-05
6.77286e-05
2.53156e-05
6.0607e-05
3.01357e-05
2.18395e-05
7.67289e-05
0.000123557
7.77949e-05
0.00012548
8.92539e-06
1.00345e-05
7.56326e-05
0.000122071
8.61919e-06
8.23585e-05
1.26722e-05
8.93599e-06
1.09616e-05
2.13149e-05
4.16424e-05
8.46858e-05
8.67738e-05
7.29754e-05
3.10977e-05
7.55433e-05
6.81212e-05
5.64112e-05
8.44776e-05
5.58262e-05
9.47343e-05
4.95579e-05
3.88735e-05
5.90072e-05
8.42525e-05
2.29183e-05
8.15239e-05
5.59257e-05
6.29735e-05
9.40988e-05
8.0037e-05
0.000129558
8.3798e-05
8.5689e-05
5.66686e-05
8.9337e-05
8.91353e-05
9.15626e-05
3.08632e-05
2.96713e-05
5.7403e-05
9.50234e-05
2.02336e-05
3.33508e-05
9.07839e-05
9.31792e-05
6.19357e-05
9.24077e-05
0.00010106
0.000119611
3.14554e-05
5.64749e-05
9.89946e-05
0.000131713
0.000104164
8.79492e-05
7.06441e-05
4.86034e-05
9.96993e-05
8.11839e-05
3.20957e-05
7.21945e-05
3.39047e-05
6.52122e-05
7.83081e-05
0.00010015
8.80583e-05
9.28954e-05
7.75859e-05
4.53935e-05
8.00774e-05
6.90941e-05
1.81561e-05
1.66968e-05
5.61259e-05
8.06659e-05
0.000100595
0.000135605
0.000106104
0.000113515
6.33862e-05
0.000113417
8.92891e-05
0.000111614
3.36135e-05
2.04338e-05
8.77552e-05
8.22704e-05
1.79033e-05
1.65968e-05
1.41834e-05
1.54953e-05
4.04659e-05
3.62016e-05
4.10452e-05
3.80371e-05
2.02213e-05
3.54061e-05
8.86421e-05
0.000109816
0.000105282
9.15831e-05
9.73075e-05
9.95353e-05
0.000108655
0.000130341
7.57159e-05
9.13602e-05
8.14763e-05
8.18602e-05
7.90351e-05
0.000107442
9.16257e-05
7.75624e-05
7.63722e-05
9.54145e-05
0.000102979
4.29629e-05
4.8765e-05
4.6453e-05
4.02664e-05
0.000124394
3.69016e-05
4.96793e-05
0.000129097
2.12679e-05
0.000106875
0.000110666
0.000120025
0.000100753
4.87853e-05
0.000152825
0.000157521
0.00016054
9.76487e-05
0.00015376
0.000145396
9.41918e-05
0.000138223
0.000143645
0.000150736
0.000159672
0.000113069
0.000126131
0.000154708
0.000145235
0.000161603
0.000138912
0.00013235
9.33997e-05
0.000133067
0.000136789
0.00012479
9.41542e-05
9.03711e-05
9.72011e-05
2.12378e-05
2.11791e-05
2.06667e-05
2.04742e-05
2.51238e-05
6.95699e-05
4.59992e-05
3.98627e-05
4.35781e-05
4.25539e-05
3.03464e-05
5.15305e-05
8.47714e-05
4.18415e-05
8.58347e-05
4.3078e-05
4.25224e-05
4.32837e-05
4.36229e-05
4.38025e-05
4.40143e-05
2.9073e-05
0.0001145
4.1101e-05
4.33619e-05
4.41909e-05
4.50304e-05
4.45421e-05
0.000137628
9.82772e-05
5.86127e-05
4.57732e-05
3.6498e-05
4.01894e-05
0.000128063
5.71347e-05
0.000121253
9.03125e-05
0.000137326
0.000106769
0.000125261
9.01927e-05
0.000115926
6.32816e-05
8.98893e-05
5.6682e-05
0.000100478
1.43894e-05
1.08911e-05
1.63764e-05
6.39031e-05
1.23188e-05
0.000131619
9.4361e-05
2.03028e-05
7.02168e-05
0.00011618
7.54402e-05
4.39945e-05
5.58269e-05
0.00013401
9.55279e-05
5.12147e-05
9.89831e-05
0.000112572
8.52302e-05
0.000146925
0.000129119
9.02866e-05
9.78278e-05
3.25617e-05
5.18438e-05
0.000109762
4.01466e-05
6.01405e-05
0.000123977
9.80198e-05
5.989e-05
0.000120565
8.80161e-05
5.64938e-05
5.75137e-05
8.94112e-05
0.000148885
1.94294e-05
4.54685e-05
7.81816e-05
6.47257e-05
4.22874e-05
4.1228e-05
0.0001095
3.31763e-05
4.62508e-05
8.50348e-05
0.000110446
8.9134e-05
2.2189e-05
0.000133096
9.67961e-05
3.31701e-05
3.31701e-05
7.23052e-05
2.91883e-05
7.55122e-05
0.000121464
7.39048e-05
0.000136803
7.54514e-05
8.31677e-05
0.000117858
0.000130257
9.49817e-05
6.0899e-05
6.69398e-05
6.33341e-05
6.12532e-05
0.000107584
0.000116337
0.000102415
0.000100317
0.000137817
0.000118695
0.000125009
0.000121638
0.000108718
6.70259e-05
7.51034e-05
0.000124876
7.79055e-05
7.66326e-05
6.60139e-05
0.000107203
0.000108067
6.2727e-05
5.52313e-05
5.12549e-05
5.60323e-05
4.12285e-05
5.12176e-05
2.92632e-05
4.16164e-05
0.000114423
0.000143108
0.00012479
8.91391e-05
4.60583e-05
3.93262e-05
5.67875e-05
1.7921e-05
5.81059e-05
3.5983e-05
8.89735e-05
3.3679e-05
6.92643e-05
7.98459e-05
0.000106857
0.000126235
6.15238e-05
2.41737e-05
3.50454e-05
9.13507e-05
3.43177e-05
4.52997e-05
0.000102071
0.000121902
0.00012266
7.41216e-05
2.71462e-05
7.1563e-05
0.000103895
3.23041e-05
4.54951e-05
0.000108092
0.000128672
0.000110888
8.36174e-05
5.73124e-05
0.000113131
2.61961e-05
3.77453e-05
9.56567e-05
0.000106363
7.51723e-05
5.4681e-05
4.891e-05
2.82752e-05
1.14275e-05
0.000112132
1.55856e-05
6.07368e-05
1.55092e-05
4.21949e-06
3.31973e-05
4.54319e-05
0.000111068
1.00704e-05
0.000106132
9.10846e-05
7.96498e-05
0.000114952
2.522e-05
0.00010174
3.57475e-05
3.10761e-05
8.23319e-05
5.30117e-05
6.99407e-05
5.69342e-05
1.63679e-05
2.72133e-05
3.80122e-05
5.31491e-05
8.38894e-05
0.000137068
7.65643e-05
5.72007e-05
3.30881e-05
5.00958e-05
0.000140283
)
;
    }
    inlet
    {
        type            calculated;
        value           uniform 0.000851986;
    }
    outlet
    {
        type            calculated;
        value           nonuniform List<scalar> 9(0.00734773 0.00833049 0.00148257 0.00584659 0.0067868 0.00445533 0.00126264 0.00254521 0.00410968);
    }
    wallInner
    {
        type            nutkWallFunction;
        Cmu             0.09;
        kappa           0.41;
        E               9.8;
        value           nonuniform List<scalar> 
528
(
0.000137921
2.50321e-05
7.10537e-05
1.61511e-05
0.00010369
0.000217569
9.37274e-05
0.000236773
9.40683e-05
0.000127015
0.000185585
0.000116503
0.000160467
0.000226335
0.000221597
0.000122947
0.000134575
9.42895e-05
0.000114655
6.04752e-05
0.000223029
0.000130517
0.000153059
9.46752e-05
0.000193833
6.57596e-05
0.000135384
0.000167208
0.000224593
8.68847e-05
0.000107434
9.97334e-05
0.000186268
9.20663e-05
0.0002258
9.18556e-05
0.00013533
0.000119031
6.31666e-05
0.000187541
0.000121901
0.000206835
0.000131947
0.000114737
7.47323e-05
0.0001338
0.000188766
0.0001046
0.000118731
0.000150797
0.000243454
0.000128888
0.000113234
0.000103975
0.000221673
0.00011624
6.39219e-05
0.000120296
0.000154737
9.17516e-05
0.000146101
0.00021124
0.000213071
9.77939e-05
0.000100087
0.000180991
0.000109397
0.000143884
0.000133422
9.26663e-05
9.61487e-05
0.000108598
0.000126136
0.00010183
0.000271273
0.000174066
7.97597e-05
9.26595e-05
0.000203535
0.000111955
0.000257001
6.52379e-05
0.00024694
0.000181705
0.000181017
0.000106427
0.000107477
0.000151446
9.5608e-05
0.000218635
0.000160004
0.00015834
0.000205516
0.000175212
8.10132e-05
0.000129423
0.000118496
0.000127247
0.000123049
0.000160169
9.70802e-05
5.94556e-05
0.000154787
0.00014042
0.000195433
9.09579e-05
8.83907e-05
0.000223412
0.000158979
0.000181801
0.000125106
0.000109748
0.000165975
0.000115057
0.000104649
0.000150002
0.000203375
3.71674e-05
7.4318e-05
5.57703e-05
5.25899e-05
0.000169155
0.000162721
0.000160666
0.000129583
0.000125048
3.64717e-05
0.000118879
0.000135451
9.51855e-05
8.61762e-05
3.6877e-05
3.94707e-05
3.25679e-05
5.55762e-05
5.09737e-05
5.02547e-05
5.56795e-05
7.42322e-05
4.26658e-05
0.000155891
0.000126921
0.000185213
4.522e-05
0.000219861
0.000151255
6.24e-05
5.2406e-05
6.0923e-05
3.82169e-05
3.38107e-05
7.95739e-05
6.77215e-05
6.33523e-05
0.000112186
0.000248708
0.000187394
0.000191088
0.000181891
2.53168e-05
0.000163666
0.000131638
0.000131842
0.000183952
3.72961e-05
3.18355e-05
0.000127813
8.20594e-05
2.69525e-05
0.000131964
0.00013185
0.000128899
3.58998e-05
0.000126501
2.8222e-05
3.31411e-05
9.11077e-05
0.000133217
0.00012105
0.000125319
0.000106484
0.000120654
0.000150695
0.000132625
0.000120343
7.66008e-05
0.000125095
0.000178171
0.000143679
3.03015e-05
0.000128643
3.47082e-05
0.000129836
0.000142348
0.000177808
4.04855e-05
0.000131062
0.000117134
0.000170944
0.000162399
0.000174049
0.000136347
5.37713e-05
3.63489e-05
2.77046e-05
5.49651e-05
9.94615e-05
2.91048e-05
3.77936e-05
4.77925e-05
2.53611e-05
0.000118324
7.0637e-05
4.37933e-05
0.000107793
2.26886e-05
4.33958e-05
7.86042e-05
7.35622e-05
4.32583e-05
3.56693e-05
2.37697e-05
0.000111859
8.55203e-05
5.40141e-05
5.90216e-05
6.45579e-05
3.33464e-05
3.54279e-05
9.47377e-06
4.42497e-05
7.26987e-05
7.87025e-05
4.77391e-05
3.45201e-05
5.901e-05
0.00010128
8.38549e-05
4.54938e-05
2.99506e-05
3.12017e-05
3.45628e-05
2.7382e-05
9.74099e-05
4.83135e-05
2.13972e-05
5.71281e-05
3.55022e-05
8.53014e-05
9.88455e-05
4.90603e-05
6.90362e-05
5.929e-05
6.95529e-05
5.23839e-05
2.67754e-05
6.95311e-05
9.95522e-05
3.64264e-05
9.67995e-05
2.26805e-05
4.67959e-05
6.59554e-05
2.6634e-05
0.000112658
8.6124e-05
2.93112e-05
0.000105169
6.08738e-05
6.38221e-05
7.19287e-05
3.48139e-05
3.71956e-05
3.81294e-05
2.94879e-05
0.000103312
3.41411e-05
2.11539e-05
7.74193e-05
8.2988e-05
0.000118209
1.2384e-05
5.63988e-05
0.000136581
7.07706e-05
0.000144618
0.000159867
0.00012585
0.000159877
2.41924e-05
6.18277e-05
0.000164358
6.54438e-05
2.58682e-05
0.000163439
6.03101e-05
0.000198861
0.000191826
6.75391e-05
9.45504e-05
0.000118056
5.8734e-05
0.000107154
4.83433e-05
0.000109835
8.73373e-05
3.93807e-05
4.78943e-05
2.42408e-05
9.89264e-05
3.0314e-05
2.18188e-05
7.20063e-05
8.4299e-05
7.60726e-05
0.000125457
0.000130932
0.000113657
0.000105241
0.000132303
0.000100084
8.71431e-05
6.91266e-05
0.000105573
5.0207e-05
4.90091e-05
8.05393e-05
0.000106833
0.000152988
0.000103194
0.000179965
0.00011087
7.99848e-05
9.95162e-05
5.76458e-05
0.000165686
2.4996e-05
8.30419e-05
0.000186712
0.000157248
6.81617e-05
2.74413e-05
9.02174e-05
0.00019208
7.71717e-05
0.000126279
0.000134638
0.000121972
8.44962e-05
0.000190624
0.000101887
0.000105381
0.000170674
9.8097e-05
5.42021e-05
2.69654e-05
3.98549e-05
0.00018373
0.000203759
0.000105096
7.64748e-05
5.28789e-05
6.89245e-05
0.000214674
0.000163908
0.00010638
0.000105153
4.97179e-05
2.4696e-05
3.77832e-05
2.43367e-05
8.0714e-05
0.000204814
7.68671e-05
2.90132e-05
0.000106983
2.79064e-05
0.000197241
7.53473e-05
5.29447e-05
5.24477e-05
7.14124e-05
8.31014e-05
0.000209088
6.27203e-05
7.84057e-05
0.000143678
6.47085e-05
6.13039e-05
3.34902e-05
0.00020204
6.43436e-05
0.000114205
2.24835e-05
2.75487e-05
2.50265e-05
0.000160902
2.58754e-05
0.00012004
2.75399e-05
0.000131447
9.31409e-05
6.56785e-05
2.29283e-05
6.58467e-05
3.85356e-05
2.82655e-05
8.27651e-05
2.2504e-05
4.88327e-05
0.000144704
0.000226735
0.000230223
0.000124427
2.41652e-05
2.6347e-05
8.93826e-05
2.71903e-05
2.44148e-05
5.74772e-05
0.000115461
4.99187e-05
9.36043e-05
3.95633e-05
8.1319e-05
5.54363e-05
0.000126981
7.19562e-05
0.000143486
2.63282e-05
0.000101687
4.28616e-05
0.000179207
3.06824e-05
4.93967e-05
9.32833e-05
6.44886e-05
2.687e-05
8.45541e-05
2.74255e-05
6.35941e-05
2.89651e-05
6.10118e-05
9.86336e-05
4.53555e-05
7.85181e-05
3.22927e-05
8.29189e-05
0.000133969
6.20828e-05
3.64306e-05
0.000156052
0.000130889
0.000115794
6.01728e-05
7.37095e-05
8.04024e-05
0.000193488
6.8444e-05
0.000131974
0.000109279
0.000139162
0.000199195
0.000104055
8.93007e-05
0.000120163
7.36935e-05
0.000190382
0.000197011
0.000165666
9.37167e-05
0.000102463
0.00013504
7.9259e-05
9.59647e-05
0.000100325
0.000136408
0.000178536
5.49483e-05
4.49582e-05
0.000112924
0.000169213
0.000100651
7.38327e-05
9.69055e-05
0.000153574
0.000218389
0.000208159
9.19393e-05
4.29181e-05
0.000102909
0.000137831
8.85441e-05
5.80881e-05
0.000100513
0.000199816
0.000206607
0.000152959
0.000102016
0.000146191
0.000219904
0.000134942
8.8034e-05
0.000190891
0.000262726
0.000170838
0.000163516
0.000120137
0.000194128
8.72289e-05
9.9169e-05
0.000113072
0.000138341
0.000142191
0.000153834
0.000112097
0.000148538
8.15378e-05
7.35662e-05
0.000116817
5.52162e-05
0.000269005
7.87469e-05
7.1504e-05
0.000204732
9.97533e-05
0.000149809
0.000139557
)
;
    }
}


// ************************************************************************* //
