/*--------------------------------*- C++ -*----------------------------------*\
| =========                 |                                                 |
| \\      /  F ield         | OpenFOAM: The Open Source CFD Toolbox           |
|  \\    /   O peration     | Version:  v1912                                 |
|   \\  /    A nd           | Website:  www.openfoam.com                      |
|    \\/     M anipulation  |                                                 |
\*---------------------------------------------------------------------------*/
FoamFile
{
    version     2.0;
    format      ascii;
    class       volVectorField;
    location    "0.17";
    object      U;
}
// * * * * * * * * * * * * * * * * * * * * * * * * * * * * * * * * * * * * * //

dimensions      [0 1 -1 0 0 0 0];


internalField   nonuniform List<vector> 
1431
(
(-0.679013 0.828089 -2.79973e-17)
(2.62787 -0.273218 -1.23319e-16)
(6.37523 1.04463 9.21001e-17)
(-2.85778 1.41318 -4.43747e-17)
(0.178259 2.10286 -1.30378e-16)
(-3.40992 -0.0329492 2.40413e-16)
(-1.59919 -0.698584 -2.00828e-16)
(9.82421 0.58786 -2.07703e-16)
(-2.1859 1.23436 0)
(-2.47132 -0.505619 -1.16469e-16)
(0.304522 -3.38807 0)
(1.58299 -0.219872 6.36791e-17)
(1.23167 -0.0192325 0)
(9.18012 0.483538 1.82189e-18)
(2.52111 1.59976 -2.01368e-16)
(0.355731 0.356232 0)
(2.17662 2.18595 -2.86016e-16)
(-3.72196 -0.99099 0)
(0.615568 -1.0357 1.19091e-16)
(-0.0122753 -3.35083 3.59807e-17)
(-0.0589623 1.36444 -1.78175e-17)
(-1.3087 0.298517 -2.65366e-18)
(-3.43821 0.0704364 -3.92116e-17)
(8.89856 0.530733 -2.94817e-17)
(1.79791 3.11979 -1.21429e-16)
(-0.298435 -3.12808 -9.72291e-17)
(-1.24949 4.57931 1.08825e-16)
(9.43205 0.435675 -2.13994e-20)
(10.8277 0.569143 5.91179e-18)
(-3.74543 1.33321 -3.26733e-16)
(7.84906 0.256862 2.22764e-16)
(7.358 -0.209158 -1.6407e-16)
(-1.30074 0.0944963 -1.10483e-16)
(-0.983135 0.0176435 0)
(-2.10962 -0.325874 9.29824e-17)
(3.13689 7.02966 1.34118e-16)
(-0.702316 -1.58207 1.06105e-16)
(9.76133 -0.0123733 0)
(-4.15104 -0.345985 -1.24725e-16)
(9.68416 -0.00799383 0)
(5.28556 0.0902435 1.24422e-16)
(0.435762 0.0759236 -7.78738e-17)
(-1.51786 -0.242648 0)
(-2.65992 -0.435345 -5.86197e-17)
(0.00905728 0.275699 1.56611e-16)
(-1.69944 0.530455 -3.93609e-16)
(1.13168 3.758 2.39299e-16)
(7.39765 1.06372 -5.40407e-17)
(9.14545 0.497195 1.50737e-16)
(9.5532 0.0903138 3.49669e-17)
(-3.78281 0.755165 -6.29436e-17)
(-2.22781 -0.476463 1.29617e-16)
(-2.10641 0.758859 7.46292e-17)
(-1.89191 -0.374184 -1.53949e-17)
(-1.98285 -0.941781 -1.21886e-16)
(8.08836 1.60012 0)
(-2.76631 -0.38173 5.97337e-17)
(-1.8432 0.45611 -3.02573e-16)
(-0.390705 6.2739 0)
(0.17032 0.835853 -7.72901e-16)
(0.232161 1.19186 0)
(-2.82122 -2.11475 -1.18751e-16)
(1.9745 5.75532 -1.54579e-16)
(10.6223 0.114865 0)
(10.0703 0.302935 -1.73891e-17)
(-1.66057 -0.967879 0)
(6.44826 0.185971 0)
(-2.42578 0.0250267 0)
(-0.965677 4.46244 1.05285e-16)
(10.8165 0.0842337 0)
(-1.22588 0.0288603 9.15428e-17)
(-2.72258 -0.273992 -8.48296e-17)
(0.875913 -3.14831 0)
(-4.54167 -0.275256 -2.31653e-16)
(1.84631 -2.01073 6.21359e-19)
(-0.895223 0.379432 2.57127e-16)
(0.0557884 2.26495 4.55385e-17)
(5.9243 1.07107 2.43649e-16)
(10.0507 0.15789 1.23698e-17)
(1.1022 -3.12734 -1.99945e-17)
(9.98384 0.090738 -2.42053e-16)
(-3.75409 0.284262 -1.62371e-18)
(2.00201 -2.70359 1.43517e-16)
(0.550845 0.368254 -8.64037e-17)
(-2.57975 1.03245 4.45704e-17)
(0.257954 2.10791 -4.36433e-16)
(0.172018 1.59034 -9.74563e-17)
(-0.457611 0.996694 1.72783e-16)
(8.54382 0.56958 8.86317e-17)
(-0.931473 -2.90091 -4.4467e-17)
(-2.53154 -0.404692 1.66247e-16)
(-1.35788 1.03169 2.46758e-16)
(0.243544 1.51371 0)
(9.81923 0.0277404 0)
(-5.01559 -0.661273 1.43869e-18)
(0.125788 1.59175 2.51554e-19)
(1.78035 -1.1147 -2.39691e-19)
(10.4507 0.529307 3.12959e-18)
(0.0437208 1.31697 2.01738e-16)
(9.05301 0.462078 -4.24997e-16)
(-1.03855 3.94023 -1.21884e-16)
(9.93483 0.156084 -6.41213e-17)
(-1.63089 -0.651105 0)
(0.0797731 1.96688 -1.39879e-20)
(-0.425977 1.94351 1.78442e-16)
(0.860901 0.166251 8.18578e-17)
(10.072 0.0589811 -1.00994e-16)
(4.98664 -0.0365847 7.1759e-17)
(7.06825 0.0596952 9.10523e-17)
(0.240698 2.38234 6.65495e-17)
(-0.581836 -2.74788 1.66543e-16)
(-0.801461 -0.745622 -7.35834e-17)
(9.76405 0.809263 0)
(-1.93302 -1.92247 -1.36544e-16)
(0.538997 1.93888 0)
(0.0253064 1.92855 0)
(-3.37754 -0.571089 0)
(2.29117 0.361245 2.17407e-18)
(8.09543 0.582272 -6.08641e-17)
(-0.31848 0.159927 -1.59816e-16)
(9.93838 0.245442 -1.93451e-17)
(-1.73198 0.577402 -1.77905e-16)
(-3.18984 -0.457909 -4.20002e-16)
(8.97612 0.77545 -1.12694e-16)
(10.1517 0.158275 0)
(3.2522 -0.260676 -6.88357e-17)
(7.56986 0.564241 1.60511e-17)
(2.72801 -2.10897 4.62346e-17)
(-0.827163 1.31781 8.07924e-17)
(10.6776 0.421202 -7.03018e-17)
(-0.751199 -0.583546 -1.39061e-16)
(4.43723 -0.131064 2.34572e-16)
(7.32847 0.220067 0)
(-1.6993 -0.959838 -1.67745e-16)
(0.251194 1.48878 -1.04292e-17)
(-2.05699 1.46265 -2.63806e-16)
(0.153695 -3.15993 0)
(-0.257794 -0.299031 1.36187e-16)
(-2.0573 -0.0663244 4.43637e-17)
(3.71152 -0.0621694 -3.80691e-16)
(-0.630217 1.4874 0)
(0.301793 0.94049 3.37975e-17)
(10.5715 0.0519757 -7.29733e-18)
(9.10572 0.381988 -1.94279e-17)
(8.77431 0.225028 0)
(11.4163 0.27771 4.2393e-17)
(10.4248 0.350663 3.26293e-17)
(4.77137 -0.0501968 0)
(-0.542329 -3.30827 -9.45803e-17)
(9.48527 0.865061 -5.00211e-17)
(10.9111 0.0415952 7.60766e-17)
(9.98528 0.421627 -1.50829e-17)
(2.79817 -0.392452 -1.42794e-16)
(1.93679 -1.4209 7.66857e-17)
(-2.8451 -0.709251 1.3057e-16)
(2.85621 -1.60951 -2.92747e-17)
(10.1251 0.103213 8.36084e-17)
(-1.85336 -1.14714 -3.73527e-16)
(9.66119 0.916006 0)
(9.60856 1.10374 -9.26264e-17)
(-3.90217 -1.18666 -5.9115e-20)
(-0.151268 -3.67107 3.06703e-17)
(-1.62885 -0.275633 0)
(1.0599 1.08105 -3.56972e-17)
(0.029298 1.81957 -1.96395e-16)
(-0.62205 -0.750633 -1.79797e-16)
(0.232181 2.11296 -1.04703e-16)
(9.87132 0.0976202 0)
(-3.76876 1.04261 2.86987e-16)
(-1.3711 -1.07201 -1.57056e-16)
(9.83376 0.887485 -1.29708e-17)
(1.11327 0.495284 3.10282e-17)
(8.70301 0.508313 -1.09984e-16)
(11.1072 0.0478302 0)
(10.5573 0.0333247 1.38341e-17)
(-1.72336 0.169851 0)
(0.0990442 0.132268 9.22245e-17)
(9.41274 0.553015 -1.72776e-17)
(-3.92088 1.51824 2.17111e-16)
(9.62015 1.05867 9.48076e-17)
(9.77696 0.273013 3.98935e-17)
(1.11964 0.561814 1.06363e-16)
(8.86968 1.64966 0)
(-1.33074 -2.32252 2.76606e-16)
(11.2816 0.110081 9.28984e-17)
(10.0056 1.0509 -1.29309e-17)
(9.90946 0.673675 9.84418e-17)
(-2.64565 4.69452 -1.27929e-16)
(-0.470054 -2.72085 1.38715e-16)
(10.307 0.0988806 -4.46706e-20)
(-3.77497 0.853634 -5.04079e-18)
(1.75368 1.39345 -1.21447e-16)
(-0.0279584 1.83853 -3.14093e-16)
(10.1123 0.0368769 -6.10553e-17)
(-2.48395 4.04671 -2.28089e-19)
(10.0814 0.395613 3.8419e-17)
(10.0753 0.0796584 0)
(7.34365 1.92549 -1.04102e-16)
(-1.41769 -2.27636 0)
(-0.0842943 -0.706686 0)
(0.860237 -1.66902 -1.55604e-16)
(2.83444 2.48085 -2.73752e-16)
(9.48691 0.967447 -2.61419e-17)
(3.92184 0.106186 -4.31586e-16)
(10.09 0.0459281 3.35732e-17)
(-2.16268 2.21898 -2.86721e-16)
(0.245869 1.82844 8.08229e-16)
(9.81965 0.195148 2.3963e-17)
(1.32786 -3.21168 1.05045e-17)
(9.33183 0.219467 0)
(10.1751 0.060877 7.57461e-18)
(10.0023 0.322527 5.97804e-17)
(8.18863 0.619959 1.31449e-17)
(9.89313 0.183113 2.30309e-17)
(-3.08755 -0.395597 0)
(-1.78959 0.109904 3.67346e-16)
(9.54972 1.01389 0)
(-2.49229 -0.171392 0)
(-0.749243 -0.435725 0)
(10.1393 0.224745 -6.01807e-17)
(9.91779 0.156199 0)
(0.348087 1.04468 1.39649e-16)
(11.1717 0.0264945 -1.21969e-16)
(4.05644 1.15552 -7.20187e-17)
(10.7386 0.344576 0)
(9.39522 0.863577 0)
(9.57406 0.881057 -6.95245e-17)
(-1.60622 -1.48502 0)
(10.6519 0.628041 0)
(7.89178 0.220643 -6.84844e-17)
(0.243252 1.91408 0)
(-2.54999 2.04831 3.19486e-16)
(10.6774 0.0833603 6.64909e-20)
(9.95119 0.465484 -1.79638e-16)
(9.85345 0.406482 8.25501e-17)
(9.88479 0.363824 4.64478e-17)
(10.5563 0.243092 -2.51023e-17)
(-1.19946 0.425768 2.02532e-16)
(9.89164 0.0994833 0)
(2.44506 -0.537163 1.56307e-16)
(9.60077 0.166481 -3.0606e-17)
(9.5591 1.062 7.8553e-17)
(-2.758 0.994912 -2.42849e-16)
(1.50297 2.52364 -3.39072e-16)
(2.79472 -0.642068 -2.09993e-19)
(2.28363 0.0906508 5.50085e-20)
(10.5558 0.264603 -1.70182e-16)
(-1.92856 -0.44984 0)
(-0.970847 -0.128453 0)
(10.1438 0.869025 0)
(10.2065 0.937975 -8.90972e-17)
(-2.46876 1.07121 0)
(-1.80941 -0.34987 1.28646e-16)
(6.34525 2.94538 2.05074e-17)
(1.38102 4.1456 -1.80885e-16)
(8.21041 0.0418848 -4.27101e-17)
(-4.82693 0.459863 1.27766e-17)
(2.7224 -0.533003 -9.51342e-20)
(8.35018 0.00357023 7.37343e-20)
(8.30184 0.0149956 8.27765e-17)
(8.17248 0.0558135 8.20432e-17)
(1.10522 0.603499 2.66731e-17)
(-0.0115465 1.5656 3.86367e-16)
(-2.81005 1.29384 -4.91098e-17)
(9.83995 0.29786 -7.26605e-17)
(10.7616 0.534013 6.42242e-18)
(8.21583 0.00658237 -7.66723e-17)
(9.97138 0.858198 0)
(8.36811 2.60377 2.69231e-17)
(-3.04469 0.97329 -1.53979e-17)
(9.87052 1.00001 0)
(9.30995 0.674723 2.88492e-16)
(10.3413 0.818997 2.59453e-17)
(10.3801 0.719009 0)
(8.13476 0.0599353 -5.06734e-17)
(10.0604 0.607444 1.04429e-18)
(-1.90565 -0.586587 -1.0768e-16)
(-0.368155 -0.35019 2.07452e-19)
(-0.443702 0.0478363 -4.03433e-17)
(-3.29915 -0.627106 1.86513e-16)
(-2.10067 1.68576 0)
(2.34422 -0.55901 -3.25735e-17)
(-0.819764 -0.358131 0)
(-1.91802 -0.809117 2.73275e-16)
(8.28604 -0.00637102 -4.18871e-17)
(-3.25546 3.22957 5.36578e-17)
(0.265737 1.98705 9.8873e-17)
(9.26888 1.14093 4.90245e-17)
(10.3624 0.809594 1.9467e-19)
(9.71144 0.160326 6.38155e-17)
(11.189 0.430685 1.45626e-16)
(9.6055 0.00800631 -5.7141e-17)
(9.52496 1.00381 0)
(-4.20203 1.69527 0)
(10.1714 1.00743 -4.15031e-17)
(9.49435 1.33072 4.4773e-18)
(-0.30287 1.77755 0)
(9.05567 1.98232 1.56901e-18)
(2.70412 -0.479016 -1.49273e-16)
(9.64577 1.10296 2.6743e-17)
(9.70684 0.317614 2.73367e-17)
(9.39307 0.758998 6.96467e-17)
(3.41862 -1.98891 0)
(8.24679 0.163058 0)
(-2.20469 -1.10164 -2.06315e-16)
(2.56899 -0.276982 1.20497e-16)
(9.96235 0.114584 7.73091e-17)
(8.2599 0.0268703 -8.36899e-17)
(8.31072 0.00796347 -8.05283e-17)
(0.477116 -0.63276 1.70247e-16)
(9.71439 0.218888 -1.27793e-17)
(10.8343 0.201416 5.1433e-17)
(-0.108353 -0.0969823 -1.55457e-17)
(0.295953 0.831403 -1.80933e-17)
(-0.273267 -0.0440478 -5.13857e-19)
(2.58708 -0.233598 -1.36577e-16)
(-3.25068 -0.841257 -4.77537e-17)
(1.35019 -0.256655 -7.36406e-17)
(9.8723 0.305222 -4.35882e-17)
(0.118822 6.1458 -8.25041e-17)
(2.18008 -0.214158 -2.38881e-16)
(0.530593 2.95926 1.79704e-16)
(-0.420526 1.55406 -9.28333e-19)
(1.59206 -0.4429 -3.62298e-20)
(-3.11957 0.958687 -1.34205e-16)
(0.10727 5.82721 -4.31839e-17)
(9.89533 0.0663629 1.65443e-16)
(-0.504436 4.72718 -4.47114e-17)
(7.92791 0.42612 0)
(9.81427 0.158529 -6.42114e-17)
(-0.844136 -0.603189 -8.44286e-17)
(4.0422 -0.307744 0)
(2.95382 -0.553227 0)
(-4.28791 1.34852 1.18401e-16)
(10.3345 0.108241 0)
(-2.78674 1.1853 -1.21994e-16)
(-4.06072 0.842785 -4.26102e-17)
(0.688769 0.943134 0)
(-4.45302 0.523381 -1.16799e-17)
(0.179889 -0.343597 1.68357e-16)
(0.628206 -0.754784 0)
(9.87522 0.0808933 -7.46306e-17)
(-0.250062 4.69021 4.99286e-17)
(10.0672 0.208166 3.17439e-17)
(6.44417 3.33447 -2.53442e-16)
(0.274594 0.553253 1.80874e-16)
(10.5343 0.23162 1.3747e-17)
(0.477338 0.0546762 1.6684e-16)
(0.0482967 -0.0584379 -8.79247e-17)
(0.416627 -0.14528 -7.58287e-17)
(0.302066 0.0280441 -1.25411e-16)
(0.376078 -0.111913 -4.4265e-16)
(0.693737 -0.0697369 0)
(-3.65204 -0.429372 -1.12277e-16)
(1.56947 0.556053 0)
(0.343597 -0.040209 0)
(0.491494 -0.0894473 0)
(0.626851 0.686788 -3.5019e-16)
(-2.20203 -0.241428 0)
(1.92685 -0.15811 3.88022e-16)
(-4.33096 0.644715 -1.28821e-17)
(2.20573 0.402394 1.06236e-16)
(-4.40015 -0.287204 1.63424e-18)
(-0.080038 -0.0289523 -9.22958e-17)
(0.119686 -0.119092 2.7481e-16)
(0.450621 0.0773628 -1.64144e-16)
(-5.04002 0.237649 0)
(2.39427 0.0036622 0)
(-0.816461 -0.292613 -2.108e-17)
(-0.547377 -0.189536 0)
(2.77652 -0.293174 4.02784e-16)
(2.90596 -0.565269 9.5217e-17)
(0.0129314 5.62544 -8.07222e-17)
(10.1181 1.04924 4.82945e-17)
(-3.37234 0.914978 0)
(-0.777293 -1.66511 1.69486e-16)
(-0.330885 -0.614025 9.10125e-17)
(9.84069 0.262246 2.9669e-17)
(10.0042 0.0294202 7.78381e-17)
(-1.8434 0.0124165 5.30008e-16)
(0.363613 0.0327203 2.84987e-17)
(0.383264 0.0733073 3.9099e-17)
(0.263763 -0.102816 -2.51869e-16)
(0.579189 -0.0752631 0)
(2.53063 0.215657 1.02636e-16)
(-4.89497 -0.0331675 0)
(2.17031 -0.0684206 0)
(1.10025 0.679695 1.64729e-16)
(-2.84393 -0.400426 1.13633e-16)
(-0.0216203 -0.0410588 1.70925e-16)
(0.40158 -0.00171486 0)
(4.58254 5.29319 1.63917e-16)
(9.85529 1.00124 -2.62408e-17)
(9.98759 -0.000948169 0)
(-0.0517606 5.87437 8.52698e-19)
(-0.048766 -0.365315 -1.75731e-16)
(0.620295 -0.329563 -1.5577e-16)
(9.9719 0.180367 0)
(-2.73622 0.855222 0)
(10.4933 0.0713175 0)
(1.69496 -0.145184 -5.00681e-17)
(-0.754422 -0.689025 1.51084e-16)
(10.0356 0.197876 2.60817e-17)
(-4.65454 0.287066 2.10458e-17)
(-1.12518 -0.625953 9.44584e-18)
(10.065 0.824842 0)
(1.33035 -0.0617278 1.00485e-16)
(8.98284 0.0426816 1.53578e-16)
(0.300706 -0.606472 -2.91119e-17)
(-0.535927 -0.398705 -1.25506e-16)
(9.77146 0.0783463 6.07743e-17)
(-0.322436 -0.947877 0)
(0.218819 -0.0411446 2.22233e-21)
(3.93215 7.1306 -3.67332e-16)
(8.96511 0.265483 -2.05449e-17)
(1.78053 4.29352 6.37272e-17)
(1.0434 -0.510445 -1.43347e-16)
(-3.06269 0.967719 2.39943e-16)
(3.05903 0.28776 -1.70467e-17)
(0.608081 -0.604232 -1.11528e-18)
(1.42361 -0.41356 4.07641e-17)
(-2.52696 1.77579 1.13514e-16)
(-2.2321 1.00123 4.54869e-17)
(2.33098 -1.10133 -2.09162e-16)
(-2.17488 1.92164 0)
(1.76202 -0.349607 1.35997e-16)
(2.92691 -1.01672 3.38058e-17)
(-3.45904 2.08455 7.02162e-18)
(1.05961 0.160457 -1.14678e-16)
(3.34465 -0.0533366 -2.45808e-16)
(3.55748 0.644083 0)
(1.57576 -1.03445 -1.5478e-16)
(-0.545356 -0.204342 0)
(-4.71626 2.03326 1.62704e-16)
(2.2811 -0.476217 -7.51931e-18)
(3.01386 -0.0723008 0)
(-2.77028 1.52764 -1.63902e-16)
(-3.01427 1.55877 1.60394e-18)
(2.1937 -1.56595 4.53165e-16)
(-2.30211 -0.360748 1.57743e-16)
(-1.47374 -1.02147 2.77504e-18)
(-0.780007 1.16171 -4.95431e-17)
(-3.61248 1.36762 0)
(-2.55872 0.841912 3.64269e-17)
(0.545221 -0.887026 0)
(-3.30759 1.1491 7.11565e-18)
(-3.25843 1.13351 -4.10331e-18)
(1.34556 -1.8639 -8.7192e-17)
(1.03581 -2.62288 0)
(-4.57275 2.30904 8.27919e-17)
(-4.7259 2.01976 -6.2903e-17)
(-2.00373 1.90102 3.14592e-16)
(-3.53052 1.38357 -1.20381e-16)
(-1.9755 1.34509 -1.22252e-16)
(-1.99479 2.15541 6.12003e-17)
(-1.45637 2.05462 -1.88799e-16)
(-1.63279 2.7454 -2.36025e-16)
(-1.85673 2.61998 -5.13551e-18)
(-1.51317 2.34159 0)
(2.19722 -0.26794 0)
(4.99609 3.20842 2.11588e-16)
(-0.402851 5.09068 0)
(-3.29854 -0.426735 0)
(-3.72148 0.000997426 -1.70221e-16)
(2.07068 0.0187521 1.71496e-16)
(1.88735 0.203932 -3.67593e-16)
(0.16758 -0.557543 -1.63705e-16)
(4.68113 4.87935 8.14273e-17)
(-3.46993 -0.311403 -1.7643e-16)
(2.67442 0.242617 -4.12393e-16)
(4.09055 6.12456 1.44272e-16)
(-2.64127 -0.791217 0)
(8.30817 0.138947 -1.42375e-17)
(1.09731 6.77802 -5.58765e-17)
(-3.08777 -0.20495 2.46013e-16)
(2.31432 0.254952 -1.46308e-16)
(4.09941 5.89183 -2.71096e-16)
(3.45719 5.37715 2.7088e-16)
(2.156 2.19327 1.92023e-16)
(-1.22005 2.27128 0)
(-1.39035 2.43972 -3.48437e-17)
(-2.49767 -0.410885 0)
(0.727658 8.22656 -4.49983e-17)
(9.99051 0.342363 -1.71671e-17)
(8.96669 0.210553 -2.97151e-17)
(-1.64752 -0.507992 -1.61033e-16)
(-3.46479 0.0805812 -1.07343e-16)
(-2.3659 0.466 1.13466e-16)
(-1.80293 2.85954 -7.79907e-17)
(0.79678 -2.59049 0)
(0.680166 -1.85394 -9.07776e-18)
(-0.610877 4.36395 0)
(3.09855 0.32132 1.71758e-17)
(3.18332 4.15127 6.27522e-17)
(-0.795388 3.43127 0)
(-2.47345 -0.106154 0)
(-0.517403 0.998386 0)
(-1.00817 -0.70533 3.31304e-17)
(9.93738 0.144257 -1.2888e-17)
(-0.00310563 -1.16645 0)
(-2.97274 0.0238005 -4.79811e-19)
(-0.924352 3.77566 1.57927e-17)
(-1.91482 1.63898 -9.17149e-20)
(3.14388 0.276202 0)
(3.25921 -0.249273 1.43301e-16)
(0.175053 -2.7385 0)
(2.34295 0.212908 3.62347e-20)
(-2.36514 0.564846 -6.01581e-17)
(-0.740338 3.97716 -3.02657e-17)
(0.238039 0.46631 -8.90246e-17)
(0.50918 1.2382 0)
(0.716773 -2.58163 2.37823e-17)
(9.72703 1.17417 0)
(-0.807387 -0.364363 3.55644e-17)
(10.5457 0.11178 -8.91494e-17)
(-0.518481 4.55229 0)
(2.57399 3.14332 -4.35701e-16)
(-0.864028 2.83335 9.25708e-18)
(-0.928192 3.2226 3.17885e-17)
(1.12823 0.052249 0)
(-0.231145 -2.25965 4.812e-19)
(1.66474 -2.02094 -8.01322e-17)
(-0.516277 -1.54167 4.85778e-17)
(0.345626 -0.420117 -1.64935e-16)
(-1.22306 -0.124473 1.03887e-18)
(-2.37844 1.89639 0)
(-0.556818 -0.172727 1.5476e-16)
(-1.41166 3.37965 0)
(0.959694 -2.15108 2.83509e-17)
(-1.27113 0.117543 -8.8021e-17)
(8.91476 0.216927 4.10346e-17)
(8.19308 0.165114 -1.18707e-16)
(1.84764 -1.47755 3.65398e-17)
(0.226889 -2.0369 -1.22775e-17)
(-2.1068 2.28846 1.56515e-17)
(-1.6341 2.74335 -3.07464e-17)
(-1.03195 2.03004 2.86211e-17)
(-0.157658 -0.233345 0)
(-3.56999 1.38177 2.66709e-16)
(2.65089 3.6295 0)
(2.71719 0.469781 -9.87067e-17)
(0.817372 1.47517 1.89726e-16)
(0.110846 -0.617254 1.58184e-16)
(-1.18013 -0.364025 0)
(0.118541 -0.104393 4.70455e-17)
(-2.27283 -0.224573 5.40928e-17)
(-1.55893 0.902387 1.98023e-17)
(9.84415 0.0909726 0)
(-2.2572 1.47621 0)
(3.32719 0.28703 -3.63424e-20)
(0.94987 -1.40418 -3.40226e-17)
(-1.62731 -0.345242 2.00805e-16)
(8.21685 -0.0459508 4.04819e-17)
(-2.05607 2.3796 5.84933e-17)
(3.03967 -0.467396 2.60681e-17)
(-1.1403 -0.543762 -4.75425e-17)
(-0.293467 2.42496 -6.0264e-17)
(0.416369 -0.486955 -1.6664e-16)
(8.12796 -0.0417544 -4.89292e-19)
(9.36345 1.16002 4.3651e-17)
(-4.29391 1.76927 -2.37937e-16)
(2.54178 -1.07042 0)
(-0.728912 2.98338 0)
(2.25318 2.35927 7.47763e-16)
(-1.34478 0.162262 -1.20445e-16)
(0.938856 -0.287977 -4.51964e-16)
(-3.44126 1.31367 0)
(9.79324 0.920957 1.23268e-16)
(0.366017 0.734781 0)
(2.89915 -0.269195 1.00751e-16)
(0.0715436 -0.10983 -6.10268e-16)
(-2.41357 0.589052 1.7004e-16)
(1.42104 2.12709 0)
(-2.16343 0.0415894 9.57824e-18)
(2.50666 4.10794 0)
(-1.95138 -0.910719 2.23328e-16)
(-3.21515 1.4524 8.82158e-17)
(-3.6917 1.33246 6.87844e-17)
(3.00446 -0.848455 -8.59432e-17)
(8.77919 2.33941 -2.78225e-17)
(-2.54746 0.112962 -3.64272e-18)
(9.84341 0.0709206 2.09551e-16)
(-1.05135 -0.455173 0)
(3.20569 0.299918 -3.09889e-18)
(0.564791 -0.098042 -2.48881e-17)
(0.928455 -0.556372 0)
(-0.420501 -0.347945 3.00113e-16)
(9.96715 0.970497 0)
(-3.78579 0.514523 3.1807e-18)
(10.8548 0.440552 -3.09606e-18)
(-2.07809 -0.37724 0)
(-2.32632 0.339605 -1.09746e-16)
(10.0005 0.0637745 -1.06063e-16)
(9.89917 1.22532 0)
(9.73807 1.51902 -4.88747e-18)
(2.13112 -0.852911 0)
(-0.0864644 -0.26543 -9.18304e-17)
(-2.33988 0.240964 -1.38897e-17)
(9.83754 0.831435 6.68083e-18)
(0.594342 -0.137762 -1.81676e-16)
(-0.460487 -0.604628 -1.93483e-16)
(0.51024 -0.179063 -3.83915e-16)
(2.43954 0.0855641 -3.35777e-17)
(-0.355136 0.584438 -4.94456e-18)
(-0.64848 1.32332 4.89177e-19)
(-2.495 0.620079 -7.69538e-17)
(0.372366 -3.6404 0)
(3.61939 0.147443 2.87997e-20)
(-1.76833 -0.281381 5.6721e-17)
(5.80847 1.27644 -4.194e-17)
(7.00769 2.38088 5.95584e-18)
(-3.16172 1.11117 -1.25325e-16)
(0.858478 -0.43471 0)
(-4.27606 2.42257 -1.04299e-16)
(6.45743 1.79957 0)
(9.88304 0.72133 -1.24109e-17)
(-1.55898 3.38189 0)
(-0.471186 0.800852 5.66027e-17)
(-2.35144 2.3464 -6.67227e-17)
(-2.45324 1.27789 2.66374e-19)
(1.60713 -0.183331 8.98193e-17)
(0.790385 -0.232624 0)
(-3.39167 -1.04685 2.36854e-16)
(4.02929 -0.447503 -4.61172e-17)
(-1.43527 -0.642674 7.21942e-20)
(6.77642 1.43763 -5.90032e-17)
(1.66812 -0.378479 7.47757e-17)
(-0.209069 -0.272971 9.03515e-17)
(-2.91298 1.37594 -1.09507e-17)
(9.84725 0.0460377 0)
(-2.08683 0.539343 4.93838e-17)
(-2.87109 -1.20434 -7.67154e-17)
(-1.73934 0.0538598 -1.13925e-16)
(9.85091 0.0384693 -4.38207e-17)
(1.94688 -0.401516 5.59383e-17)
(-2.36653 1.93745 2.92254e-17)
(2.6476 -0.0853713 -6.49306e-17)
(9.21171 1.17038 3.48818e-17)
(9.03086 1.67153 1.93892e-17)
(-2.45829 -1.12229 1.93887e-16)
(0.793557 0.255258 -1.66814e-17)
(-1.88361 -0.682401 0)
(9.86077 0.050111 1.73399e-16)
(-3.14262 1.06186 2.90846e-16)
(-0.753497 -1.13578 -1.62123e-17)
(0.126527 1.77013 0)
(2.01415 -0.138163 2.45514e-17)
(-2.52893 0.819806 -8.11575e-17)
(-1.56789 -0.427036 6.93299e-17)
(-2.1188 -1.15889 2.52575e-16)
(0.141859 -0.0820747 0)
(1.78868 -0.022279 2.33048e-17)
(9.44602 1.77784 4.11899e-17)
(8.76497 0.978189 0)
(-2.88124 0.84195 9.77824e-17)
(-2.64395 1.64002 -5.24928e-17)
(9.83556 0.0601432 7.80228e-17)
(9.92577 0.147163 -2.15627e-17)
(-3.63051 0.930741 -1.95115e-16)
(-2.9843 1.15488 -3.06567e-16)
(3.13188 0.509574 1.29037e-17)
(-0.217782 0.414298 9.35801e-17)
(-2.4367 -0.946334 -2.82593e-16)
(-2.67814 -0.711947 5.894e-20)
(9.83685 0.118721 0)
(-0.0591524 0.338457 1.75275e-16)
(10.0115 0.0644387 3.74044e-17)
(-2.54619 -0.144747 -5.41907e-17)
(-2.71092 1.21227 1.1641e-16)
(-0.210105 0.23513 -5.41958e-17)
(-0.347919 -0.132504 -8.90236e-17)
(9.85971 0.0753421 -2.44319e-17)
(-2.8911 -1.00305 -1.40145e-16)
(2.76808 1.08534 -1.71947e-17)
(8.85293 0.281083 0)
(8.96526 0.678005 7.49243e-17)
(-2.25361 -0.00730921 6.22658e-17)
(-2.3612 -0.467841 1.61733e-16)
(2.47362 -0.695267 0)
(8.98021 2.01861 -2.94419e-17)
(1.79617 0.722604 -1.25219e-16)
(-1.05682 -0.305354 1.5412e-18)
(1.77779 0.800193 -2.60571e-17)
(0.267585 -0.0277225 2.23692e-17)
(-3.10253 0.504416 -1.4307e-16)
(2.32685 -0.515289 6.42715e-19)
(-3.05815 1.65598 2.92344e-16)
(1.20989 1.46204 -2.99546e-17)
(-0.0542149 -0.287479 0)
(0.914399 -0.0407409 1.50066e-16)
(7.30117 0.128334 2.0883e-17)
(2.70538 1.21788 0)
(1.6734 0.700669 -1.39214e-17)
(-1.18046 -0.0675169 -6.7938e-17)
(-3.13598 1.21658 8.60034e-17)
(2.86536 -0.301126 -3.12012e-17)
(-0.104339 0.000958763 -7.90702e-17)
(0.225129 -0.0919223 3.35478e-16)
(9.85131 0.100402 0)
(9.11287 1.19265 -5.64661e-17)
(0.509185 1.03664 0)
(3.87937 -0.106536 1.1344e-16)
(9.50413 0.998556 -6.20226e-17)
(2.89174 -0.540161 5.78958e-17)
(0.154711 1.33625 2.68909e-16)
(4.86275 2.58661 9.33394e-17)
(8.95141 1.30705 -3.03737e-19)
(-2.92705 0.885358 -1.62194e-16)
(10.0069 0.0728941 -1.091e-17)
(5.62477 0.300075 2.28738e-16)
(-3.51297 1.34159 1.54043e-16)
(-0.00992856 -0.269656 4.33105e-18)
(1.56314 0.019401 -9.01119e-17)
(-2.53104 0.155331 -3.36635e-17)
(-3.5059 2.63537 -5.4049e-17)
(8.13739 0.296899 4.41067e-21)
(1.6147 -0.431938 2.60898e-16)
(-3.20828 3.7047 -8.52955e-17)
(8.9863 1.17651 -8.48021e-19)
(-1.6206 0.184409 8.0294e-17)
(8.5108 0.32912 0)
(9.62214 0.0945113 2.12957e-17)
(9.84766 0.0941966 1.18981e-17)
(-0.256409 3.68355 1.58599e-16)
(0.597958 -0.576464 -4.33774e-16)
(7.7169 0.293829 -2.22423e-17)
(-2.05812 0.235543 0)
(-3.60282 1.91096 8.82344e-17)
(2.10834 0.135732 -2.47652e-16)
(-3.44802 0.885233 0)
(-0.02253 4.61258 0)
(-1.74592 -0.0115347 1.32321e-16)
(2.58576 0.145664 2.3156e-16)
(2.97755 0.178779 0)
(0.928587 3.07883 -1.9519e-16)
(9.59655 0.893133 -6.71662e-18)
(-1.99502 -0.830839 1.48292e-16)
(0.742778 -1.48501 1.01553e-16)
(-3.15707 1.00703 0)
(-2.11737 -0.871881 -2.81251e-16)
(2.19431 1.18006 1.08694e-16)
(-2.96202 0.995689 1.19353e-16)
(6.06713 -0.302945 0)
(-2.36188 -0.0677822 0)
(5.30229 0.106524 0)
(8.93329 0.351283 7.47052e-18)
(9.20383 1.52572 1.02826e-17)
(10.5229 0.719684 -1.27064e-17)
(9.43604 0.864027 6.88544e-17)
(3.2039 -1.2341 1.51147e-16)
(-3.15677 1.06367 4.63116e-17)
(9.09268 1.28801 -1.25455e-16)
(3.4072 0.190245 0)
(4.17159 0.170156 4.62785e-17)
(-2.34085 -0.734829 0)
(-1.24596 -0.662721 -1.06455e-16)
(9.9468 0.0306917 5.66531e-18)
(10.9922 0.0506882 0)
(9.53943 0.109532 5.11541e-18)
(6.97644 0.511142 -1.5404e-16)
(-2.9688 0.0923232 -3.15708e-16)
(7.01871 0.655242 1.1784e-16)
(4.4247 4.15575 0)
(2.84596 4.90944 1.73915e-18)
(9.62755 0.00739389 9.72214e-17)
(-3.42004 0.435029 -1.65952e-16)
(0.451851 0.0151085 -6.53251e-18)
(2.19248 6.08131 -3.61937e-17)
(5.48024 0.165861 6.47344e-19)
(3.81932 0.187386 7.50291e-19)
(-1.5431 -0.279631 -1.67809e-19)
(1.68128 3.52835 0)
(-0.086972 -0.169034 1.71471e-16)
(0.917879 -0.140343 1.56009e-16)
(-0.227186 0.312027 -1.64143e-16)
(5.03055 0.0995383 0)
(-0.10433 0.676631 8.24902e-17)
(0.283519 1.34664 3.44616e-17)
(-4.74232 1.72276 -1.01266e-16)
(4.1629 -0.801375 -1.29882e-17)
(2.91193 -2.59169 -7.51109e-17)
(-0.20558 -0.172975 6.32932e-17)
(4.48161 0.144649 -4.78642e-17)
(-3.07409 1.13073 0)
(1.00841 -0.139674 1.59314e-16)
(3.25133 1.96784 -4.20909e-16)
(0.00529234 -0.193522 -9.82016e-17)
(0.926574 0.0418903 -1.35168e-16)
(-0.354537 -0.476254 -1.75082e-19)
(6.25497 0.425146 -1.13807e-18)
(-2.12534 -0.541373 1.52894e-16)
(9.66552 0.796444 0)
(1.76324 0.0196587 0)
(3.35703 1.41414 -9.22057e-17)
(9.99379 -0.0129984 2.69647e-18)
(9.88407 0.195474 0)
(-0.197653 -0.140951 -8.77781e-17)
(0.854453 -0.330084 0)
(1.56974 2.59636 -1.20667e-16)
(9.89821 0.104197 2.38621e-17)
(-3.8376 1.5522 1.45732e-16)
(1.5676 1.89656 0)
(8.86511 1.11201 2.67493e-17)
(1.68876 -0.53951 -1.02249e-16)
(-0.0813577 0.0629033 8.75135e-17)
(1.0355 -0.173818 -1.84005e-16)
(2.05244 6.89488 1.01178e-16)
(-4.03092 -1.15528 -2.45571e-17)
(-3.00144 0.336525 4.24494e-16)
(-0.143869 2.16231 0)
(9.75189 0.128349 -8.01971e-17)
(9.87195 0.0699322 -2.58787e-18)
(-2.9784 0.656097 -9.46826e-17)
(-0.428355 0.188595 9.24221e-17)
(2.42697 -1.78015 -1.16406e-16)
(6.19498 0.0499564 3.11646e-17)
(5.70097 0.221693 -4.31087e-17)
(4.65587 -0.29277 -1.94535e-16)
(5.27317 0.173812 0)
(5.64678 0.0581101 -1.43215e-16)
(7.29132 -0.0461038 0)
(6.14749 -0.0791789 3.5766e-17)
(4.76417 0.118527 5.49766e-18)
(0.15654 0.0378632 -7.88826e-16)
(0.567316 0.0354662 -4.06136e-16)
(11.1271 0.433007 4.95179e-17)
(1.71259 -3.08649 -1.97268e-17)
(0.728418 2.16187 1.55589e-17)
(1.28238 -0.672448 5.52234e-16)
(-0.340899 0.214109 -2.14105e-19)
(0.804207 -0.175194 0)
(0.0836232 -0.0853619 -2.10167e-16)
(0.531509 0.0906379 -3.93693e-17)
(0.0758694 0.34736 0)
(-0.479196 -0.178086 3.05793e-16)
(9.06882 0.528493 2.86109e-16)
(-4.73434 1.68001 -1.52382e-16)
(8.35528 -0.0198742 3.91978e-17)
(1.64994 -0.111817 -5.98103e-17)
(-4.29715 1.71752 -8.18679e-17)
(9.73421 0.693951 0)
(8.75368 0.827207 -3.84629e-17)
(10.438 0.444124 0)
(5.96206 0.117127 0)
(2.75279 5.21416 6.35929e-18)
(8.78261 0.995687 9.21469e-20)
(1.56058 0.187583 3.55219e-17)
(2.89021 -0.310732 -3.03769e-16)
(1.62582 0.0498756 2.69006e-16)
(9.76776 0.0160852 1.02857e-17)
(0.625706 -0.466888 1.23643e-16)
(3.05847 -0.368537 1.9068e-16)
(2.93409 -0.499311 1.17507e-16)
(0.61366 -0.182725 -3.19227e-16)
(3.22535 4.51506 3.5219e-17)
(-2.03444 -0.79747 1.93434e-16)
(-1.60447 -0.488782 -5.21376e-17)
(-2.47722 0.566433 0)
(9.90153 0.185256 0)
(9.58871 0.019732 5.60501e-17)
(9.83078 0.0490324 -8.18846e-17)
(-2.11014 -0.745821 -1.94644e-16)
(3.89796 0.147416 -2.92372e-17)
(-1.23944 -0.374835 3.25295e-17)
(0.779806 -0.094737 0)
(-0.334891 1.95253 0)
(9.97203 0.236339 6.1141e-17)
(8.49303 1.67167 0)
(-0.202538 0.172039 -8.5176e-17)
(-0.0395229 -0.338522 -2.71037e-16)
(8.74555 0.387495 1.50771e-17)
(1.79611 6.74282 0)
(-2.65399 -0.285662 2.27698e-16)
(3.02504 -0.211279 0)
(0.233417 -0.239268 1.93489e-16)
(8.57403 2.11444 -9.68134e-17)
(-2.05029 -0.319433 0)
(-2.131 -0.832809 -1.07448e-16)
(-1.51679 0.229867 -6.56967e-17)
(9.82977 0.0496052 -7.36217e-17)
(-0.12935 0.995032 1.61452e-16)
(1.55106 -0.426277 0)
(-1.16564 -0.901405 7.3349e-17)
(0.531155 -0.477646 -7.94717e-17)
(10.5819 0.0897515 0)
(-0.566363 1.28344 0)
(-1.80256 -0.721785 2.12308e-16)
(2.17754 1.4251 -9.9889e-17)
(3.28153 1.42375 0)
(7.0249 0.0861565 1.70176e-16)
(9.4512 0.119697 0)
(-0.951765 4.47177 -1.47288e-17)
(-3.81391 -0.115723 -1.05655e-16)
(9.7826 0.108453 6.03651e-17)
(-1.10972 -1.70954 -1.61514e-16)
(5.89769 2.43991 -2.32438e-16)
(0.0787403 -0.254442 -1.25868e-16)
(0.88478 0.158517 0)
(-3.9262 1.70425 -1.46391e-16)
(3.74735 -1.50435 2.18405e-17)
(-2.93734 0.789278 0)
(-2.76995 0.527988 -1.42777e-17)
(-1.49992 3.35107 1.34774e-16)
(-1.22924 3.88914 4.99687e-17)
(1.78138 0.0400899 0)
(2.09516 0.000828462 4.77835e-19)
(11.262 0.181144 -4.59996e-17)
(-1.19366 -0.578646 3.71087e-17)
(0.196268 -0.372951 5.73247e-16)
(1.30762 -0.158296 8.95795e-17)
(-3.05232 -0.683577 2.65743e-16)
(9.84162 0.0732786 5.72802e-17)
(-2.31926 4.29161 0)
(-4.75754 0.00684498 1.51092e-18)
(-1.16546 3.63296 -1.36426e-16)
(1.73718 0.0624656 -2.55468e-16)
(-1.02484 -0.593961 -8.27781e-17)
(9.56984 0.0355969 1.03906e-19)
(1.94676 -0.0100467 0)
(3.50781 -0.934701 3.75361e-18)
(-4.38229 1.71171 -6.68542e-17)
(10.0223 0.220475 2.70239e-17)
(-1.71663 -0.807532 2.07675e-16)
(9.83126 0.0275635 5.94403e-21)
(9.84365 0.124265 0)
(7.92497 0.0786477 4.63998e-17)
(2.73585 -0.427556 0)
(5.87348 -0.0439808 -1.91231e-16)
(-3.16024 -0.983883 -1.67889e-16)
(2.09532 0.0576503 0)
(-2.9117 3.0178 -4.8162e-17)
(8.59996 1.32866 -1.89634e-17)
(-1.32843 -3.4454 6.84726e-17)
(0.39552 -1.82494 -8.09867e-18)
(0.125294 -2.84203 0)
(0.281987 -2.44399 7.35497e-18)
(0.393936 -1.09114 2.0571e-17)
(-0.0242722 -2.94588 2.80919e-17)
(-0.133428 -2.76331 -5.86401e-17)
(-0.28155 0.0888027 1.93097e-16)
(0.252856 0.081971 0)
(-0.505184 -0.1462 3.29748e-16)
(9.80572 0.0607303 1.05545e-17)
(-0.19166 -2.44418 -1.24044e-19)
(-0.462535 1.65317 0)
(-2.04144 -0.486006 6.29723e-17)
(0.394714 -2.83146 1.33178e-18)
(0.173949 2.41259 -1.66294e-16)
(-3.86928 -0.452354 -3.14186e-18)
(-0.179162 0.234734 -2.26223e-16)
(-2.19861 -0.641417 -9.12627e-17)
(-0.0266018 1.41628 -1.09594e-16)
(0.425248 1.27406 6.62641e-17)
(-4.73743 1.8221 2.18128e-16)
(2.50244 3.20606 0)
(3.7561 0.441452 -1.30659e-16)
(-0.209257 -2.09114 -9.46144e-18)
(-2.82582 -1.11662 2.77189e-17)
(-4.20875 1.69901 -7.94306e-17)
(-1.92999 -1.13064 -3.39896e-17)
(-3.25338 0.907751 1.39712e-16)
(-3.21845 1.48279 5.92742e-17)
(3.42043 0.257746 9.02461e-17)
(-3.76586 -0.0273947 1.61723e-18)
(1.36729 0.0287133 -2.0943e-17)
(-0.283916 -0.337367 2.01191e-16)
(-0.246115 -1.71457 -1.98884e-17)
(-1.64147 0.268545 -6.36734e-17)
(0.0297693 1.60221 0)
(-0.520048 -0.265919 3.53394e-17)
(-3.19644 1.05585 1.49875e-16)
(-0.845914 3.94098 6.41183e-17)
(2.00361 -0.0863437 -1.36027e-19)
(4.47632 0.267662 -2.72785e-16)
(-1.44273 -0.0875947 2.07102e-17)
(-0.288537 3.61752 1.70884e-16)
(9.82844 0.036424 -7.03301e-17)
(-0.309625 -0.773067 -4.56862e-17)
(-0.308653 -1.2529 8.11122e-17)
(0.114064 -0.251083 2.66148e-17)
(2.31075 -0.328644 -1.09781e-16)
(10.9155 0.308442 -6.75869e-20)
(-4.64697 1.73862 9.52006e-17)
(-1.07514 1.14551 -1.72732e-16)
(-2.85186 -0.386536 2.39044e-16)
(-1.32539 2.62641 2.25741e-17)
(0.0979637 0.842403 -1.16729e-16)
(4.11016 4.08205 1.34892e-16)
(-0.281096 1.52908 0)
(-1.19866 1.41251 0)
(0.0195722 1.59556 2.13697e-16)
(9.74271 0.0348486 3.1359e-17)
(-3.74365 1.54961 1.8845e-16)
(2.92176 -0.291676 -1.33534e-16)
(10.4153 0.194982 1.34366e-17)
(3.59186 0.565241 1.15156e-16)
(-2.09896 3.3746 -2.42202e-17)
(6.01692 0.0982007 0)
(-1.60937 -1.63059 0)
(0.240105 2.35358 2.56509e-17)
(-1.39613 0.18545 1.69515e-16)
(-0.513815 -0.10542 2.15854e-16)
(10.9288 0.0764401 4.23449e-17)
(-2.14824 -0.19848 5.34417e-17)
(-2.40208 -0.64065 1.86386e-17)
(9.82798 0.513414 2.37489e-16)
(-3.2539 -0.0173602 3.3931e-16)
(2.24407 1.77785 -3.9074e-16)
(9.98 0.115164 -7.91244e-17)
(-2.33384 -0.512366 -2.64891e-16)
(-4.46211 2.30778 7.74379e-17)
(-2.12305 0.721334 0)
(9.84276 0.0325491 5.5816e-17)
(10.4217 0.619683 -3.10286e-18)
(1.79418 0.00555293 0)
(-1.50309 4.61643 -3.43428e-18)
(1.43205 3.19981 2.52308e-18)
(0.607076 1.06278 -3.93012e-17)
(-4.88526 -0.91419 4.7194e-17)
(-1.41414 0.662511 1.88188e-17)
(2.71827 0.120321 2.5072e-16)
(-3.51315 0.31602 1.69744e-16)
(3.04173 -0.257608 7.62271e-17)
(-0.350813 -0.1699 2.5383e-16)
(9.83867 0.375983 -1.75014e-18)
(3.49824 0.547002 0)
(1.36206 -0.0800003 -3.95173e-17)
(-1.44382 0.181949 2.11241e-17)
(0.131212 -0.134552 0)
(5.228 0.0282192 0)
(-3.48342 1.45425 -1.12121e-16)
(-1.42249 0.891638 -2.63762e-16)
(3.04587 -0.592749 -1.00348e-16)
(3.12175 1.21769 0)
(1.24495 -0.183607 0)
(0.00907803 0.631796 1.01159e-17)
(2.09946 1.41513 6.76885e-17)
(9.85412 0.212311 7.59511e-17)
(-4.13922 1.87426 -2.53072e-17)
(-0.234527 -0.148647 -1.40535e-16)
(-2.04846 2.02578 0)
(0.145202 2.02224 -2.67673e-16)
(-0.208014 0.0273576 7.72318e-17)
(0.22686 -0.396694 -1.52655e-16)
(-3.99702 1.73948 2.30931e-17)
(3.1311 0.203556 9.99012e-17)
(7.25599 -0.0410173 -1.02617e-16)
(-2.53838 1.03234 2.95939e-16)
(8.86289 1.34035 1.3962e-17)
(2.2221 1.80204 4.30305e-16)
(3.34669 0.43983 -8.26366e-19)
(7.02949 0.249178 0)
(-2.61144 1.17927 -9.14897e-17)
(0.377564 0.0562892 3.73264e-16)
(-1.30362 -0.238158 1.51322e-17)
(-2.30442 -0.536954 0)
(-3.31934 -0.649146 -5.27815e-16)
(10.9049 0.362744 1.40532e-17)
(-2.43337 1.2613 7.24716e-18)
(7.94684 0.829447 -1.75671e-16)
(-3.40361 1.6206 -3.22166e-16)
(0.405133 3.26076 1.42616e-16)
(9.97617 0.201799 -6.94597e-17)
(2.8817 -0.262582 -9.24428e-17)
(7.76098 0.229909 -9.26285e-17)
(-2.3241 -0.199116 0)
(0.981617 -1.42079 -9.1754e-18)
(10.8524 0.11892 -1.57519e-16)
(9.88568 0.197919 -6.38502e-17)
(-0.944936 1.0935 -1.8089e-17)
(-2.03335 -1.01673 -1.45474e-16)
(9.88713 0.222506 5.76712e-17)
(0.161845 2.05461 -5.60036e-17)
(1.8189 5.00019 -1.94912e-18)
(9.76047 0.0228869 8.0622e-18)
(-2.43009 0.429643 1.17837e-16)
(0.1116 0.461726 5.59894e-16)
(0.551351 4.51129 0)
(10.9504 0.372123 2.91327e-17)
(10.8299 0.370052 -3.09547e-18)
(-0.0117794 1.45225 1.23888e-16)
(-2.03859 1.59062 0)
(-2.40577 0.67696 0)
(0.735291 -0.299023 2.99645e-16)
(8.17187 0.289171 -7.72332e-17)
(0.00265978 1.55496 1.01848e-16)
(-0.428019 2.2294 -9.0145e-17)
(1.92484 0.0104758 2.26826e-16)
(10.996 0.184057 -4.36676e-17)
(0.357794 2.68655 3.14312e-17)
(0.87537 1.53332 -1.23446e-16)
(9.86773 0.130059 -2.40818e-17)
(-3.15263 1.05659 8.53066e-17)
(7.68513 0.541474 1.60294e-16)
(5.62687 0.199933 0)
(-0.316996 0.585809 -2.63327e-16)
(0.428627 -0.138852 4.16573e-17)
(10.2686 0.14113 1.31721e-17)
(-0.965614 0.971502 -2.82585e-16)
(3.34042 2.63842 0)
(5.62612 0.97253 5.26289e-17)
(-0.116012 2.37853 0)
(0.80991 -0.554366 2.08533e-18)
(0.282338 -3.94399 4.21167e-17)
(-0.625114 -0.214504 -1.99925e-17)
(9.55223 0.0587245 -5.73973e-17)
(2.95034 0.404248 1.17796e-16)
(-0.30014 -0.0216049 -8.83637e-17)
(0.822212 -0.486898 -1.82119e-16)
(5.51559 0.220898 0)
(2.45039 -0.154809 -2.87191e-16)
(1.03367 2.75195 4.66457e-17)
(-3.63587 1.78171 -2.57265e-16)
(1.54613 -0.0222917 -2.464e-16)
(0.273878 -0.0204258 -5.57255e-19)
(2.01696 0.00704447 0)
(3.2684 -0.266487 0)
(2.66119 -0.299346 3.70914e-17)
(7.30869 2.94376 4.54897e-17)
(7.98697 2.12978 1.64096e-18)
(2.57464 -0.318027 -7.4477e-17)
(-2.6556 0.309675 1.07641e-17)
(10.9915 0.389065 -1.34875e-17)
(0.0655452 2.30017 0)
(-0.898239 -4.16699 0)
(-0.310607 1.05971 -8.20828e-17)
(-0.950501 0.131558 7.27436e-17)
(0.0352907 3.0773 0)
(-2.71108 -0.368855 0)
(-1.47335 -0.922904 2.7596e-16)
(11.0114 0.36905 -2.32365e-17)
(1.05384 -0.234809 -3.25289e-16)
(-0.688649 0.383902 1.85302e-17)
(-3.34694 3.58245 0)
(0.491686 -0.016768 5.44091e-16)
(-1.8322 -2.82504 0)
(0.920697 0.105858 1.67755e-16)
(8.68683 0.676915 -1.13406e-16)
(2.42748 -0.307369 1.81296e-16)
(0.00884549 -0.0891069 0)
(0.587132 0.0280606 0)
(-1.57189 -0.975825 -2.99426e-16)
(-3.24252 2.79921 9.05999e-17)
(-3.20937 -0.642913 2.33537e-16)
(-1.95673 -0.33643 -5.27681e-17)
(9.8752 0.160125 -2.35511e-17)
(-0.655205 4.89012 -8.07939e-17)
(0.109565 0.66971 4.74652e-16)
(1.64299 -0.321816 3.70982e-16)
(9.79619 0.0834901 1.9907e-17)
(3.79557 2.63281 8.56963e-18)
(-0.156725 -0.0547104 1.38448e-18)
(0.443864 -0.239496 1.59111e-16)
(1.31281 2.30101 -1.65868e-17)
(0.616897 0.0558771 2.11192e-16)
(-4.9203 -0.322704 1.48165e-18)
(-2.23405 2.81052 -4.10114e-17)
(9.65613 0.391938 -7.16585e-18)
(1.17415 0.00966702 1.95812e-16)
(9.68085 0.0815784 -4.08447e-17)
(3.43684 0.49003 -4.48838e-17)
(0.0820549 1.85362 9.65538e-18)
(0.31088 -0.239418 1.28795e-16)
(0.484329 0.109477 -1.69031e-16)
(-2.07988 -0.822439 1.71517e-17)
(7.91195 0.280674 0)
(1.77677 0.00558464 2.67537e-16)
(-0.0731258 -0.0832872 2.25814e-17)
(0.571323 -0.0867172 -2.51549e-18)
(-0.241552 1.90726 0)
(9.92344 0.089525 1.87449e-17)
(-4.02347 -0.360618 2.50155e-16)
(-1.14284 3.5813 2.59863e-17)
(-1.55166 -1.97946 5.96536e-17)
(10.6968 -0.024478 -1.10955e-16)
(10.2401 0.125055 2.24795e-17)
(7.69334 1.37955 0)
(0.869212 -0.200602 4.80315e-16)
(0.483049 -0.0636843 -8.11009e-17)
(-1.47116 3.36308 -6.78766e-17)
(1.35674 0.0718416 2.16991e-16)
(5.34801 2.07269 -1.85181e-16)
(8.33819 1.25124 6.53201e-18)
(-0.64376 1.58391 -1.17338e-16)
(-0.751536 4.67993 2.04942e-16)
(10.0748 0.158324 4.18651e-19)
(5.21785 2.8773 -8.53392e-17)
(-1.52921 2.69311 1.30963e-16)
(7.35139 0.313776 1.91978e-17)
(0.0439447 -0.336439 -3.06333e-16)
(1.532 0.248803 3.48079e-16)
(5.4181 2.95698 1.09718e-16)
(6.79649 -0.0798918 1.2104e-16)
(-0.0138854 2.43726 0)
(-0.382077 3.70134 -7.51417e-18)
(-3.04759 0.956472 0)
(0.334413 -2.99162 5.96736e-17)
(-1.11074 3.22984 0)
(2.18861 -2.88144 0)
(10.6543 0.185351 0)
(2.14779 1.87439 -2.89264e-16)
(-3.84565 -0.52615 -1.08264e-16)
(-1.44288 0.290592 7.16017e-16)
(-1.91671 0.463782 0)
(0.0304988 3.15502 0)
(7.60973 -0.20281 1.13919e-16)
(9.98212 0.293207 2.17002e-16)
(3.04254 -0.662293 -3.3517e-17)
(-2.73749 0.866693 -7.65968e-17)
(10.0196 0.0203341 -5.87971e-18)
(10.6131 0.302446 0)
(7.17673 2.74206 5.9437e-17)
(-0.650341 0.0272839 -9.59793e-18)
(-0.644824 -3.42668 4.0852e-17)
(-1.61748 0.304065 0)
(0.731424 -0.519571 0)
(2.45269 3.11664 3.28417e-16)
(0.746046 0.0634296 1.42966e-16)
(0.731555 -0.213688 4.14027e-17)
(3.76137 -0.120217 -3.31754e-16)
(-0.322939 -0.0234792 -4.07281e-17)
(-1.25493 -0.3047 0)
(5.81955 0.129139 4.85057e-17)
(-0.541426 0.976181 5.2047e-17)
(1.51081 2.58213 0)
(8.084 1.08949 0)
(0.860906 -3.47503 2.06358e-17)
(8.38782 0.536947 -1.92894e-16)
(11.2477 -0.0199109 2.12018e-16)
(9.95048 0.110273 1.06124e-16)
(10.7385 -0.0267177 9.58282e-17)
(-1.84371 -1.23522 -1.13978e-16)
(0.204921 2.20059 -4.23448e-17)
(-0.407686 -4.63371 -4.24056e-17)
(0.0997902 2.07426 0)
(-3.12742 1.0989 1.41424e-16)
(-1.7956 6.04052 7.70005e-17)
(0.198348 1.42102 -2.04193e-16)
(3.35721 -0.242646 -1.1054e-16)
(-2.08763 0.135926 0)
(-3.99161 -0.88315 1.31781e-17)
(1.00801 0.310324 0)
(2.19512 8.69887 -8.25455e-17)
(-1.68786 -0.104387 -1.09327e-16)
(-2.96144 -0.415558 2.74685e-17)
(-0.861486 2.47713 -3.46409e-16)
(0.165018 1.00978 0)
(-0.0257815 0.0382983 -7.85932e-17)
(-0.55156 -0.353058 9.25239e-17)
(8.47942 -0.14655 0)
(0.0873374 1.72612 -3.16179e-16)
(0.0936674 1.1825 0)
(9.85176 0.2262 2.00716e-17)
(-4.5088 -0.979564 -3.0908e-17)
(2.23156 0.449468 0)
(-3.0173 0.886268 0)
(1.22756 -0.0980698 -2.65679e-17)
(6.24381 0.250461 0)
(-3.0054 0.911363 -1.49296e-16)
(-3.00754 -1.23997 -5.34025e-19)
(3.22268 -0.675556 1.63256e-16)
(2.92529 -0.496774 -1.07685e-19)
(1.00114 3.21374 1.23388e-16)
(-3.45627 0.916582 -3.5921e-16)
(11.1283 -0.0237514 -2.7204e-17)
(9.91894 0.215298 1.43795e-16)
(1.10079 -0.271238 -2.82953e-16)
(-1.40946 -1.75374 -9.90494e-17)
(0.371439 -0.0966985 -3.48439e-17)
(-1.45776 4.29011 3.10653e-18)
(2.72562 -0.140603 1.39237e-16)
(-0.0504861 -0.278128 -7.88275e-17)
(0.510163 -0.263568 1.46942e-16)
(9.71779 0.0455032 -5.71703e-17)
(0.615341 -3.25461 -1.22778e-17)
(9.82543 0.0326684 -1.57573e-16)
(9.92044 0.601497 1.10479e-16)
(-0.80587 -2.401 2.29528e-16)
(10.8945 -0.110749 -2.34856e-17)
(9.95156 0.408298 6.71378e-18)
(0.243514 -0.417495 -3.08215e-17)
(1.0114 0.136161 2.60315e-17)
(7.23482 0.461123 1.03022e-16)
(6.5802 0.220652 1.20967e-16)
(2.81534 -0.501711 1.11179e-16)
(1.69913 0.119093 0)
(-3.13925 1.1988 2.15852e-16)
(-2.77752 1.47391 1.11756e-16)
(-1.98952 -0.148352 3.80861e-16)
(-1.40382 -0.683261 -3.20356e-17)
(-0.613668 3.53538 -3.21925e-16)
(1.47871 9.52314 4.87465e-17)
(-3.35016 0.760534 -9.03309e-17)
(2.71405 -0.214906 1.24478e-16)
(-0.771276 -0.371849 -6.50536e-20)
(9.98558 0.0732467 4.13434e-17)
(-4.02013 -0.843247 2.89215e-17)
(1.73387 2.40566 -5.4918e-17)
(1.76161 -0.644014 0)
(-0.327911 0.614671 -1.22619e-16)
(-2.93066 1.07418 1.7506e-19)
(10.0675 0.128149 0)
(2.21615 1.19189 3.76076e-16)
(-4.51622 2.80849 2.88819e-19)
(-2.55838 0.219502 7.7585e-17)
(-4.37617 1.97668 9.51722e-17)
(-1.50033 1.49862 1.46982e-16)
(11.0759 0.0816731 0)
(2.90208 -0.432376 -2.66307e-16)
(-2.75653 -0.576621 5.66086e-17)
(9.84459 0.34881 -1.94879e-16)
(10.9525 0.246712 6.05598e-17)
(-1.56801 0.810194 0)
(-0.162915 5.73937 -7.55233e-17)
(2.42169 -0.211806 1.35775e-16)
(-0.458292 1.45161 -8.11754e-17)
(2.3063 -0.0799035 -1.28565e-16)
(-4.01547 3.06401 4.71371e-17)
(-2.19718 -0.00336006 -5.44885e-16)
(-0.618692 0.0940925 0)
(-1.05157 1.23662 1.31091e-16)
(-0.19185 2.19774 0)
(3.13775 -0.489003 1.37491e-16)
(-2.88964 -0.291737 8.89136e-17)
(3.02087 -0.479604 -1.43166e-16)
(4.58831 2.07302 2.71322e-17)
(8.31026 1.04014 0)
(9.99347 0.201268 -5.90829e-17)
(-0.984362 2.94438 1.3232e-16)
(-2.18295 -0.369576 0)
(1.80441 -0.371594 1.70461e-16)
(2.97893 -0.372675 2.68838e-19)
(-1.19625 0.923954 4.35155e-16)
(3.2874 -0.0987699 8.69786e-17)
(9.98633 0.442821 -1.55601e-16)
(2.73856 0.388844 -7.2743e-18)
(1.77029 -1.16853 1.29462e-16)
(9.78391 0.0170977 -1.194e-16)
(-1.53468 1.93973 -2.85146e-16)
(0.160382 1.93486 1.12141e-16)
(7.87401 0.026727 2.28523e-16)
(0.774031 0.276498 4.27337e-16)
(-3.07522 0.949571 0)
(-1.20477 -3.00686 0)
(0.0523063 1.70931 0)
(3.1705 0.453691 -7.09752e-19)
(-3.46788 1.86579 -8.56479e-19)
(9.85922 0.119856 -1.13913e-17)
(0.477618 -0.131043 4.52211e-16)
(2.65936 0.155128 0)
(2.82574 0.483422 -1.53666e-16)
(5.80551 0.176045 -1.02268e-17)
(-2.93416 1.52476 0)
(1.11245 -0.254674 1.70897e-17)
(-1.31076 0.0566204 3.30329e-17)
(3.39147 0.0183101 1.15804e-16)
(-3.56714 -0.596929 0)
(10.5299 0.103049 4.77113e-17)
(-0.542667 -1.98927 -4.21359e-16)
(3.26033 -0.537684 -5.56708e-17)
(-0.509037 -0.528524 3.76376e-17)
(3.26458 -0.423949 0)
(9.05305 0.0746254 -6.03587e-17)
(2.94342 0.0308115 9.75153e-17)
(4.9118 4.43914 -1.67531e-16)
(-0.394016 5.4092 0)
(-0.49187 -2.32333 -8.80823e-17)
(9.90474 0.616859 0)
(2.8703 -0.679778 -2.34865e-16)
(9.39088 0.303041 -6.7467e-18)
(10.3042 0.168387 -1.54537e-17)
(-0.655937 -1.08048 4.40535e-17)
(1.71991 -2.72996 -1.18767e-17)
(-3.55576 1.32136 -5.96791e-18)
(2.07849 -0.305394 -2.26552e-16)
(-2.57202 -0.204811 2.44603e-20)
(2.87642 1.01061 0)
(4.14335 -1.20269 -2.52732e-17)
(7.55824 0.112887 0)
(-2.95957 -0.867346 1.32672e-16)
(0.897834 -2.9027 7.61087e-19)
(4.56751 3.53337 9.37717e-17)
(3.3195 -0.011821 -1.55485e-16)
(5.0783 -0.0239314 -7.53613e-17)
(9.85019 0.046542 1.12038e-16)
(10.3134 0.0489468 -2.26205e-18)
(4.52556 0.497227 1.35968e-16)
(9.90041 0.184572 -2.48245e-16)
(0.301927 0.42521 1.51217e-19)
(-0.0121137 1.89369 1.56747e-16)
(1.11013 1.48623 -2.7893e-17)
(-0.983815 -1.16747 0)
(4.80595 1.14235 0)
(1.16406 0.261815 0)
(-3.05689 1.00873 -1.30238e-16)
(3.95145 -0.934207 2.78824e-17)
(6.50598 1.60235 0)
(4.01899 -0.743756 -8.80022e-17)
(-0.42459 0.291296 3.76237e-16)
(1.05832 -2.27515 -1.66797e-18)
(-0.695308 -0.747583 2.92163e-16)
(10.1317 0.0858272 -9.40329e-18)
(9.70959 0.0682323 2.98183e-17)
(2.56087 3.29244 0)
(-0.281022 5.31582 1.11086e-17)
(3.24884 7.78903 0)
(10.4492 -0.0274967 1.78101e-16)
(10.6157 0.104628 0)
(10.5936 -0.134243 -2.17199e-16)
(9.84564 0.168872 -1.25687e-17)
(2.49792 -0.375677 0)
(-0.612532 3.83924 5.53595e-17)
(-3.96122 2.60803 -1.8255e-16)
(-2.61487 -0.213797 -1.37185e-16)
(10.7001 0.192931 0)
(5.10516 -0.106845 -3.85573e-16)
(-3.98085 3.24701 -8.6917e-17)
(-3.03921 -0.501003 6.91268e-17)
(-2.97709 1.99252 -9.16748e-19)
(-2.58957 -0.435314 -2.42067e-16)
(2.55305 0.873563 1.34722e-16)
(11.0335 0.056818 3.28932e-17)
(9.9543 0.537679 0)
(1.70578 2.87038 0)
(6.00947 -0.156732 1.02345e-16)
(-1.22273 -0.0195955 -8.6855e-17)
(-1.43867 -0.00740694 -2.62557e-16)
(0.684096 1.35559 5.033e-16)
(-3.00375 -0.112909 0)
(-3.78425 -0.35544 -1.98261e-16)
(-3.3895 0.116559 -2.04967e-16)
)
;

boundaryField
{
    frontAndBack
    {
        type            empty;
    }
    wallOuter
    {
        type            noSlip;
    }
    inlet
    {
        type            fixedValue;
        value           uniform (10 0 0);
    }
    outlet
    {
        type            zeroGradient;
    }
    wallInner
    {
        type            noSlip;
    }
    procBoundary0to1
    {
        type            processor;
        value           nonuniform List<vector> 
29
(
(-1.51043 -0.402037 -6.15898e-16)
(-1.23203 -0.701594 3.93816e-16)
(-1.53119 -0.281656 1.99315e-16)
(-1.53119 -0.281656 1.99315e-16)
(-0.365795 0.177503 -1.46455e-16)
(-0.365795 0.177503 -1.46455e-16)
(4.43364 -0.177549 8.77339e-17)
(-3.21294 -0.188664 0)
(5.7052 -0.361642 6.62336e-18)
(-3.88996 -0.311226 -8.74787e-17)
(-4.51386 -0.372424 -4.00575e-17)
(-1.33627 -0.245442 0)
(-0.594692 -0.0956435 0)
(-1.52777 -0.121391 0)
(6.69359 -0.0223435 5.73617e-17)
(8.68124 0.186264 7.54986e-17)
(1.03156 -0.230707 4.62696e-16)
(4.85706 -0.0193639 -2.13484e-16)
(-2.95028 -0.297301 2.6334e-16)
(-1.06371 -0.985228 5.91138e-16)
(8.95917 0.231984 3.42271e-17)
(8.60181 0.0895565 -2.25427e-18)
(7.69054 -0.939683 6.76547e-18)
(8.19334 0.22701 -7.51922e-17)
(5.31153 0.0218685 8.82096e-17)
(4.85706 -0.0193639 -2.13484e-16)
(9.00684 0.197591 0)
(2.12684 -0.030215 6.75071e-17)
(8.19334 0.22701 -7.51922e-17)
)
;
    }
    procBoundary0to2
    {
        type            processor;
        value           nonuniform List<vector> 
42
(
(-1.11584 -0.182113 2.68027e-16)
(-0.563405 1.07931 -2.24643e-16)
(-0.0217993 1.79685 -3.58561e-17)
(-0.0177643 1.91894 2.5098e-16)
(0.30425 0.735303 -8.88035e-17)
(-1.11584 -0.182113 2.68027e-16)
(-0.0217993 1.79685 -3.58561e-17)
(-0.106876 1.36374 0)
(0.321881 -0.26469 1.72648e-19)
(0.262019 -0.724155 0)
(0.279805 4.48714 2.38372e-16)
(0.385226 6.29543 2.97804e-16)
(0.279805 4.48714 2.38372e-16)
(0.34754 5.59453 -5.95815e-17)
(0.0518754 4.50571 -5.36754e-18)
(-0.794589 -0.547929 5.96504e-18)
(0.0518754 4.50571 -5.36754e-18)
(0.122936 -0.687688 -5.03788e-17)
(0.309406 -0.615614 -1.98923e-17)
(-0.934421 -1.14514 -1.01764e-15)
(-0.934421 -1.14514 -1.01764e-15)
(0.122936 -0.687688 -5.03788e-17)
(-0.0548609 -0.518354 1.32322e-16)
(-1.17487 -0.662237 -2.35144e-16)
(-1.17487 -0.662237 -2.35144e-16)
(-0.0463357 -0.345378 -9.49528e-17)
(-0.540562 -0.420422 1.75512e-18)
(-0.0438056 -0.298897 2.92712e-18)
(-0.682666 -0.460395 -2.18706e-16)
(-0.63827 1.85791 -5.87349e-19)
(-0.63827 1.85791 -5.87349e-19)
(-0.0721833 -0.330351 0)
(-0.181223 -0.409035 -8.63101e-17)
(-0.301774 -0.303475 8.84095e-17)
(-0.417647 0.109206 7.99987e-21)
(-0.0217993 1.79685 -3.58561e-17)
(-0.0566656 2.95421 0)
(-0.0288485 1.59674 0)
(-0.682666 -0.460395 -2.18706e-16)
(-0.106876 1.36374 0)
(-0.264641 0.919382 -4.31103e-16)
(-0.408984 0.614277 -1.95816e-17)
)
;
    }
}


// ************************************************************************* //
