/*--------------------------------*- C++ -*----------------------------------*\
| =========                 |                                                 |
| \\      /  F ield         | OpenFOAM: The Open Source CFD Toolbox           |
|  \\    /   O peration     | Version:  v1912                                 |
|   \\  /    A nd           | Website:  www.openfoam.com                      |
|    \\/     M anipulation  |                                                 |
\*---------------------------------------------------------------------------*/
FoamFile
{
    version     2.0;
    format      ascii;
    class       volVectorField;
    location    "0.6";
    object      U;
}
// * * * * * * * * * * * * * * * * * * * * * * * * * * * * * * * * * * * * * //

dimensions      [0 1 -1 0 0 0 0];


internalField   nonuniform List<vector> 
1431
(
(-0.101873 -0.0349647 -3.73278e-17)
(0.211782 -0.636627 -1.55654e-16)
(5.98243 0.847494 1.02822e-16)
(-2.95631 1.81232 -4.85597e-17)
(-0.0678486 0.538811 -1.75285e-16)
(1.60495 0.117405 3.26195e-16)
(-1.5023 0.192346 -1.96319e-16)
(9.78308 0.648364 -2.25593e-16)
(-0.51673 4.63998 0)
(-0.187556 3.89061 -1.00821e-16)
(0.8254 2.23442 0)
(0.656135 -0.42833 7.20663e-17)
(-0.962151 0.96438 0)
(9.01953 0.518907 1.99126e-18)
(0.299302 0.841114 -2.59731e-16)
(-0.0859033 3.73301 0)
(0.438085 2.3884 -3.18998e-16)
(0.936915 -0.00243982 0)
(0.515362 -0.109925 1.45869e-16)
(0.609166 1.71746 4.48569e-17)
(-0.202284 0.165781 -2.36699e-17)
(-0.423345 2.4058 6.31779e-19)
(0.591932 0.668977 -5.43088e-17)
(8.71241 0.569038 -3.22754e-17)
(1.68955 3.18966 -1.31627e-16)
(0.349455 1.22238 -1.38161e-16)
(-1.52669 4.65908 1.22465e-16)
(9.29307 0.467899 -2.37123e-20)
(10.8499 0.591767 6.36175e-18)
(0.950245 -1.06336 -5.22157e-16)
(7.46107 0.278138 2.47347e-16)
(7.21561 -0.181773 -1.80447e-16)
(-1.83095 0.411595 -1.20907e-16)
(-1.55694 0.344151 0)
(-1.6971 0.318863 1.01028e-16)
(2.04663 8.83594 1.28641e-16)
(0.122103 0.229695 1.50084e-16)
(9.76819 -0.0026667 0)
(0.438478 0.33878 -1.88204e-16)
(9.68462 -0.000569592 0)
(4.78977 0.119959 1.40935e-16)
(0.903647 -0.0384695 -7.71695e-17)
(-1.5419 0.634983 0)
(-1.68175 0.656195 -6.51972e-17)
(-1.02989 0.733843 1.60796e-16)
(-0.0854065 0.336108 -4.78656e-16)
(1.56778 4.82282 2.23765e-16)
(7.23186 1.18662 -5.99354e-17)
(8.99584 0.543221 1.64217e-16)
(9.52701 0.089722 3.7809e-17)
(1.33578 -0.613241 -8.61798e-17)
(-0.0562943 3.86341 1.01361e-16)
(-0.52943 5.54037 4.93908e-17)
(-1.19723 0.585906 -1.65553e-17)
(-1.19177 0.634958 -1.32508e-16)
(7.99769 1.73835 0)
(-0.126534 2.52672 6.97378e-17)
(-0.406372 3.68185 -2.46469e-16)
(-0.498998 6.24347 0)
(-0.0450435 -0.0838754 -9.86887e-16)
(0.731577 2.05629 0)
(0.78022 2.20163 -1.46573e-16)
(1.45874 7.72113 -1.42979e-16)
(10.599 0.120929 0)
(9.9942 0.315925 -1.89508e-17)
(0.493449 0.403826 0)
(6.51358 0.385908 0)
(1.72962 0.046277 0)
(-0.0612821 -1.1569 1.44692e-16)
(10.7827 0.0933056 0)
(-0.960959 0.369571 9.42694e-17)
(-1.07779 0.369501 -9.85154e-17)
(0.798245 1.17624 0)
(1.35672 0.163987 -3.1322e-16)
(0.203129 1.91044 -8.24431e-21)
(-0.956474 0.316988 2.92735e-16)
(-0.155621 0.327322 6.17972e-17)
(3.78689 0.687146 3.30837e-16)
(10.0121 0.181329 1.34448e-17)
(0.938318 -3.03372 -2.24744e-17)
(9.95894 0.098236 -2.62203e-16)
(1.32281 0.0856702 -2.29932e-18)
(0.775362 -0.557719 2.30051e-16)
(1.21563 0.381113 -8.78536e-17)
(-2.77753 1.39146 4.92559e-17)
(-0.0774057 0.425751 -6.29755e-16)
(-0.0789268 0.281286 -1.35356e-16)
(-0.86405 1.09805 1.78514e-16)
(8.32655 0.610131 9.72238e-17)
(0.480169 1.54106 -6.14075e-17)
(0.951883 0.717586 2.15032e-16)
(-1.25026 0.858253 2.7603e-16)
(-0.140169 0.167427 0)
(9.83229 0.0408962 0)
(1.36267 0.339302 2.21224e-18)
(-0.151221 0.245991 -1.34474e-19)
(0.0388071 1.81215 -8.06441e-20)
(10.3888 0.575361 3.39768e-18)
(-0.0242135 0.142151 2.72286e-16)
(8.79161 0.500383 -4.66062e-16)
(-0.182838 -0.826577 -1.5742e-16)
(9.93482 0.179985 -6.92807e-17)
(0.413442 0.938429 0)
(-0.0195198 0.618478 1.4438e-20)
(-0.867768 2.2962 1.88304e-16)
(-0.0014856 -0.407571 8.95106e-17)
(10.0396 0.0715924 -1.09499e-16)
(4.46996 -0.0462814 8.03082e-17)
(6.67446 0.00595671 1.0045e-16)
(-0.0945895 0.439308 9.65273e-17)
(-0.770438 -2.52525 1.96595e-16)
(0.273639 0.297587 -8.76657e-17)
(9.71993 0.885204 0)
(0.816431 2.13616 -1.50183e-16)
(-0.362103 2.5338 0)
(0.00474557 0.663216 0)
(0.89758 0.0690927 0)
(0.436653 0.0415921 3.32574e-20)
(7.84047 0.623556 -6.69533e-17)
(-1.57232 0.678353 -1.61582e-16)
(9.97226 0.275411 -2.08586e-17)
(-0.533159 5.46534 -1.40504e-16)
(-0.10042 3.66309 -4.67897e-16)
(8.68508 0.845258 -1.23686e-16)
(10.1352 0.166054 0)
(-0.626857 0.292225 -1.07051e-16)
(7.27107 0.604329 1.77151e-17)
(0.273855 1.08307 6.47005e-17)
(-0.127574 0.142995 1.19662e-16)
(10.6578 0.423626 -7.60082e-17)
(0.206309 -0.170599 -1.62801e-16)
(3.94922 -0.160224 2.6223e-16)
(7.27482 0.27945 0)
(0.723448 1.44151 -1.72059e-16)
(-0.166267 0.043245 -1.33847e-17)
(-1.89342 0.942305 -2.94576e-16)
(0.947787 1.48774 0)
(-0.0516187 0.510482 1.43972e-16)
(0.265737 0.650551 5.38797e-17)
(3.18736 -0.077983 -4.34142e-16)
(-0.27587 4.65734 0)
(-0.405181 -0.161957 3.90235e-17)
(10.5454 0.0593658 -7.90977e-18)
(8.91617 0.387753 -2.11832e-17)
(8.54659 0.156006 0)
(11.3973 0.281989 4.60845e-17)
(10.3736 0.384468 3.55257e-17)
(4.25239 -0.0731319 0)
(0.929258 1.80962 -1.14906e-16)
(9.37165 0.965827 -5.42063e-17)
(10.8809 0.0445216 8.237e-17)
(9.90087 0.437954 -1.64269e-17)
(-0.390888 -1.22693 -1.75257e-16)
(1.37951 -0.680603 9.72771e-17)
(0.415049 0.975002 1.72159e-16)
(0.246831 1.16041 -4.42138e-17)
(10.1027 0.110059 9.0537e-17)
(0.952122 1.87602 -3.71707e-16)
(9.60845 0.994341 0)
(9.53319 1.21574 -1.00153e-16)
(0.904477 0.138003 -1.16689e-20)
(0.970699 2.19814 3.71317e-17)
(0.150767 0.62034 0)
(-0.378025 1.60533 -4.02139e-17)
(-0.0126012 0.485633 -2.79529e-16)
(-0.972692 -0.331174 -2.01046e-16)
(-0.138235 0.422821 -1.45289e-16)
(9.89418 0.116886 0)
(1.19345 -0.888762 3.88078e-16)
(0.378587 0.841949 -1.76386e-16)
(9.64193 0.963642 -1.41641e-17)
(0.131947 2.81722 2.67208e-17)
(8.37591 0.562013 -1.21532e-16)
(11.0732 0.0542729 0)
(10.5292 0.0413458 1.50043e-17)
(0.0248943 0.182842 0)
(-0.435502 0.294182 9.1056e-17)
(9.38554 0.603696 -1.86109e-17)
(0.611826 -1.02449 3.26336e-16)
(9.54691 1.1521 1.02869e-16)
(9.75694 0.295915 4.3093e-17)
(0.554054 0.760392 1.24847e-16)
(8.81927 1.76554 0)
(0.537841 1.51071 3.41892e-16)
(11.2622 0.115008 1.00558e-16)
(9.88089 1.1536 -1.4033e-17)
(9.87894 0.74825 1.06928e-16)
(-2.80173 4.39647 -1.38085e-16)
(0.163483 0.791017 2.10635e-16)
(10.2873 0.105116 -2.77407e-20)
(0.529408 -1.72396 -2.88439e-19)
(0.668618 2.36502 -1.23228e-16)
(-0.237829 0.344778 -4.08632e-16)
(10.0835 0.0456885 -6.62164e-17)
(-0.276613 2.84859 -8.55816e-21)
(10.1245 0.451545 4.13046e-17)
(10.0411 0.0948997 0)
(7.24603 2.11684 -1.11298e-16)
(0.507015 1.51942 0)
(0.590399 0.895952 0)
(0.250724 -0.823412 -2.09941e-16)
(2.84727 2.58034 -2.91004e-16)
(9.3933 1.08044 -2.8284e-17)
(3.44651 0.12672 -4.95292e-16)
(10.0593 0.056743 3.63931e-17)
(-2.45952 2.49239 -3.12696e-16)
(-0.104874 0.295446 1.14512e-15)
(9.801 0.210617 2.5876e-17)
(0.770133 2.22124 1.37238e-17)
(9.28662 0.243438 0)
(10.148 0.0687548 8.21488e-18)
(9.95936 0.358574 6.50578e-17)
(7.82764 0.674916 1.4504e-17)
(9.87647 0.193918 2.48718e-17)
(-0.295247 0.7844 0)
(-0.273245 0.583554 3.93877e-16)
(9.48883 1.09353 0)
(0.558452 -1.86238 0)
(-0.507871 -0.619952 0)
(10.1264 0.232651 -6.50116e-17)
(9.89929 0.165418 0)
(0.153301 1.1216 1.54221e-16)
(11.1422 0.0308147 -1.32286e-16)
(4.58034 1.273 -7.66756e-17)
(10.7298 0.350198 0)
(9.40435 0.91012 0)
(9.3774 0.976628 -7.5617e-17)
(0.654013 1.58543 0)
(10.5491 0.68194 0)
(7.50394 0.213483 -7.5437e-17)
(-0.08665 0.419076 0)
(-2.3975 1.98303 3.53845e-16)
(10.6432 0.0945892 5.23337e-20)
(9.9334 0.52391 -1.94705e-16)
(9.81752 0.454813 8.95579e-17)
(9.84174 0.405197 5.04722e-17)
(10.5097 0.269342 -2.73057e-17)
(-0.117267 0.1551 2.59633e-16)
(9.86934 0.107094 0)
(-0.727651 -0.19547 1.9694e-16)
(9.56376 0.188598 -3.30374e-17)
(9.47864 1.17796 8.493e-17)
(-0.47415 3.8481 -2.17451e-16)
(0.982588 4.56001 -2.9672e-16)
(-0.0912297 1.3808 1.03487e-22)
(-0.390134 1.35203 7.59893e-20)
(10.5442 0.271007 -1.8419e-16)
(-2.06392 0.136903 0)
(-1.92733 0.196931 0)
(9.98623 0.942025 0)
(10.125 1.01731 -9.72094e-17)
(-0.490732 4.20638 0)
(-0.198755 3.53286 1.02283e-16)
(6.37569 3.23991 2.17274e-17)
(1.40672 5.65538 -1.65865e-16)
(8.20623 0.0506174 -4.61427e-17)
(1.5863 -0.134051 1.79902e-17)
(-0.701558 -0.550943 5.14837e-19)
(8.35317 0.00480726 7.83862e-20)
(8.30017 0.0183704 8.95037e-17)
(8.16884 0.0677273 8.86901e-17)
(-0.627282 1.25607 2.88013e-17)
(0.00414866 0.297877 5.34407e-16)
(-0.331354 4.82328 -4.24118e-17)
(9.80262 0.335608 -7.89195e-17)
(10.67 0.58126 6.98317e-18)
(8.27124 0.0130639 -8.25229e-17)
(9.94089 0.945085 0)
(8.46542 2.79795 2.86871e-17)
(-0.400513 4.29882 -1.33835e-17)
(9.83273 1.08701 0)
(9.13567 0.747823 3.14718e-16)
(10.2632 0.887412 2.81471e-17)
(10.3074 0.779492 0)
(8.12475 0.0769633 -5.48599e-17)
(10.0617 0.683587 1.35372e-18)
(0.710877 1.23807 -1.12628e-16)
(0.386074 -0.94282 -1.06305e-19)
(-0.0600464 -0.212959 -4.29584e-17)
(-0.209395 4.13111 1.70731e-16)
(-0.573649 5.1499 0)
(-0.783456 0.0998343 -4.08591e-17)
(0.0061321 -0.838125 0)
(0.953737 1.56113 2.68493e-16)
(8.32403 -0.00268256 -4.51895e-17)
(-3.37384 3.24232 6.20564e-17)
(-0.110417 0.388654 1.30227e-16)
(9.19619 1.22751 5.32949e-17)
(10.2287 0.876982 2.11958e-19)
(9.67928 0.175809 6.89646e-17)
(11.1724 0.434123 1.57638e-16)
(9.59702 0.0107197 -6.17911e-17)
(9.44948 1.08765 0)
(0.56009 -1.70317 0)
(10.0832 1.09606 -4.50256e-17)
(9.44558 1.41662 4.84414e-18)
(-0.233618 0.279039 0)
(9.05434 2.10881 1.62674e-18)
(-0.502074 -0.65646 -1.87758e-16)
(9.57273 1.20685 2.89256e-17)
(9.68036 0.348899 2.94899e-17)
(9.16338 0.839729 7.60515e-17)
(1.07273 0.386087 0)
(8.10271 0.143779 0)
(0.890689 1.7987 -2.19338e-16)
(-0.248204 -0.679718 1.69585e-16)
(9.94224 0.122309 8.36647e-17)
(8.25625 0.0325847 -9.04793e-17)
(8.31136 0.00995759 -8.70727e-17)
(-0.476907 -0.176545 1.92415e-16)
(9.68674 0.239376 -1.37889e-17)
(10.8181 0.206926 5.57004e-17)
(0.609576 -0.137189 -1.86737e-17)
(-0.218242 -0.0669164 -2.13201e-17)
(-1.08783 0.531553 -5.77451e-19)
(-0.106313 -0.688435 -1.69909e-16)
(-0.246616 4.21482 -4.70418e-17)
(-0.333974 0.113778 -8.67359e-17)
(9.84594 0.346959 -4.72033e-17)
(-0.418354 -0.997936 -1.56216e-16)
(-0.329695 -0.48052 -2.71349e-16)
(-0.321507 -0.966954 2.45257e-16)
(-0.17825 3.92515 -1.2317e-19)
(-0.491248 0.0924029 -6.37038e-20)
(-0.193628 1.52668 -1.43895e-16)
(-0.444836 -0.908281 -8.13147e-17)
(9.86817 0.0745791 1.79244e-16)
(-0.335557 -0.812117 -7.0479e-17)
(7.50428 0.469316 0)
(9.7913 0.171388 -6.93463e-17)
(0.274625 -0.313995 -1.11918e-16)
(0.902977 -0.779187 0)
(-0.879376 0.117767 0)
(0.553665 -1.75807 1.75593e-16)
(10.3092 0.115359 0)
(-0.309902 2.32332 -1.25463e-16)
(1.21354 -0.664605 -5.92515e-17)
(-0.354796 -0.836388 0)
(1.59087 -0.526722 -1.64903e-17)
(-1.37337 0.428132 1.54458e-16)
(0.575039 0.173095 0)
(9.84927 0.0892423 -8.08307e-17)
(-0.4729 -0.63767 8.1388e-17)
(10.07 0.209757 3.43358e-17)
(6.76175 3.65373 -2.68129e-16)
(0.412706 -0.278393 1.82632e-16)
(10.5271 0.238516 1.48314e-17)
(-0.0561233 -0.180203 1.80451e-16)
(-0.283261 0.0874471 -8.93327e-17)
(-1.02531 0.0547357 -7.62681e-17)
(0.663965 -0.0856881 -1.25903e-16)
(-0.682943 -0.00543836 -4.36244e-16)
(-0.533006 -0.254881 0)
(1.07458 0.187525 -1.52729e-16)
(-0.143675 0.0048536 0)
(0.864994 -0.0397728 0)
(-0.830479 0.00389345 0)
(-0.0922383 -0.0936299 -3.94404e-16)
(0.695448 0.0791699 0)
(0.0172961 0.285994 5.22491e-16)
(1.19196 -0.252308 -1.82193e-17)
(-0.361833 -0.103377 1.45537e-16)
(1.34813 0.182798 2.29328e-18)
(-0.117073 0.00982355 -9.82215e-17)
(-0.586702 0.150394 2.71227e-16)
(0.260048 -0.135577 -1.77695e-16)
(1.70914 0.0101763 0)
(-0.397947 0.0416293 0)
(-0.0790449 -0.326802 -2.74233e-17)
(0.380313 0.019753 0)
(0.0831974 -0.741344 5.67703e-16)
(-0.838654 -0.190619 1.24753e-16)
(-0.26641 -1.05272 -1.39453e-16)
(10.0147 1.1463 5.24199e-17)
(0.596146 -1.64072 0)
(-1.19099 -1.63246 1.9797e-16)
(0.372455 -0.283346 1.10178e-16)
(9.82754 0.283538 3.20517e-17)
(10.0044 0.0317852 8.39274e-17)
(0.661998 0.0506836 6.49858e-16)
(-0.256252 0.246325 2.93777e-17)
(0.533578 -0.0962219 4.0572e-17)
(-0.885288 0.153885 -2.515e-16)
(-0.763514 -0.119907 0)
(-0.525071 -0.0612984 1.38318e-16)
(1.5877 0.125628 0)
(-0.185948 0.102657 0)
(-0.144457 0.1062 2.04107e-16)
(0.84248 0.142965 1.49195e-16)
(-0.171124 0.0298616 1.78718e-16)
(-0.451644 -0.250421 0)
(2.31538 5.13452 1.84376e-16)
(9.70151 1.10392 -2.85012e-17)
(9.98774 0.000723111 0)
(-0.287195 -1.04916 4.75907e-19)
(-0.0868028 0.370429 -1.8462e-16)
(-0.409627 -0.649397 -1.65686e-16)
(9.96286 0.188846 0)
(-0.136188 0.666464 0)
(10.4636 0.0813848 0)
(0.492687 0.106526 -6.39274e-17)
(0.321944 -0.392814 1.93171e-16)
(10.0242 0.206079 2.8173e-17)
(1.70001 -0.267673 2.9969e-17)
(0.203576 -0.559073 1.29203e-17)
(10.0739 0.923195 0)
(-0.264472 -0.0207611 1.20499e-16)
(8.77355 0.0253003 1.68707e-16)
(-0.461884 0.0253847 -3.25449e-17)
(0.390073 -0.112101 -1.566e-16)
(9.73002 0.0796362 6.60228e-17)
(-0.204499 -0.568642 0)
(-0.455635 -0.126952 -2.3403e-20)
(2.13399 7.74043 -4.00066e-16)
(8.75031 0.228782 -2.24899e-17)
(1.76835 4.43304 6.79143e-17)
(0.37464 -0.357858 -1.7409e-16)
(-0.458683 4.81413 1.80876e-16)
(-0.543308 -0.43436 -2.37365e-17)
(-0.464256 -0.409722 1.53688e-19)
(-0.410306 0.181611 4.80324e-17)
(0.220145 -1.46 1.34658e-16)
(-0.376415 0.805451 5.24636e-17)
(-0.108459 -1.62507 -2.46634e-16)
(0.185373 -1.56827 0)
(0.371558 -0.348081 1.72824e-16)
(0.0224288 -1.39278 4.28308e-17)
(0.295567 -0.583976 1.05429e-17)
(-0.276205 0.653271 -1.21378e-16)
(0.337978 -0.617356 -3.64756e-16)
(0.933542 0.689664 0)
(-0.229383 -1.76468 -1.78686e-16)
(-0.0382477 -0.152512 0)
(0.346741 -0.886485 2.3473e-16)
(-0.750481 0.239845 -9.25697e-18)
(0.387549 -0.416322 0)
(0.174468 -1.17357 -2.05047e-16)
(0.35386 -1.00802 2.46081e-18)
(0.0409927 -1.67316 5.13271e-16)
(-0.776857 0.380325 1.84356e-16)
(-0.654408 0.345863 -8.43011e-19)
(-0.203252 2.77274 -4.17027e-17)
(0.398414 -1.14284 0)
(0.40414 -1.3653 4.51523e-17)
(-0.10463 -1.06094 0)
(0.148331 -0.286078 8.96888e-18)
(0.0419789 0.269955 -4.88852e-18)
(-0.0846733 -1.83951 -1.07725e-16)
(0.691698 -1.55437 0)
(0.25362 -0.424142 1.57967e-16)
(0.273049 -0.584049 -1.00406e-16)
(-0.301028 0.0580064 4.07539e-16)
(0.13929 -0.0355158 -1.51075e-16)
(-0.434307 0.811615 -1.38995e-16)
(0.0768869 -1.41126 7.40371e-17)
(-0.481128 0.594441 -2.10952e-16)
(-0.315772 -0.170033 -3.02866e-16)
(-0.216034 -0.510066 -6.48667e-18)
(-0.408866 0.248666 0)
(-0.662015 0.180684 0)
(2.67252 2.27601 2.9349e-16)
(0.283905 -1.57552 0)
(-0.281144 0.460902 0)
(0.156441 0.820538 -2.2895e-16)
(-0.5739 -0.0122188 2.11867e-16)
(-0.383344 -0.247523 -4.7305e-16)
(-0.32594 0.205651 -1.7507e-16)
(1.71926 3.03914 1.11088e-16)
(-0.23885 0.832455 -2.44366e-16)
(-0.579159 -0.277535 -5.99752e-16)
(1.71755 5.25009 1.66396e-16)
(0.772602 0.635276 0)
(8.153 0.0936689 -1.56074e-17)
(1.07488 7.00261 -5.92478e-17)
(-0.641567 1.19239 3.12126e-16)
(-0.455539 -0.493231 -1.89682e-16)
(2.37742 7.4282 -2.77872e-16)
(2.16736 8.15769 2.50609e-16)
(1.04906 4.3521 1.70201e-16)
(0.0281109 -1.50736 0)
(0.0680249 -1.60191 -4.29929e-17)
(0.832172 0.571578 0)
(0.699374 8.45849 -4.89174e-17)
(9.99134 0.39492 -1.85368e-17)
(8.83204 0.146401 -3.2529e-17)
(-0.458375 1.30759 -1.61086e-16)
(-0.207665 1.15491 -1.46916e-16)
(-0.264306 0.740332 1.25766e-16)
(-0.111534 -1.00189 -9.82698e-17)
(0.284744 -1.22339 0)
(0.0138772 -1.00095 -1.16966e-17)
(0.0653618 -1.60225 0)
(-0.396677 -0.510512 2.43658e-17)
(2.10612 7.03619 5.7908e-17)
(0.00973959 -1.55283 0)
(0.866704 0.358988 0)
(-0.635684 4.09123 0)
(0.417932 -1.77995 3.7223e-17)
(9.93111 0.152095 -1.38942e-17)
(0.31908 -1.80801 0)
(-0.30089 1.14148 -5.82563e-19)
(-1.24478 5.87705 1.33791e-17)
(0.313208 -0.63148 2.62593e-21)
(0.35934 -0.537219 0)
(0.290926 -0.814428 2.05175e-16)
(0.257224 -2.04144 0)
(-0.377456 -0.62919 3.55816e-21)
(-0.316792 0.778104 -6.81379e-17)
(-0.0923877 -1.62115 -3.98136e-17)
(-0.156743 2.70098 -8.02722e-17)
(-0.175159 2.50205 0)
(0.0478117 -1.9286 3.11417e-17)
(9.68194 1.25793 0)
(-0.473574 -0.41417 4.3895e-17)
(10.528 0.117749 -9.64839e-17)
(-0.037302 -1.53842 0)
(1.52059 6.36644 -3.81087e-16)
(-0.811765 5.17529 7.69395e-18)
(-0.0340761 -1.60928 4.10198e-17)
(-0.0918962 -0.190784 0)
(0.553221 -2.09053 -1.34572e-21)
(0.0273217 -1.85423 -1.12799e-16)
(0.432682 -2.01837 5.5555e-17)
(-0.64802 0.110183 -1.74843e-16)
(0.361868 0.344312 1.19324e-18)
(0.0403883 -1.08409 0)
(0.432999 -0.782856 1.70679e-16)
(-0.0518665 -1.37278 0)
(0.146002 -1.979 3.67179e-17)
(0.380037 -1.447 -9.62543e-17)
(8.80316 0.187697 4.47527e-17)
(8.05994 0.168596 -1.29837e-16)
(0.151404 -1.69124 4.66278e-17)
(0.275585 -2.04786 -1.45988e-17)
(-0.170925 -0.537209 1.99284e-17)
(-0.0140412 -1.39399 -3.78037e-17)
(0.260743 -0.165407 4.14689e-17)
(0.326532 -1.47963 0)
(0.236714 -0.506211 3.33851e-16)
(3.19977 4.19999 0)
(0.352226 -0.587771 -1.32299e-16)
(0.756449 2.63726 1.83332e-16)
(0.384055 -0.353031 1.82011e-16)
(0.118153 1.77998 0)
(0.0664518 0.173362 4.84812e-17)
(-0.345373 1.52711 5.1583e-17)
(0.349017 -1.07634 2.48923e-17)
(9.8122 0.107859 0)
(-0.239405 0.0590584 0)
(-0.19839 -0.578762 9.51998e-21)
(0.221715 -1.77309 -4.04744e-17)
(-0.0786102 -0.270609 2.36263e-16)
(8.23169 -0.0441346 4.37562e-17)
(-0.0559428 -1.04583 7.37699e-17)
(-0.864552 0.292974 3.30867e-17)
(0.158352 -0.714039 -6.29056e-17)
(0.201846 0.395439 -8.33445e-17)
(0.393582 -0.266139 -2.00185e-16)
(8.15336 -0.0391038 -5.21232e-19)
(9.29698 1.2458 4.73567e-17)
(0.256346 -0.51276 -3.36366e-16)
(0.130412 -1.42945 0)
(0.0282937 1.25712 0)
(0.932831 4.08195 6.76446e-16)
(-2.19333 0.448241 -1.22923e-16)
(-0.685858 -0.286987 -4.95999e-16)
(0.264308 -0.834321 0)
(9.71998 1.00085 1.34376e-16)
(1.10548 0.906544 0)
(0.280571 -0.954484 1.31398e-16)
(-1.15833 -0.133201 -5.79783e-16)
(-0.230959 1.34079 1.65864e-16)
(2.09023 2.48028 0)
(-0.298692 1.4594 9.06449e-18)
(1.60848 7.02151 0)
(0.92714 1.57514 2.23952e-16)
(0.27668 -1.22715 1.13889e-16)
(0.638065 -1.45509 1.16637e-16)
(0.171747 -1.20702 -1.29364e-16)
(8.89803 2.47047 -2.95813e-17)
(0.883649 0.08149 -4.78719e-18)
(9.8121 0.0851441 2.27037e-16)
(0.0713476 -0.84367 0)
(0.393917 -0.36786 -8.10081e-20)
(0.63283 0.0782072 -2.53097e-17)
(0.265066 -1.46527 0)
(0.403723 -0.654435 3.37952e-16)
(9.9663 1.06651 0)
(1.33811 -0.237872 4.44469e-18)
(10.7732 0.481495 -3.36537e-18)
(-0.00181036 2.16852 0)
(-0.31724 3.00545 -9.67973e-17)
(10.0004 0.0686916 -1.14357e-16)
(9.89085 1.31054 0)
(9.73238 1.59989 -5.27592e-18)
(0.214071 -1.41067 0)
(-0.269285 0.424584 -9.23572e-17)
(0.481796 -1.69275 -1.61212e-17)
(9.76561 0.903237 7.2432e-18)
(1.42199 -0.479833 -1.95493e-16)
(0.374926 -0.497776 -2.29439e-16)
(0.395642 -0.637936 -4.17085e-16)
(-0.289298 -0.728586 -4.26144e-17)
(0.326876 -1.10823 -5.32581e-18)
(0.313424 -0.675529 6.11346e-19)
(-0.201629 0.697714 -8.77307e-17)
(1.08179 2.31799 0)
(0.0253269 -0.875196 1.29171e-19)
(-0.362524 2.32923 4.78062e-17)
(5.94313 1.33404 -4.58711e-17)
(7.25446 2.51751 6.32369e-18)
(0.0540781 -0.127866 -1.54768e-16)
(-0.532121 -0.495865 0)
(0.231227 -0.272669 -1.6623e-16)
(6.63946 1.87367 0)
(9.81551 0.786913 -1.34666e-17)
(-0.670146 6.30276 0)
(-0.147064 3.75918 4.47651e-17)
(0.232914 -0.110555 -1.10277e-16)
(-0.18528 0.0315592 -3.53799e-21)
(-0.400905 -0.938498 9.99656e-17)
(0.121141 0.0895893 0)
(1.00861 -0.0473521 3.33056e-16)
(0.284207 -0.749588 -6.95892e-17)
(0.550659 -1.91608 1.98157e-20)
(6.62907 1.61574 -6.42142e-17)
(-0.546712 -1.04281 8.25549e-17)
(-0.170054 0.281463 9.59646e-17)
(0.0682599 -0.621312 -1.39139e-17)
(9.81637 0.057491 0)
(-0.306149 2.1775 4.36381e-17)
(0.881472 -0.161101 -1.11317e-16)
(0.385317 0.17603 -1.37158e-16)
(9.82098 0.0482364 -4.75092e-17)
(-0.494501 -0.168525 6.97752e-17)
(-0.113334 -0.570823 3.70783e-17)
(-0.221117 -0.991179 -8.19202e-17)
(9.13897 1.26472 3.77747e-17)
(9.11146 1.74868 2.0922e-17)
(0.90782 -0.230962 2.80649e-16)
(0.301471 -1.10186 -1.79095e-17)
(-0.368515 4.08019 0)
(9.83181 0.0590081 1.87946e-16)
(-0.0583515 0.223543 3.53544e-16)
(0.768475 -1.92263 -1.8264e-17)
(0.288244 -0.214269 0)
(0.279051 -1.07898 2.99708e-17)
(-0.500291 5.28061 -6.31313e-17)
(0.0580246 3.71973 5.39003e-17)
(0.693119 -0.245456 3.61458e-16)
(-0.291947 -0.37773 0)
(-0.10286 -0.397473 2.61109e-17)
(9.44736 1.87288 4.42619e-17)
(8.85027 1.0815 0)
(-0.469424 5.12438 8.83555e-17)
(-0.0305278 -0.610799 -6.87001e-17)
(9.80831 0.0685121 8.44703e-17)
(9.91999 0.156765 -2.32503e-17)
(0.485831 -1.52999 -2.43856e-16)
(-0.0355402 0.00906318 -4.17143e-16)
(0.384954 -0.273096 2.06809e-17)
(-0.0478572 -0.192637 1.07663e-16)
(1.08639 0.235689 -3.61595e-16)
(1.16499 0.576733 -9.96151e-19)
(9.81235 0.128552 0)
(1.00153 -0.369161 1.7301e-16)
(10.0119 0.0692258 4.03231e-17)
(-0.383181 1.57168 -5.14813e-17)
(-0.118213 0.00464173 1.54424e-16)
(0.573146 0.390619 -5.54392e-17)
(-0.101584 0.0997124 -9.77736e-17)
(9.83291 0.0843455 -2.64476e-17)
(1.10713 0.0268632 -1.89668e-16)
(0.368398 0.0459388 -2.52131e-17)
(8.75909 0.287605 0)
(8.8831 0.758742 8.1386e-17)
(-0.380669 0.889113 6.95455e-17)
(-0.317996 1.06914 1.96048e-16)
(-0.698576 -0.419287 0)
(9.0859 2.1053 -3.16272e-17)
(0.526777 0.670688 -1.65338e-16)
(-0.121367 -0.35365 2.16319e-18)
(-0.246572 1.69663 -3.01476e-17)
(-0.538352 0.0764347 2.1987e-17)
(0.613575 -1.76222 -1.96048e-16)
(-0.266537 -1.45706 -7.40832e-20)
(0.334165 -1.57807 3.4189e-16)
(0.31996 -0.23853 -4.09079e-17)
(0.441552 -0.052333 0)
(-0.383216 -0.685158 1.55432e-16)
(6.8949 0.0909647 2.31426e-17)
(0.369876 -0.0602591 0)
(0.331538 -0.67566 -1.77252e-17)
(-0.0615654 0.159377 -8.06711e-17)
(0.169187 -0.70869 1.11441e-16)
(-0.197873 -1.12155 -3.98115e-17)
(-0.133796 -0.0244049 -8.34472e-17)
(-0.85755 -0.258424 3.23003e-16)
(9.8256 0.109234 0)
(9.04086 1.29562 -6.10212e-17)
(0.317718 -0.693255 0)
(0.254516 -1.04557 1.59338e-16)
(9.43001 1.07911 -6.73249e-17)
(-0.294857 -0.808247 7.73304e-17)
(-0.0836276 0.0278572 3.79694e-16)
(4.82176 2.84375 9.93142e-17)
(9.02329 1.39503 -3.29161e-19)
(-0.152712 0.886893 -1.70594e-16)
(10.0081 0.0750954 -1.17686e-17)
(5.15412 0.318985 2.55705e-16)
(0.797368 -1.23632 2.63629e-16)
(-0.37545 0.495982 4.20835e-18)
(-0.315384 -0.739255 -1.01197e-16)
(-0.440518 1.57879 -3.30828e-17)
(0.197496 -0.0643575 -9.87819e-17)
(8.12458 0.298925 4.89438e-21)
(0.320442 -0.460784 3.15821e-16)
(-0.356086 3.01592 -1.14557e-16)
(8.91454 1.28767 -9.153e-19)
(-0.0327951 0.431233 9.44886e-17)
(8.50235 0.331118 0)
(9.58146 0.10915 2.30096e-17)
(9.82201 0.110321 1.29074e-17)
(-1.30264 5.60067 1.40085e-16)
(-1.23781 -0.0937089 -4.43842e-16)
(7.6999 0.295567 -2.4014e-17)
(-0.452665 2.23475 0)
(-0.0705693 1.19707 1.14845e-16)
(1.77544 0.145479 -2.79973e-16)
(0.701327 -0.218929 0)
(-0.0507475 -0.990195 0)
(0.57429 0.0655833 1.65049e-16)
(2.26811 0.158906 2.60629e-16)
(2.68509 0.195015 0)
(-0.306483 4.49828 -1.81931e-16)
(9.52633 0.968309 -7.28472e-18)
(0.879107 1.01902 1.61146e-16)
(0.989074 -1.5093 1.09333e-16)
(-0.0586611 0.516552 0)
(0.964772 0.561693 -3.42984e-16)
(0.356347 -0.220765 1.52442e-16)
(-0.431098 3.44875 1.09622e-16)
(6.0181 -0.280101 0)
(0.496072 0.399677 0)
(5.1884 0.118346 0)
(8.9287 0.352999 8.04802e-18)
(9.15579 1.62421 1.11576e-17)
(10.4064 0.780534 -1.38244e-17)
(9.20017 0.939609 7.53359e-17)
(1.41185 0.163986 2.26355e-16)
(-0.390733 4.87297 4.14107e-17)
(9.02435 1.38127 -1.36387e-16)
(3.14015 0.208668 0)
(3.96013 0.189304 5.11994e-17)
(1.13395 0.92522 0)
(0.210916 -0.343428 -1.24897e-16)
(9.94581 0.035339 6.10653e-18)
(10.9481 0.057463 0)
(9.50762 0.107677 5.53399e-18)
(6.62759 0.547156 -1.70717e-16)
(1.43412 -0.109324 -3.76172e-16)
(6.99293 0.74617 1.25747e-16)
(4.67958 4.60975 0)
(3.23156 5.54448 1.75785e-18)
(9.62211 0.0127024 1.05128e-16)
(-0.0236689 1.7116 -1.85823e-16)
(0.792648 0.00136713 -6.59313e-18)
(2.3322 6.59767 -3.75245e-17)
(5.38498 0.174674 7.07401e-19)
(3.58011 0.206823 8.3322e-19)
(0.651967 -1.53026 1.65428e-19)
(0.862329 6.58852 0)
(-0.304658 0.298446 1.74803e-16)
(-0.431441 -0.742499 1.59202e-16)
(0.642156 -0.58468 -1.67991e-16)
(4.89496 0.114029 0)
(-0.0295251 -0.136982 9.73216e-17)
(1.03792 1.86366 3.22065e-17)
(0.432786 -1.23852 -1.48969e-16)
(0.919585 -0.352219 -1.99147e-17)
(0.545267 0.422528 -1.3695e-16)
(0.341836 -0.00624608 6.66179e-17)
(4.29661 0.162562 -5.27811e-17)
(-0.234455 3.85628 0)
(-0.471395 -0.454754 1.70361e-16)
(3.68304 2.65883 -4.70618e-16)
(-0.482641 0.403106 -9.53977e-17)
(-0.216568 -0.610723 -1.41785e-16)
(0.219543 0.148537 -2.29269e-20)
(5.85551 0.454057 -1.14903e-18)
(0.9089 1.22095 1.59883e-16)
(9.60161 0.86724 0)
(1.36295 0.0411958 0)
(3.31431 1.5405 -1.00232e-16)
(9.99386 -0.0117995 2.90752e-18)
(9.87089 0.2073 0)
(-0.161604 0.169884 -9.4076e-17)
(-0.702527 -0.841739 0)
(0.195352 4.63026 -1.16747e-16)
(9.89313 0.121794 2.5849e-17)
(0.327536 -0.929051 2.13936e-16)
(0.299656 0.221041 0)
(8.79393 1.22717 2.88589e-17)
(-0.673464 -0.833146 -1.17013e-16)
(-0.211512 -0.0701003 9.08739e-17)
(-0.00447896 0.0858647 -2.18178e-16)
(1.79533 7.97627 1.02485e-16)
(0.927462 0.397842 -3.77367e-17)
(-0.148643 2.36425 4.44194e-16)
(-0.143371 0.212136 0)
(9.71966 0.139856 -8.67146e-17)
(9.86136 0.0838428 -2.80324e-18)
(-0.352474 4.6557 -8.05771e-17)
(-0.0540649 -0.0865154 1.04488e-16)
(2.44063 -1.81556 -1.2764e-16)
(6.14289 0.0504162 3.38686e-17)
(5.64515 0.221427 -4.688e-17)
(4.59979 -0.295731 -2.12197e-16)
(5.24228 0.172814 0)
(5.61344 0.0573087 -1.55693e-16)
(7.25563 -0.0452222 0)
(6.11728 -0.0787158 3.87565e-17)
(4.60467 0.134916 6.04483e-18)
(0.591669 -0.749097 -7.80314e-16)
(0.738223 0.0281121 -4.14849e-16)
(11.1141 0.436967 5.34926e-17)
(0.605528 1.10305 -3.05526e-17)
(0.249329 0.296871 2.28939e-17)
(-1.05484 -0.505898 6.2332e-16)
(-0.0539746 -0.125328 2.87395e-20)
(-0.127589 -0.399687 0)
(-0.715128 0.343612 -2.01196e-16)
(0.202643 -0.351483 -4.19425e-17)
(-0.172987 -0.165645 0)
(-1.60182 0.2453 2.89476e-16)
(9.14573 0.549221 3.07294e-16)
(0.494437 -1.49764 -2.19823e-16)
(8.3633 -0.018583 4.23772e-17)
(-0.166537 -0.481588 -6.91412e-17)
(0.436253 -1.3503 -1.26982e-16)
(9.67904 0.759345 0)
(8.68564 0.926318 -4.15903e-17)
(10.3817 0.484049 0)
(5.93429 0.117327 0)
(1.02881 3.97862 1.30835e-18)
(8.71064 1.10849 9.34095e-20)
(-0.274569 -0.626999 4.0815e-17)
(-0.0764835 -0.845477 -3.73188e-16)
(0.102022 -0.45254 3.48248e-16)
(9.74376 0.0253697 1.11422e-17)
(0.367381 -0.443257 1.40212e-16)
(0.105174 -0.94923 2.5404e-16)
(-0.46051 -0.965675 1.47814e-16)
(-1.03716 0.00330186 -3.30742e-16)
(3.30744 4.86789 3.70581e-17)
(0.336755 0.885903 2.23061e-16)
(0.104726 3.43293 -4.91848e-17)
(-0.463754 4.99971 0)
(9.89232 0.196643 0)
(9.57416 0.0210975 6.06339e-17)
(9.80132 0.0612913 -8.88009e-17)
(1.05299 1.29429 -2.00782e-16)
(0.582312 -0.873001 -3.9543e-17)
(0.397476 0.570769 3.80187e-17)
(0.0751665 -0.0661842 0)
(-0.108325 0.123012 0)
(9.97513 0.269208 6.60353e-17)
(8.42883 1.80221 0)
(-0.117661 -0.129464 -9.14165e-17)
(-1.35312 -0.125695 -2.63311e-16)
(8.66683 0.423477 1.64105e-17)
(1.89101 7.46736 0)
(0.839064 0.383882 3.01199e-16)
(0.302484 -0.631566 0)
(-0.712834 0.314246 1.86418e-16)
(8.55333 2.27753 -1.0336e-16)
(-1.10189 0.88959 0)
(-1.11585 1.03815 -1.23157e-16)
(0.469522 -1.11812 -8.07822e-17)
(9.80018 0.0581781 -7.97771e-17)
(0.0180949 -0.0809302 2.07059e-16)
(-0.926771 0.584061 0)
(0.339082 -0.109344 9.37343e-17)
(-0.685567 -0.0820051 -8.62372e-17)
(10.5455 0.103629 0)
(-0.0890518 0.00729811 0)
(0.266302 0.0975713 2.5699e-16)
(-0.283473 0.724758 -1.28353e-16)
(0.410399 0.882571 0)
(6.91665 0.0744195 1.87115e-16)
(9.40992 0.122707 0)
(-1.17863 6.40483 -1.3094e-17)
(0.657145 0.569943 -1.51263e-16)
(9.75156 0.117921 6.52916e-17)
(0.34783 0.826471 -2.01508e-16)
(4.32773 1.76792 -2.92698e-16)
(-0.614452 0.410945 -1.19413e-16)
(-0.0687695 -0.530141 0)
(0.631582 -1.29661 -2.46326e-16)
(0.548582 0.610926 3.35283e-17)
(0.901598 -0.953531 0)
(0.919726 -0.612166 -1.88913e-17)
(-0.207931 -0.680447 1.80413e-16)
(-0.0388343 -1.28434 6.76925e-17)
(1.32195 0.0691797 0)
(1.63606 -0.00391915 7.14255e-19)
(11.2082 0.194961 -4.99802e-17)
(0.110253 0.333148 4.35359e-17)
(-0.516695 0.307536 5.93761e-16)
(-0.381341 -0.218931 1.06669e-16)
(1.09723 0.276275 3.58036e-16)
(9.81423 0.086958 6.20824e-17)
(-0.429172 4.89057 0)
(1.63852 -0.00411551 2.20708e-18)
(-0.31581 -0.477147 -1.9346e-16)
(0.382663 -0.0150248 -3.4302e-16)
(0.216521 -0.44511 -1.12861e-16)
(9.55048 0.0362193 9.86518e-20)
(-0.114169 1.77398 0)
(0.0500572 0.941508 5.85066e-18)
(0.535132 -1.67363 -9.62393e-17)
(9.98137 0.249349 2.93952e-17)
(0.427761 -0.249315 2.68454e-16)
(9.80209 0.0370566 7.26472e-21)
(9.81126 0.144813 0)
(7.89197 0.109638 5.0259e-17)
(-0.464036 1.03842 0)
(5.83092 -0.0435388 -2.07587e-16)
(-0.357062 3.92686 -1.65202e-16)
(1.73748 0.0675609 0)
(0.112289 0.575117 -8.25868e-17)
(8.5204 1.44116 -2.04396e-17)
(0.826877 2.03928 9.05415e-17)
(0.354644 2.15049 -7.99774e-18)
(0.237581 0.871992 0)
(0.353708 1.499 8.59671e-18)
(0.280539 2.74103 1.6665e-17)
(0.0524968 0.425506 4.16732e-17)
(-0.0433919 0.197674 -9.35231e-17)
(0.513336 -0.833672 2.02513e-16)
(-0.364119 -0.05588 0)
(-1.39322 -0.00784084 3.12657e-16)
(9.77492 0.0690943 1.14242e-17)
(-0.0216482 0.0812706 -2.3883e-21)
(-0.0876363 0.0587967 0)
(-0.604375 -0.363937 8.06332e-17)
(0.118092 -2.59243 1.51553e-18)
(-0.14243 0.383061 -2.59561e-16)
(1.17426 0.50947 -4.4714e-18)
(-0.0351933 -0.174431 -2.37479e-16)
(-0.399395 2.38291 -8.09207e-17)
(0.0240897 0.573572 -1.3569e-16)
(-0.253697 3.72959 5.15043e-17)
(0.354831 -0.917771 3.18842e-16)
(1.84086 4.94593 0)
(0.156811 -0.608603 -1.93318e-16)
(0.0122848 0.00296362 -1.43859e-17)
(0.740925 0.444696 3.91775e-17)
(0.322746 -0.824757 -1.08207e-16)
(0.564603 0.0109209 -4.6975e-17)
(-0.253897 4.11472 1.29271e-16)
(-0.103159 1.22094 7.42047e-17)
(-0.657694 -0.100578 1.33374e-16)
(1.27747 0.333015 2.23805e-18)
(0.238364 -0.577136 -2.47516e-17)
(-0.0288613 -0.189929 2.17403e-16)
(-0.0295176 -0.0266039 -2.79288e-17)
(-1.70037 0.855097 -6.69635e-17)
(-0.0205122 0.528613 0)
(0.296605 -0.281445 4.48873e-17)
(-0.0644365 0.724984 1.67381e-16)
(-0.379337 -0.481436 9.93765e-17)
(0.0436373 -0.574594 7.93238e-21)
(4.56608 0.358628 -2.94792e-16)
(-0.248052 4.35723 1.66982e-17)
(-0.581375 0.0716183 2.551e-16)
(9.79839 0.0454287 -7.62201e-17)
(0.0102878 -0.158706 -5.48159e-17)
(0.0135676 -0.0820246 1.06809e-16)
(-0.370979 0.348576 2.64147e-17)
(0.316464 -0.492877 -1.45116e-16)
(10.8495 0.337528 -7.78093e-20)
(0.419789 -1.22465 1.30432e-16)
(-0.611534 6.00351 -1.26998e-16)
(-0.171254 3.72357 2.5633e-16)
(-1.50198 2.17282 2.66943e-17)
(-0.108113 -0.291814 -1.36315e-16)
(3.0099 5.28007 1.44443e-16)
(-0.0108119 -0.103211 0)
(-1.32753 2.06427 0)
(-0.0170565 0.569942 2.67571e-16)
(9.71246 0.0444803 3.39323e-17)
(0.369156 -1.28875 2.67153e-16)
(0.195285 -0.749708 -1.68362e-16)
(10.4101 0.201736 1.44893e-17)
(-0.148624 -0.332274 1.86189e-16)
(-0.0093389 1.4243 -3.65096e-17)
(5.94348 0.102334 0)
(-1.8545 -1.1742 0)
(-0.0866334 0.481131 3.95088e-17)
(-0.146102 2.17206 1.87672e-16)
(-0.405276 2.95224 1.63626e-16)
(10.8834 0.0874308 4.59424e-17)
(-0.950318 0.986272 5.53113e-17)
(-0.950484 1.04576 2.04628e-17)
(9.78034 0.568119 2.5817e-16)
(1.59012 -0.000852802 4.69112e-16)
(0.508578 1.96281 -4.06391e-16)
(9.97799 0.12423 -8.53209e-17)
(0.984627 1.007 -3.47196e-16)
(0.110202 0.281247 1.33894e-16)
(-0.464292 1.54355 0)
(9.81489 0.0429399 6.04763e-17)
(10.3544 0.672498 -3.36847e-18)
(1.32809 0.0177937 0)
(-0.801175 6.52686 -3.03373e-18)
(2.02928 3.8896 2.38845e-18)
(-0.127833 3.86721 -3.16965e-17)
(1.15003 0.361879 7.29425e-17)
(-0.404804 3.25388 1.46739e-17)
(0.427494 -0.220753 3.70948e-16)
(0.24202 0.920679 2.10281e-16)
(-0.814953 0.243801 1.00714e-16)
(-1.34707 0.0948369 2.70898e-16)
(9.73226 0.400895 -1.90671e-18)
(-0.399055 -0.326009 0)
(-0.0962951 -0.105734 -4.75768e-17)
(0.402119 -0.227565 2.54e-17)
(0.0504347 3.57281 0)
(4.7001 0.056602 0)
(0.0364834 0.466826 -1.4508e-16)
(-0.496756 1.73697 -2.43973e-16)
(0.0400565 -1.19983 -1.26919e-16)
(3.44972 1.20123 0)
(-0.392096 -1.22349 0)
(-0.251181 4.50991 6.96783e-18)
(2.63305 1.47941 6.93177e-17)
(9.84083 0.228423 8.19156e-17)
(0.538766 -1.63545 -3.74551e-17)
(-0.16457 0.306901 -1.43224e-16)
(-2.14098 2.31116 0)
(-0.0577434 0.589519 -3.60772e-16)
(-0.101771 -0.0338364 8.32661e-17)
(-1.06909 -0.45263 -1.40424e-16)
(0.484428 -1.61095 3.36685e-17)
(-0.704806 -0.0902321 1.47977e-16)
(5.3973 0.244038 -1.3681e-16)
(-0.377898 3.13078 2.60571e-16)
(8.79168 1.44346 1.5045e-17)
(0.20799 0.563214 6.03959e-16)
(-0.586816 -0.263932 -1.27798e-18)
(7.00792 0.249798 0)
(-0.39458 4.27938 -7.84009e-17)
(0.459186 0.251834 4.17521e-16)
(-1.85916 0.44663 1.38795e-17)
(-2.03206 0.438105 0)
(0.979754 0.118753 -7.58805e-16)
(10.8321 0.397736 1.52598e-17)
(0.203198 -0.340607 9.66446e-18)
(7.83649 0.922896 -1.91433e-16)
(0.415329 -1.56089 -4.79822e-16)
(-0.396651 3.99985 1.4759e-16)
(9.97547 0.218661 -7.49333e-17)
(2.86096 -0.287801 -1.00113e-16)
(7.57021 0.272262 -1.02025e-16)
(0.622362 0.732026 0)
(0.462382 3.09131 -8.00022e-18)
(10.831 0.123843 -1.70522e-16)
(9.8763 0.21292 -6.89312e-17)
(-0.39336 4.25126 -1.32096e-17)
(0.763587 -0.257282 -1.94589e-16)
(9.86469 0.255348 6.24223e-17)
(-0.486688 3.58806 -4.89077e-17)
(2.12209 5.95823 -1.89528e-18)
(9.73264 0.0323157 8.73541e-18)
(0.643013 -1.41298 1.59113e-16)
(0.00564744 -0.15678 6.45952e-16)
(0.556443 4.54656 0)
(10.9471 0.376704 3.14066e-17)
(10.8286 0.373806 -3.33645e-18)
(0.0158629 0.59629 1.52984e-16)
(0.0573523 -1.45942 0)
(0.639423 -1.21033 0)
(-0.827779 -0.127063 3.2337e-16)
(8.07545 0.319636 -8.44548e-17)
(-0.0013736 0.617316 1.26769e-16)
(-0.848735 3.15662 -8.40525e-17)
(1.46834 0.0123917 2.59123e-16)
(10.9373 0.202684 -4.75279e-17)
(0.0615627 1.05113 4.23304e-17)
(-0.232988 -0.839347 -1.46839e-16)
(9.86751 0.130499 -2.59427e-17)
(0.826808 -1.16988 1.26263e-16)
(7.55787 0.612277 1.75985e-16)
(5.60404 0.199505 0)
(0.0521968 -0.186772 -3.18604e-16)
(0.602637 0.00884542 4.30874e-17)
(10.2651 0.147288 1.41963e-17)
(-0.129142 0.109911 -3.69927e-16)
(3.87298 2.90148 0)
(5.72537 1.06241 5.78693e-17)
(-0.0436907 0.0967012 0)
(0.299665 2.95404 1.62975e-18)
(0.20975 -3.97068 4.64648e-17)
(0.222952 -0.200393 -2.22621e-17)
(9.52919 0.0590742 -6.20603e-17)
(0.423041 -0.139611 1.92546e-16)
(-0.0841411 0.0227242 -9.67317e-17)
(-1.00435 -0.596408 -1.90013e-16)
(5.4342 0.226932 0)
(-0.163758 0.229181 -4.46397e-16)
(0.0193601 1.90108 5.8704e-17)
(0.481604 -1.57378 -3.53721e-16)
(1.11765 -0.0137636 -2.86895e-16)
(-0.536321 0.293245 -4.96221e-19)
(1.58958 0.0204901 0)
(0.261338 -0.783148 0)
(-0.371329 0.172418 5.26219e-17)
(7.38557 3.22469 4.88373e-17)
(7.93522 2.31354 1.75457e-18)
(-0.41055 -0.0695652 -9.99079e-17)
(0.888129 -0.236188 1.41757e-17)
(10.9824 0.393836 -1.45549e-17)
(-0.0402136 0.287135 0)
(-0.969031 -3.8137 0)
(0.000991909 -0.153051 -1.04455e-16)
(0.239882 -0.851124 8.31698e-17)
(0.100928 -0.874429 0)
(-0.70829 0.780296 0)
(-0.558727 0.980795 2.81259e-16)
(11.0056 0.374031 -2.5058e-17)
(-0.715337 -0.150746 -3.69637e-16)
(-0.0913172 -0.053532 2.32458e-17)
(-0.0732393 1.54242 0)
(0.813397 0.00271481 5.53521e-16)
(0.733649 2.02377 0)
(0.442247 -0.154746 1.80456e-16)
(8.78374 0.784541 -1.2277e-16)
(-0.604312 -0.550904 2.25205e-16)
(-0.483692 0.261487 0)
(-0.0158279 -0.400939 0)
(0.471638 -0.354757 -3.88461e-16)
(-0.35522 2.96992 1.11439e-16)
(-0.349669 3.70163 2.16966e-16)
(0.447998 0.918204 -6.07615e-17)
(9.85272 0.185658 -2.54891e-17)
(-0.721452 4.67979 -9.20983e-17)
(-0.0231328 -0.215157 5.54937e-16)
(1.65205 -0.245684 4.14847e-16)
(9.76554 0.0916934 2.15397e-17)
(0.959988 1.40674 1.34594e-17)
(-0.148175 0.0570413 1.48693e-18)
(-0.686761 -0.55085 1.51779e-16)
(0.153438 0.815064 -2.50159e-17)
(0.234267 -0.237759 2.36417e-16)
(1.53989 0.208892 2.19541e-18)
(-0.599092 5.28423 -4.02761e-17)
(9.535 0.420752 -7.81489e-18)
(0.846713 0.0302597 2.26728e-16)
(9.64284 0.0940349 -4.41951e-17)
(3.4482 0.486863 -4.85094e-17)
(-0.0253598 0.431893 1.30884e-17)
(-0.84452 0.197351 1.31171e-16)
(0.367006 -0.22382 -1.77871e-16)
(-0.416587 3.28505 1.49295e-17)
(7.49966 0.317488 0)
(1.38741 0.0157916 3.08599e-16)
(-0.276364 0.14027 2.34221e-17)
(-0.314317 -0.472497 -2.52966e-18)
(-0.0194631 -0.0487748 0)
(9.91992 0.0959873 2.02071e-17)
(0.337345 0.50479 3.87076e-16)
(-0.223809 2.60579 3.33234e-17)
(-1.53055 -1.47383 6.92191e-17)
(10.668 -0.0210132 -1.20423e-16)
(10.2403 0.125977 2.42153e-17)
(7.56944 1.51772 0)
(-0.925005 -0.0648471 5.18035e-16)
(0.88375 0.0157122 -8.21078e-17)
(-0.146584 -0.923551 -8.55079e-17)
(1.01764 0.100057 2.5211e-16)
(2.83602 1.28895 -2.60368e-16)
(8.24702 1.36829 7.0452e-18)
(-0.175723 0.199986 -1.66491e-16)
(-0.192942 -1.02337 3.33891e-16)
(10.0462 0.160323 4.30008e-19)
(4.38005 2.49759 -9.95747e-17)
(0.158329 0.494017 2.03328e-16)
(7.33054 0.314568 2.07339e-17)
(-0.448974 0.444521 -3.01118e-16)
(-0.274257 -0.448681 4.11614e-16)
(5.82576 3.20578 1.14637e-16)
(6.74913 -0.0781139 1.31405e-16)
(-0.048474 0.196154 0)
(-0.355744 4.28447 -7.73516e-18)
(-0.389174 3.06581 0)
(0.307199 -3.08924 6.43603e-17)
(-0.413679 -0.0842978 0)
(0.39463 1.15091 0)
(10.611 0.206641 0)
(0.289441 0.353095 -4.31513e-16)
(-0.124245 3.02653 -1.20301e-16)
(-0.415033 4.74631 4.43367e-16)
(0.560923 -0.942678 0)
(-0.161225 2.28041 0)
(7.54189 -0.198882 1.24299e-16)
(9.9772 0.322389 2.33938e-16)
(-0.402605 0.584714 -4.79727e-17)
(-0.269315 2.11425 -7.37645e-17)
(10.019 0.0237503 -6.33766e-18)
(10.6129 0.304994 0)
(7.44624 2.95233 6.22731e-17)
(-0.381884 4.1862 -6.84745e-18)
(0.729103 1.93863 5.35122e-17)
(0.471324 -0.583715 0)
(-0.645199 -0.284073 0)
(0.253622 1.27462 4.59139e-16)
(0.546377 -0.0183957 1.55513e-16)
(0.0901965 0.0439299 4.71727e-17)
(3.85376 0.044603 -3.68574e-16)
(-0.0942228 0.0526961 -4.27881e-17)
(-0.412591 3.30566 0)
(5.79734 0.128265 5.25186e-17)
(-0.175087 0.134268 6.17116e-17)
(0.0536993 3.28965 0)
(7.98026 1.20251 0)
(0.999625 2.31051 2.50756e-17)
(8.31631 0.598767 -2.09994e-16)
(11.217 -0.014359 2.29867e-16)
(9.94681 0.118871 1.14474e-16)
(10.6921 -0.021344 1.03916e-16)
(-1.93124 -0.766079 -1.31991e-16)
(-0.0590231 0.508576 -6.07826e-17)
(-0.510813 -4.46857 -4.78158e-17)
(-0.0320504 0.366864 0)
(-0.0868255 0.975348 1.70859e-16)
(-2.00915 5.81587 8.81299e-17)
(-0.0529473 -0.00557742 -2.95006e-16)
(-0.758825 0.241127 -1.54054e-16)
(0.154162 0.39472 0)
(1.03524 0.549508 1.95254e-17)
(1.5125 0.259368 0)
(1.61466 9.66554 -8.45129e-17)
(-1.02688 0.550831 -1.16179e-16)
(-1.06907 0.58284 3.36646e-17)
(-0.549544 0.619111 -4.4613e-16)
(-0.0936994 -0.00724975 0)
(-1.23122 0.821023 -6.89221e-17)
(0.427994 -0.285486 1.0866e-16)
(8.31023 -0.146467 0)
(-0.0332418 0.395813 -4.39049e-16)
(-0.543553 1.4109 0)
(9.81724 0.257011 2.1782e-17)
(0.97511 0.263538 -4.81404e-17)
(2.44361 0.488427 0)
(-0.191327 1.25402 0)
(1.33572 -0.0335819 -3.04238e-17)
(6.22034 0.249639 0)
(-0.326238 2.51749 -1.28824e-16)
(0.783011 0.0873774 -1.17191e-18)
(-0.431442 0.058376 2.54787e-16)
(-0.695774 -0.839106 5.15266e-19)
(0.0370664 5.76333 1.04781e-16)
(-0.115018 3.06115 -3.18184e-16)
(11.0958 -0.0173898 -2.95242e-17)
(9.91368 0.232166 1.55134e-16)
(0.3697 -0.18915 -3.51409e-16)
(-1.50921 -1.33823 -1.09137e-16)
(0.469893 -0.112413 -3.63443e-17)
(-0.317028 4.62532 3.55772e-18)
(0.357237 -0.460749 1.84724e-16)
(-0.019853 -0.676815 -8.01025e-17)
(-0.87271 0.0308658 1.53346e-16)
(9.68601 0.0565422 -6.18622e-17)
(0.890584 2.69506 -1.38068e-17)
(9.80129 0.0435548 -1.70782e-16)
(9.97456 0.658071 1.19232e-16)
(0.306428 0.974599 3.20097e-16)
(10.8655 -0.106795 -2.54289e-17)
(9.85735 0.428923 7.30421e-18)
(0.17112 3.22647 -2.07782e-17)
(0.340512 -0.370834 2.80439e-17)
(7.03459 0.581536 1.14367e-16)
(6.43224 0.380441 1.34437e-16)
(-0.195245 -1.23801 1.44823e-16)
(1.86657 0.165359 0)
(-0.0937463 1.1112 2.37261e-16)
(-0.332179 2.5149 1.18222e-16)
(-0.373653 2.92718 3.30635e-16)
(0.418852 0.63644 -3.90007e-17)
(-1.5101 5.63919 -2.8175e-16)
(1.11787 9.84484 5.38621e-17)
(-0.23394 2.74105 -9.28287e-17)
(1.0875 -0.581077 1.56225e-16)
(0.0380578 -0.0501943 4.91571e-20)
(9.98491 0.0787943 4.45743e-17)
(0.884883 0.11773 4.54331e-17)
(0.182949 1.87718 -7.11617e-17)
(-0.872374 0.0896908 0)
(-0.0225467 -0.203863 -1.4127e-16)
(-0.274912 2.11282 8.48423e-20)
(10.0312 0.146776 0)
(0.480869 0.928594 5.00371e-16)
(0.103418 0.457318 2.73573e-21)
(-0.464684 1.9429 7.25679e-17)
(0.175725 -0.0629477 1.40361e-16)
(-0.512315 1.11802 1.46437e-16)
(11.0558 0.0865443 0)
(-0.262027 -0.910263 -3.74471e-16)
(-0.423381 2.35954 5.19966e-17)
(9.8292 0.379033 -2.10453e-16)
(10.8908 0.270425 6.59521e-17)
(-0.190806 0.256641 0)
(-0.0739452 -1.17198 -1.24855e-16)
(0.0967287 -0.620103 1.87939e-16)
(-0.274986 0.270262 -1.05419e-16)
(0.387428 -0.285704 -1.78775e-16)
(0.0883838 0.577953 8.28285e-17)
(0.733169 0.0801314 -7.41019e-16)
(0.0539529 -0.519105 0)
(-0.231156 0.258543 1.77554e-16)
(-0.0309972 0.0154669 0)
(-0.785041 0.0473458 1.83718e-16)
(-0.452431 2.31047 8.3648e-17)
(-0.803503 -0.381744 -1.84217e-16)
(4.94088 2.15389 2.8546e-17)
(8.35398 1.06884 0)
(9.99364 0.219985 -6.36763e-17)
(-0.490417 0.205835 1.82786e-16)
(0.746839 0.992257 0)
(-0.413685 -1.43363 1.73668e-16)
(-0.0880966 -1.01655 -2.725e-21)
(-0.159847 0.249849 5.82951e-16)
(-0.588116 0.184404 1.27307e-16)
(9.93626 0.487485 -1.68931e-16)
(0.032844 -0.244146 -1.08628e-17)
(1.64897 -1.09688 1.44555e-16)
(9.76354 0.0270229 -1.29251e-16)
(-1.5255 2.02487 -3.01746e-16)
(-0.055726 0.518647 1.65507e-16)
(7.66495 0.0281256 2.5108e-16)
(0.509217 -0.591442 4.58373e-16)
(0.705055 -1.35773 0)
(-1.24057 -2.58325 0)
(-0.0202693 0.48527 0)
(-0.430849 -0.203062 7.82048e-20)
(0.416073 -1.24288 -4.36862e-19)
(9.83554 0.139816 -1.23596e-17)
(-0.448314 0.142152 4.51114e-16)
(0.469604 -0.542971 0)
(-0.156963 -0.0598677 -2.45038e-16)
(5.7676 0.175771 -1.11197e-17)
(0.230177 -1.53743 0)
(0.301911 -0.538325 2.02348e-17)
(0.381306 0.074593 3.90408e-17)
(-0.650825 0.0735201 1.66526e-16)
(0.868124 0.0522017 0)
(10.467 0.115099 5.19164e-17)
(0.137863 0.38218 -6.25119e-16)
(0.203622 -1.02034 -7.98523e-17)
(0.0767555 0.544176 4.19942e-17)
(-0.748842 0.269771 0)
(8.83308 0.0451236 -6.6585e-17)
(-0.722539 0.0471739 1.29326e-16)
(3.0499 4.24407 -2.17592e-16)
(0.515255 -1.19066 0)
(0.0969077 0.44428 -1.43082e-16)
(9.84235 0.675731 0)
(1.44873 -0.271971 -3.1537e-16)
(9.38914 0.304231 -7.26713e-18)
(10.2439 0.17526 -1.67828e-17)
(0.0853117 0.0212449 6.46476e-17)
(0.464589 2.09669 -1.49688e-17)
(0.666168 -0.544999 -9.11222e-18)
(0.212691 -0.568693 -2.80244e-16)
(0.766972 0.215025 -6.12388e-19)
(0.419574 0.167628 0)
(0.796904 0.112437 -4.19026e-17)
(7.29291 0.189187 0)
(-0.420615 3.18778 1.26369e-16)
(0.804887 2.99877 8.12213e-19)
(5.00666 3.95001 9.59891e-17)
(-0.750765 0.089539 -2.19319e-16)
(4.55282 -0.0152451 -8.47155e-17)
(9.833 0.0582486 1.2138e-16)
(10.246 0.0576747 -2.46016e-18)
(4.5728 0.59145 1.5025e-16)
(9.89313 0.198963 -2.67865e-16)
(0.911289 -0.535367 -7.88165e-19)
(0.00898434 0.6599 2.06302e-16)
(-0.0680479 2.6934 -2.7436e-17)
(0.199218 0.29842 0)
(4.82107 1.22051 0)
(-0.198455 -0.652056 0)
(-0.234298 1.84985 -1.36472e-16)
(0.220267 0.469247 4.65148e-17)
(6.52179 1.68907 0)
(0.185226 -0.177249 -1.41679e-16)
(-0.0156539 -0.236192 4.16919e-16)
(0.639131 3.12662 -1.62412e-18)
(0.0866561 -0.0484285 3.80475e-16)
(10.1297 0.0908483 -1.01331e-17)
(9.67526 0.0802395 3.22597e-17)
(2.51932 3.37447 0)
(0.081707 -1.33299 1.70684e-17)
(2.00333 7.71345 0)
(10.4061 -0.0237831 1.93432e-16)
(10.561 0.110975 0)
(10.549 -0.128795 -2.35665e-16)
(9.81251 0.194273 -1.36355e-17)
(-0.596945 -1.1765 0)
(-0.482859 -0.231279 8.71107e-17)
(-0.0900618 1.43162 -2.61155e-16)
(-0.437995 2.65512 -1.27499e-16)
(10.6596 0.20963 0)
(5.07202 -0.101775 -4.21067e-16)
(-0.0952276 1.54344 -1.36018e-16)
(-0.431033 2.99227 6.57921e-17)
(-0.344958 2.75438 -6.07285e-20)
(-0.356303 3.36648 -2.1715e-16)
(0.42113 0.237635 2.02205e-16)
(10.9905 0.0661422 3.57131e-17)
(9.89677 0.591124 0)
(0.838331 2.01462 0)
(5.92053 -0.0761569 1.12732e-16)
(-0.326268 -0.157665 -9.4656e-17)
(-0.0536732 1.2281 -2.63952e-16)
(0.357947 1.82232 5.24956e-16)
(-0.406673 -0.071107 0)
(-0.0359642 1.10175 -2.94718e-16)
(0.378567 0.760451 -2.58706e-16)
)
;

boundaryField
{
    frontAndBack
    {
        type            empty;
    }
    wallOuter
    {
        type            noSlip;
    }
    inlet
    {
        type            fixedValue;
        value           uniform (10 0 0);
    }
    outlet
    {
        type            zeroGradient;
    }
    wallInner
    {
        type            noSlip;
    }
    procBoundary0to1
    {
        type            processor;
        value           nonuniform List<vector> 
29
(
(-1.87215 -0.0805918 -5.60225e-16)
(-0.694068 -0.0639518 3.83329e-16)
(-1.43632 0.313657 1.99454e-16)
(-1.43632 0.313657 1.99454e-16)
(-1.36668 0.578408 -1.28511e-16)
(-1.36668 0.578408 -1.28511e-16)
(3.99414 -0.211199 9.8253e-17)
(1.79774 0.0677443 0)
(6.33497 0.106081 7.06799e-18)
(0.344484 0.149764 -1.18792e-16)
(1.27482 0.104915 -5.54972e-17)
(-2.41084 0.183982 0)
(-1.96922 0.0151713 0)
(-2.03998 -0.0413616 0)
(6.33225 -0.0851978 6.36033e-17)
(8.45947 0.0844743 8.28656e-17)
(-0.233762 0.56388 4.66356e-16)
(2.16288 0.483314 -3.22756e-16)
(-0.328059 0.219174 3.22083e-16)
(0.0273057 0.0328387 6.6475e-16)
(8.79577 0.136873 3.7401e-17)
(8.41313 0.0283079 -2.46052e-18)
(6.09471 -0.110824 8.60832e-18)
(8.00478 0.194162 -8.29101e-17)
(5.24091 0.0147804 9.64596e-17)
(2.16288 0.483314 -3.22756e-16)
(8.76511 0.147877 0)
(1.70725 -0.0218096 7.66364e-17)
(8.00478 0.194162 -8.29101e-17)
)
;
    }
    procBoundary0to2
    {
        type            processor;
        value           nonuniform List<vector> 
42
(
(-0.253424 3.05966 2.0275e-16)
(-0.495699 1.79288 -2.08556e-16)
(0.00827875 0.48101 -5.05581e-17)
(-0.00341616 0.657237 3.24126e-16)
(-0.357528 -0.836822 -9.76671e-17)
(-0.253424 3.05966 2.0275e-16)
(0.00827875 0.48101 -5.05581e-17)
(0.00192602 0.120568 0)
(-0.290132 -0.703093 1.77714e-19)
(-0.234448 -0.217578 0)
(-0.415644 -0.984341 3.94971e-16)
(-0.539462 -0.897146 5.57082e-16)
(-0.415644 -0.984341 3.94971e-16)
(-0.555837 -0.777255 -1.05797e-16)
(-0.587583 -0.436574 -8.51133e-18)
(0.0347575 3.48061 -6.02568e-19)
(-0.587583 -0.436574 -8.51133e-18)
(-0.219191 0.0188956 -5.76367e-17)
(-0.260981 -0.467255 -2.22571e-17)
(0.171675 0.614691 -1.02225e-15)
(0.171675 0.614691 -1.02225e-15)
(-0.219191 0.0188956 -5.76367e-17)
(-0.1007 0.30698 1.42919e-16)
(-0.0346007 1.16595 -2.30341e-16)
(-0.0346007 1.16595 -2.30341e-16)
(-0.258538 0.499898 -9.67243e-17)
(0.499138 1.43371 -1.83464e-18)
(-0.246463 0.549055 2.86121e-18)
(0.330847 2.89442 -1.66584e-16)
(-0.569709 1.16088 6.16636e-19)
(-0.569709 1.16088 6.16636e-19)
(-0.21484 0.496088 0)
(-0.186392 0.3619 -9.03782e-17)
(-0.158215 0.179618 9.611e-17)
(-0.117303 -0.0128297 -1.29318e-22)
(0.00827875 0.48101 -5.05581e-17)
(-0.622238 0.49901 0)
(0.0263214 0.632205 0)
(0.330847 2.89442 -1.66584e-16)
(0.00192602 0.120568 0)
(-0.0151485 -0.158943 -5.39955e-16)
(-0.0481715 -0.160592 -2.34295e-17)
)
;
    }
}


// ************************************************************************* //
