/*--------------------------------*- C++ -*----------------------------------*\
| =========                 |                                                 |
| \\      /  F ield         | OpenFOAM: The Open Source CFD Toolbox           |
|  \\    /   O peration     | Version:  v1912                                 |
|   \\  /    A nd           | Website:  www.openfoam.com                      |
|    \\/     M anipulation  |                                                 |
\*---------------------------------------------------------------------------*/
FoamFile
{
    version     2.0;
    format      ascii;
    class       volVectorField;
    location    "0.79";
    object      U;
}
// * * * * * * * * * * * * * * * * * * * * * * * * * * * * * * * * * * * * * //

dimensions      [0 1 -1 0 0 0 0];


internalField   nonuniform List<vector> 
1466
(
(-0.208891 0.23593 0)
(0.118675 -1.7642 -1.11404e-16)
(-0.858589 -0.00826777 -1.51146e-16)
(-0.0234593 0.699361 1.65479e-16)
(0.80585 -0.1102 -6.32973e-16)
(1.90438 0.142874 -4.02146e-16)
(0.162116 -0.0976747 3.14364e-16)
(-0.457141 -0.330667 4.44818e-16)
(-0.683136 1.42681 1.44439e-16)
(0.21411 0.00915652 8.76792e-16)
(-0.172688 -0.0218956 -1.71788e-16)
(0.477543 0.231241 1.72649e-16)
(-0.0617558 -0.0554344 1.06208e-17)
(0.38252 1.09344 -1.22092e-16)
(1.09797 0.141837 -2.56902e-18)
(0.0481619 0.530714 -2.70067e-21)
(-0.462681 0.126501 7.30562e-17)
(-0.0546352 0.161187 -1.87068e-16)
(0.816222 0.0566792 -1.66857e-16)
(0.139479 1.05017 0)
(-0.0599516 -0.0130389 1.59903e-16)
(0.147971 0.0340004 -3.81737e-16)
(0.970083 0.0085822 0)
(-0.200818 -1.58886 7.1592e-17)
(0.487107 1.06956 -1.79823e-16)
(-1.08786 -0.0923225 1.5661e-16)
(-1.06734 -0.0151854 1.5899e-16)
(0.701691 0.205752 3.10526e-16)
(0.166608 0.0912808 0)
(-0.764964 -0.0861484 4.31583e-16)
(0.292266 -0.47802 0)
(0.896337 0.257035 7.74006e-16)
(0.36429 0.0418904 -3.30793e-16)
(-0.84362 0.0216468 -1.07168e-16)
(-0.434246 -0.0206121 0)
(0.847125 0.122 2.7768e-17)
(-0.369757 0.0487436 4.75863e-21)
(1.0097 -0.0311742 0)
(0.629101 1.36174 -4.97426e-16)
(0.184029 0.0252174 3.40985e-16)
(0.499976 0.181255 -1.83882e-16)
(0.521319 0.226558 -1.95155e-16)
(-0.538792 1.01469 -4.35823e-16)
(-0.524322 -0.231818 2.45882e-18)
(0.728024 0.128821 0)
(-0.563005 0.666481 -2.20289e-19)
(0.847377 -0.0549146 -1.72068e-16)
(0.0155234 -0.041538 1.36546e-16)
(0.550641 0.167796 -2.72994e-16)
(-0.0346909 -0.0456923 -8.97327e-17)
(-0.891521 -0.0414034 0)
(0.16764 0.0141792 -3.5131e-16)
(0.601577 -0.210977 4.3832e-16)
(1.88097 0.0145427 4.05229e-16)
(-0.0594368 -0.0522911 4.47563e-16)
(0.428654 0.190214 -1.38579e-16)
(1.05075 0.010379 0)
(-0.341424 0.463069 2.95729e-16)
(0.237538 0.0809241 1.55227e-17)
(0.434242 0.141925 0)
(0.0986196 0.705487 -2.53211e-18)
(-0.893237 0.012272 1.09091e-16)
(0.735262 -0.30478 1.39724e-16)
(1.70831 0.049067 -4.11345e-16)
(0.40809 -1.49255 1.9459e-16)
(0.090664 1.01801 -3.71677e-17)
(0.415577 0.233735 -4.1855e-17)
(-0.089049 0.0283496 -2.08617e-16)
(0.00515463 0.614073 -1.4565e-17)
(-0.0408297 0.0168338 0)
(-1.00922 -0.185498 0)
(-0.00388788 0.587789 -7.38398e-17)
(1.00633 -0.0292889 -5.07778e-16)
(-0.11403 0.374064 -2.55469e-16)
(0.883039 -0.00371469 3.71323e-17)
(0.401314 -0.00677302 -2.16975e-16)
(-0.0956006 0.247554 6.07608e-17)
(-0.00403517 0.304041 2.26432e-16)
(0.23533 0.0317515 0)
(0.29101 0.104622 0)
(-0.921722 -0.0677939 -3.29723e-17)
(-0.196578 0.29459 2.56411e-16)
(1.04154 -0.00033409 0)
(0.579409 0.0986563 1.69336e-18)
(0.94577 -0.108487 1.88214e-16)
(0.0475648 -0.116347 -1.01826e-16)
(0.909964 -0.173112 -2.46706e-16)
(0.501349 -1.09436 1.43665e-16)
(-0.0290852 0.733308 -3.96804e-17)
(-0.626538 -0.421381 6.89846e-18)
(-0.0535204 0.771203 1.19819e-16)
(-0.594803 -0.0538955 0)
(0.0798787 0.0630301 -7.19622e-17)
(0.0268179 0.687348 2.26822e-16)
(-0.865422 -0.0220499 0)
(-0.360189 -0.0163477 -2.09937e-16)
(-0.539715 -1.39667 6.09691e-16)
(0.376335 0.134656 0)
(-0.777415 -0.902831 1.47084e-16)
(-0.0314718 0.851785 -1.85398e-16)
(0.0428086 0.00607252 0)
(0.681032 0.255521 -9.79215e-17)
(-0.824264 -0.0264899 4.00725e-16)
(-0.0929753 -0.379291 -1.69632e-16)
(0.981686 -0.0150545 0)
(-0.567467 0.889925 -2.70695e-16)
(-0.130304 0.0669239 1.89628e-16)
(1.0107 -0.0184326 -7.36709e-18)
(-0.531419 -0.861198 5.33838e-17)
(0.737656 0.81058 6.31249e-18)
(0.172247 0.0159258 2.1508e-17)
(0.406847 -0.224271 5.0555e-16)
(0.745696 -0.153424 -3.42161e-16)
(0.961445 -0.0600668 -9.81068e-20)
(-0.0548167 -0.137229 -2.1324e-17)
(-0.708664 2.3177 0)
(0.195959 1.06295 -8.22548e-17)
(0.258513 1.13023 5.7998e-16)
(-0.664284 -0.566399 3.38096e-17)
(-0.317656 0.4455 -4.23912e-16)
(-0.412001 0.0539272 1.96834e-16)
(-0.206691 0.325267 0)
(0.0624688 0.422383 -7.92545e-17)
(0.462598 -0.932791 -7.62903e-17)
(0.0137 0.655756 3.19189e-16)
(0.0147908 0.24203 -1.2646e-16)
(0.031416 0.0492169 3.04258e-17)
(-1.33335 -0.766393 0)
(0.0685622 0.103514 6.89713e-17)
(-0.382539 1.20813 -2.71454e-16)
(0.643098 -0.117187 1.23652e-16)
(-0.0526765 0.186381 -1.74942e-20)
(-0.700827 -0.213772 2.39393e-17)
(0.397343 0.265197 -6.74845e-17)
(-0.794526 -0.0947359 -9.86693e-18)
(0.164126 0.0729271 1.72908e-16)
(0.525868 0.261965 0)
(0.830519 -0.277259 0)
(0.824679 0.0382418 3.79318e-17)
(-0.158702 -0.121192 1.04095e-16)
(0.157157 0.00267645 -1.14598e-16)
(-0.633898 -0.0327597 -1.65413e-16)
(0.0424872 0.17995 7.88554e-17)
(0.160293 0.0213594 -4.87575e-16)
(0.781418 0.0778764 1.50088e-16)
(0.165401 0.270496 0)
(0.174541 -0.24327 0)
(-0.849926 -0.579556 0)
(0.264114 0.233219 7.65263e-17)
(0.986988 -0.0594133 2.43943e-16)
(0.0465943 0.159069 -1.5781e-16)
(0.105361 0.173709 4.65285e-18)
(-0.590086 -0.277543 1.32605e-16)
(-0.127858 -1.61061 -2.15283e-17)
(-0.088828 0.674608 -2.09399e-16)
(-0.610291 -0.0576387 -7.42023e-17)
(-0.00319779 0.563546 -4.12105e-16)
(0.0357835 -0.94383 1.70585e-16)
(0.130608 0.161781 -8.07396e-17)
(-0.781826 -0.510567 0)
(0.721718 0.210942 1.17172e-16)
(0.0240604 0.933923 -2.48851e-17)
(0.238649 -1.19033 2.74212e-16)
(-0.384563 0.0175417 1.92136e-16)
(0.638678 0.293458 -5.03837e-18)
(0.0805262 0.0481984 -1.71614e-21)
(-0.0721752 1.03986 0)
(-0.301538 -0.00905997 1.01056e-16)
(0.183278 1.02202 4.77351e-18)
(-1.10922 0.0404528 2.78259e-16)
(-0.240615 -0.108235 2.69912e-16)
(0.109284 -0.161071 2.63888e-16)
(0.0971846 0.101231 0)
(0.13226 0.210681 9.82543e-17)
(-1.14644 -0.0472178 -6.23324e-16)
(0.208158 -1.59999 1.69836e-16)
(0.605902 0.311326 1.64281e-16)
(0.281602 0.0829189 -2.50094e-17)
(1.06572 0.260221 -1.32248e-16)
(0.157335 0.0708223 2.47539e-17)
(-0.0451592 0.413951 -2.26533e-16)
(0.790404 -0.0335631 2.11975e-16)
(0.605669 -0.114944 -3.08407e-16)
(0.105517 0.928403 -5.36695e-16)
(0.432121 -1.33354 -3.68102e-16)
(0.343643 1.05966 5.62149e-16)
(0.760852 -0.0472354 0)
(-0.51257 2.59076 0)
(0.812376 0.0173299 -5.22386e-17)
(-0.817869 -0.900164 0)
(0.351612 -0.259096 0)
(0.073494 0.481938 1.36171e-16)
(0.0482349 0.971348 2.12647e-17)
(0.371511 -1.38997 -7.40736e-17)
(0.84038 -0.0340261 6.96466e-21)
(-0.0100427 0.423513 0)
(0.856305 -0.000595345 -4.98058e-17)
(0.847148 0.577323 -1.30101e-17)
(0.844193 0.691949 -1.24735e-17)
(0.67447 0.904608 -5.91944e-18)
(0.166516 -0.718251 -9.53298e-17)
(-0.16036 -0.135149 3.2642e-16)
(0.98972 -0.019475 -6.05761e-17)
(0.179388 1.03882 2.53182e-16)
(0.199683 0.281839 0)
(0.614996 0.191141 3.60874e-16)
(0.765614 -0.0424215 1.62602e-16)
(-0.717473 0.436738 1.35766e-16)
(0.864967 0.28212 4.89306e-17)
(0.509459 0.211242 1.09695e-17)
(0.67634 0.391121 5.28399e-17)
(0.130388 -0.91862 2.1452e-19)
(-0.0465279 -0.03103 -1.16025e-16)
(0.757594 -0.214057 -1.0526e-19)
(-0.719484 -0.704157 -7.60243e-17)
(0.777899 -0.0338222 2.69564e-17)
(-0.844732 -0.21135 -8.02734e-17)
(-0.212942 0.00609898 0)
(0.181252 1.16362 0)
(-0.058093 0.539742 -2.27547e-21)
(-0.490985 -0.0183613 1.39516e-16)
(-0.374799 0.0356324 0)
(0.143484 0.935498 6.14022e-17)
(0.791396 -0.101903 3.71833e-17)
(0.0482066 0.202051 -5.43044e-17)
(0.678196 -0.145404 0)
(0.472675 0.849553 8.02755e-17)
(0.166418 0.592256 1.28177e-16)
(-0.406977 0.0935156 2.85509e-18)
(-0.391581 1.27318 -3.79535e-16)
(0.754188 -0.32718 2.64897e-16)
(0.429064 -0.909085 0)
(-0.158971 0.479847 -1.34435e-16)
(0.42031 -0.0496838 1.6313e-20)
(1.07688 0.0496347 0)
(0.406701 0.507546 0)
(0.573571 -0.147299 0)
(-0.694797 -0.20031 -5.85158e-16)
(0.646703 -0.221546 -1.1725e-16)
(0.546976 0.923833 0)
(-0.579205 1.36007 1.50336e-16)
(0.608372 -0.211047 3.27849e-16)
(-0.536536 -0.0665024 -3.92485e-17)
(0.559619 0.269173 -7.84575e-16)
(0.59206 0.306429 0)
(-0.388063 0.0379555 -1.79709e-16)
(-0.89588 -0.0681699 -5.14063e-19)
(-0.631095 -0.00576452 3.3843e-16)
(-0.287283 0.0014658 0)
(-0.488028 0.040392 -5.55798e-18)
(-0.136065 0.503008 -8.32938e-16)
(0.0821155 0.375996 -9.7509e-17)
(0.632128 0.0969958 -1.37173e-16)
(0.497081 -0.764726 4.70843e-16)
(-0.129342 0.442962 0)
(0.134811 0.309905 1.67929e-16)
(0.621189 0.664655 -1.22256e-17)
(0.0971968 0.829394 -6.33077e-17)
(-0.414999 2.5981 9.92599e-17)
(0.283117 -0.00960324 -1.33149e-16)
(0.675746 -0.259736 -1.12452e-19)
(0.818858 -0.152641 2.61641e-16)
(0.157562 0.330217 -5.12373e-20)
(-0.748231 -0.422815 -2.47372e-17)
(1.67898 0.1647 -1.95939e-16)
(1.06778 0.0775346 -2.55242e-16)
(-0.747177 1.53768 9.6401e-17)
(0.251536 -0.45409 1.68038e-19)
(-0.170077 -0.241796 -6.90592e-17)
(-0.0409749 0.541748 -6.19824e-17)
(0.419822 0.14903 -9.83342e-17)
(-0.0796881 0.399519 6.95751e-17)
(0.753468 -0.37809 2.91685e-17)
(0.266316 0.498739 3.12911e-18)
(0.91065 -0.112559 -3.92672e-16)
(0.32607 0.121333 6.51097e-17)
(0.427568 -0.561855 1.41858e-16)
(-0.0253226 0.337651 0)
(-0.950964 -0.735128 -5.38848e-18)
(0.597361 0.264615 2.12648e-16)
(0.649725 0.618563 2.68284e-17)
(-0.302554 0.0181822 0)
(-0.579999 0.0233629 -3.18571e-20)
(-0.0731112 -0.00815267 5.18709e-18)
(-0.450715 -0.270514 -9.10198e-17)
(0.698434 -0.328064 -9.3992e-17)
(-0.115455 0.325454 0)
(-0.473287 -0.0737309 0)
(-0.817447 0.370022 2.56733e-16)
(-0.210852 -0.000511337 1.42546e-16)
(0.588321 -0.18299 -2.14555e-16)
(-0.778756 1.74276 -4.56413e-17)
(-0.161749 0.384806 -4.29843e-17)
(0.336203 0.0183115 0)
(0.613967 -0.0154516 -1.86527e-16)
(-0.301682 0.134287 0)
(-0.400655 2.34458 6.67091e-17)
(-0.326067 1.43088 2.07226e-19)
(-0.0928284 0.113486 0)
(0.0737147 0.332272 -2.21004e-16)
(-0.00702248 0.179981 -6.62229e-17)
(0.14287 -1.04531 3.55834e-16)
(0.0523659 0.0445719 -4.31681e-17)
(-0.0354988 0.335715 8.14224e-17)
(0.979088 0.218018 2.47114e-16)
(0.0768823 0.25885 -4.14182e-16)
(0.224691 0.122555 -1.70322e-16)
(0.58036 -0.0539366 -1.35732e-16)
(-0.223629 0.00329973 5.24445e-18)
(-0.0951866 2.17392 2.00936e-16)
(-0.647389 1.5323 2.97837e-16)
(-0.795477 -0.00290215 3.8896e-17)
(-0.379054 -0.0761062 -1.34381e-16)
(0.256664 0.283198 -2.50963e-16)
(0.641049 -0.00802502 6.74343e-17)
(0.077575 -0.215075 -2.50763e-17)
(0.401412 -0.416524 -2.99543e-20)
(-1.1941 -0.0919966 1.58722e-16)
(0.738448 0.00185939 0)
(-0.0192904 0.0850842 -4.04833e-17)
(0.590899 -0.114032 -3.06239e-17)
(0.159522 0.0990564 -1.83799e-16)
(0.509324 -0.104001 5.75019e-16)
(0.701212 0.043722 -1.70694e-16)
(0.0774114 0.0928274 1.81574e-16)
(-0.814726 0.0996141 -1.19421e-16)
(-0.56122 -0.020052 2.00913e-17)
(-0.940203 -0.0893782 0)
(-0.311465 -0.0646776 0)
(-0.663248 0.0346077 -1.4518e-16)
(0.61256 0.032812 0)
(0.910066 -0.014144 3.53239e-16)
(-0.491159 -0.0521266 1.90637e-17)
(-0.694023 -0.0211235 0)
(0.249695 0.0806751 -1.20646e-17)
(0.8063 0.0184896 0)
(0.176191 -0.0844547 -4.91299e-17)
(-1.06213 -0.0680404 -1.12059e-16)
(0.493659 -0.089091 -1.50018e-17)
(-0.697328 0.00664581 1.49395e-16)
(0.730782 0.0326648 0)
(0.819366 -0.0356697 -2.66717e-16)
(-0.370598 0.0929996 0)
(-0.606974 0.00600605 0)
(-1.01253 0.0434223 -1.24227e-16)
(-0.803021 -0.057193 0)
(0.793248 -0.0613295 -7.96223e-17)
(0.531524 -0.076649 8.36446e-17)
(-0.0239641 0.20457 1.08292e-16)
(-0.830234 0.460138 -2.78581e-16)
(0.624115 0.0917405 5.39003e-17)
(0.607393 -0.314662 5.20127e-16)
(0.620868 0.188434 -5.33255e-17)
(0.385229 0.0633743 -4.27642e-16)
(0.468059 0.0102634 2.46402e-16)
(0.0385807 -0.120551 -4.64526e-18)
(0.256098 -0.607741 -3.82024e-16)
(0.161326 -0.12784 3.89106e-16)
(-0.127047 2.8801 6.46679e-19)
(-0.260193 0.307563 -1.9642e-16)
(-0.852865 0.299305 0)
(0.287485 0.141207 1.87638e-16)
(0.0716564 0.0660212 2.05406e-16)
(-0.679004 -0.0454873 -2.62896e-16)
(0.055187 0.177609 3.77293e-17)
(-1.02791 -0.0298437 0)
(-0.596222 0.00352903 -2.07861e-17)
(-0.398052 -0.0717909 -1.39814e-17)
(0.753024 -0.062865 1.25839e-16)
(0.852911 -0.0249326 0)
(-0.730843 -0.0230275 1.79158e-17)
(0.342588 -0.0556064 -8.87664e-17)
(0.684301 -0.0555259 -2.48213e-16)
(0.880064 -0.00153717 0)
(-0.646156 -0.00190566 -4.14527e-16)
(0.431584 0.0673021 0)
(-0.600633 0.120716 8.4735e-17)
(0.156574 -0.249478 -7.88955e-18)
(0.851791 -0.231508 3.47959e-16)
(-0.0254951 0.163615 -2.17645e-16)
(0.77838 -0.32733 2.52908e-17)
(0.130113 0.282449 -2.66529e-17)
(0.0991582 0.285342 -7.82273e-18)
(-0.773171 -0.0152428 -7.91078e-17)
(0.0527825 0.275501 -2.35362e-17)
(-0.212709 0.396731 3.77741e-16)
(-0.376146 -0.0786219 1.02108e-16)
(-0.437379 -0.233293 0)
(0.656533 -0.320718 0)
(-0.0173628 0.226443 0)
(0.0187584 0.270209 3.50154e-16)
(0.168742 0.572378 0)
(-0.00676118 0.192703 1.34187e-17)
(-0.626113 1.00701 5.71763e-17)
(-0.174192 0.0575867 -4.2383e-17)
(0.866731 0.485085 -7.45429e-17)
(0.013416 0.0943626 1.88105e-18)
(-1.14184 -0.13948 -1.15132e-16)
(0.989183 -0.0146067 -8.78725e-17)
(0.0657805 -0.0573988 5.29384e-17)
(0.511208 -0.0556499 3.65775e-17)
(-0.546326 -0.11925 -3.63676e-18)
(-0.00649328 0.149909 -1.94589e-16)
(0.637275 -0.367914 -2.47185e-17)
(0.484444 0.0502525 0)
(-0.429534 -0.192623 2.74677e-16)
(0.166602 0.070535 -1.38061e-16)
(-0.244965 2.88575 -1.95481e-16)
(0.150142 -0.00907756 -1.02015e-16)
(0.457764 0.227182 -1.02064e-16)
(-0.453123 -0.290993 2.08929e-17)
(-0.0453723 0.250985 -3.71569e-16)
(-0.0522404 0.235797 5.67605e-17)
(0.0851351 0.31869 4.20869e-17)
(-1.04525 1.31532 -3.41861e-17)
(0.0827221 0.239701 1.519e-16)
(0.217235 0.106636 -3.33495e-17)
(-0.171839 0.517326 -9.4932e-20)
(0.0825832 0.263951 0)
(0.0870912 0.267614 0)
(-0.180107 0.433202 6.69808e-16)
(-0.00495354 0.128117 8.9477e-17)
(0.368756 0.0462742 -1.58749e-16)
(0.585043 0.0417807 5.54131e-16)
(0.515861 0.0478616 -3.36675e-16)
(0.583411 0.0664338 7.13969e-16)
(0.529297 0.0362829 -1.61406e-16)
(0.460502 0.0403741 -4.33229e-16)
(0.606445 0.0522991 -2.94023e-16)
(0.547997 0.0834757 -3.19931e-16)
(0.282449 -0.283806 -2.08374e-17)
(-0.154932 -0.30263 -4.35629e-17)
(0.187103 0.162844 4.02616e-17)
(-0.14314 -0.580853 -2.61626e-19)
(-0.282457 1.84391 -1.03485e-16)
(-0.182205 -0.261932 -1.52562e-16)
(-0.946947 0.984111 2.16732e-16)
(-0.335404 -0.377224 2.41534e-16)
(-0.700848 0.297786 3.80604e-16)
(-0.759393 0.721686 -1.67967e-16)
(-0.0994403 -1.05062 -4.69917e-17)
(0.0594275 0.205266 0)
(-0.10953 -0.827073 3.38626e-16)
(-0.399355 0.370246 3.80909e-17)
(-0.637674 0.568016 -2.06709e-16)
(-0.989359 0.982432 -2.19482e-16)
(-0.766799 1.12266 0)
(-0.744868 1.30921 2.60305e-16)
(-0.136339 0.50741 0)
(-0.264663 0.546477 6.52564e-17)
(-0.0927269 0.79508 1.91273e-16)
(-1.06679 1.34926 0)
(-0.351945 0.278439 -4.50915e-17)
(-0.0447653 0.32319 -3.67565e-16)
(-0.80952 0.584206 -7.00617e-17)
(-0.693271 0.0244212 -2.54742e-16)
(-0.86082 1.3436 -4.01565e-19)
(-1.03227 1.19272 0)
(-0.219491 -0.342118 0)
(-0.337504 0.521695 -1.03159e-16)
(-0.857475 0.621033 1.50047e-16)
(0.170559 0.202623 3.3084e-18)
(0.0421544 0.271907 3.31019e-16)
(-0.262664 0.469091 3.49366e-16)
(-0.178181 -0.748434 -6.0745e-17)
(-0.236235 -0.375307 0)
(-0.319466 -0.130221 1.59105e-16)
(-0.15164 -0.28657 -1.16999e-17)
(0.284145 -0.146493 0)
(-0.213197 0.719798 1.05126e-16)
(-0.267406 -0.438196 3.07605e-17)
(-0.490467 0.304304 -2.88175e-17)
(-0.321716 0.477859 -2.36746e-16)
(-0.424035 0.0827832 5.92756e-17)
(0.163996 0.472101 -1.04161e-15)
(0.0253746 -0.366787 -7.10184e-16)
(-0.249494 0.242287 0)
(-0.214923 0.45276 -4.53731e-17)
(0.478954 0.0399703 -1.22798e-16)
(0.673422 0.746942 2.6922e-16)
(0.266958 -0.0137129 -5.37495e-17)
(-0.141172 -0.225607 -5.35795e-17)
(0.463092 0.545901 5.28405e-16)
(-0.290956 -0.124601 -1.69039e-16)
(0.04575 -0.0656304 0)
(0.368335 0.147965 1.33059e-16)
(-0.0282264 -0.0859874 -5.62509e-16)
(-0.899948 -0.0959759 5.76098e-17)
(0.036384 0.708954 -2.40596e-16)
(0.739103 -0.0351239 -5.60337e-17)
(-0.14134 0.130551 -1.80982e-16)
(0.205079 0.287783 -9.25129e-17)
(-0.169291 -0.0189262 9.66257e-17)
(-0.90368 -0.143772 -3.83818e-17)
(-0.171542 0.272881 0)
(0.228122 0.230188 1.71186e-16)
(0.322255 1.23617 -1.04499e-18)
(-0.669433 0.242714 1.22034e-16)
(-0.176402 -0.665593 -1.29757e-17)
(-0.13302 -0.8824 1.14269e-17)
(0.39827 0.349309 1.88194e-16)
(0.105534 0.068062 1.25678e-17)
(-0.050476 0.172301 5.50654e-17)
(-0.0184067 0.28007 -5.75876e-17)
(-0.906683 -0.180501 3.871e-17)
(0.0521252 0.0730294 -1.47626e-16)
(0.631567 -0.0171034 3.75369e-16)
(-0.410654 0.483133 -1.6896e-17)
(-0.180471 0.679992 -3.47138e-16)
(-0.493343 0.50186 -8.68868e-18)
(-0.615355 1.09913 -3.52832e-16)
(-0.171059 0.399833 0)
(-0.59684 0.921041 2.35202e-16)
(-0.370815 0.473525 6.42348e-17)
(-0.295443 0.404382 -5.61061e-18)
(-0.513964 0.755915 -7.14261e-17)
(0.202267 0.387976 2.79714e-18)
(-0.168448 0.0887695 -9.44699e-17)
(-0.150478 0.371229 -5.3019e-16)
(-0.244571 0.414254 -1.8461e-16)
(-0.0823331 0.327606 9.09545e-16)
(-0.940045 1.23116 3.89347e-17)
(-0.30466 -0.443833 1.23151e-18)
(-0.272121 1.42622 2.72695e-16)
(-0.21686 0.849812 0)
(-0.0354702 0.235573 2.67854e-16)
(-0.238351 -0.606708 0)
(-0.380663 -0.237017 8.14725e-17)
(-0.0309317 0.146021 8.9729e-17)
(-0.823514 -0.165749 -4.20139e-17)
(-0.682289 -0.159111 3.25058e-16)
(0.0370316 0.0395498 -5.36026e-17)
(-0.362954 0.57739 -5.55552e-17)
(-0.271608 0.639833 1.16077e-16)
(-0.355145 0.424137 0)
(-0.528563 -0.02819 0)
(0.634734 0.271694 1.89827e-16)
(-0.365677 -0.297551 -3.03508e-17)
(-0.00557901 -0.0771714 -4.55883e-17)
(-0.0403254 0.219988 -4.44686e-16)
(-0.447289 -0.181366 3.74096e-17)
(-0.714063 0.481882 3.62282e-17)
(-0.85841 1.15298 1.99163e-16)
(-0.580592 0.132996 -1.12276e-16)
(-0.422649 0.649668 9.10197e-17)
(-0.306268 0.504505 -4.49759e-17)
(-0.610454 -0.00563882 0)
(-0.891357 1.51441 0)
(-0.84499 0.85198 0)
(0.336297 0.395404 9.84822e-17)
(0.091736 0.149208 2.87672e-16)
(1.06676 -0.00544031 -8.46581e-18)
(-0.472335 0.0431607 6.59276e-17)
(0.0917089 0.121854 8.66847e-17)
(0.0554744 0.0299643 -1.49247e-16)
(-0.960067 1.23827 0)
(0.488821 -0.284207 -1.45619e-16)
(0.14587 -0.290996 -5.79631e-17)
(0.205101 0.169228 -1.43613e-16)
(-0.821461 0.899931 -5.5488e-17)
(-0.723291 -0.20901 4.80626e-16)
(0.0747126 0.139858 1.31906e-17)
(0.0623552 0.0593696 9.51251e-17)
(-0.954257 1.86992 0)
(0.545915 0.0157642 -5.70463e-16)
(0.424758 0.0982882 -9.87237e-17)
(0.615108 -0.058608 0)
(0.270642 0.424006 4.7981e-17)
(-0.328041 0.740822 -1.01872e-17)
(-0.734131 1.46769 1.65318e-17)
(1.09842 0.0142436 0)
(-0.926001 0.230996 0)
(-0.236643 0.797869 8.78013e-17)
(0.69669 0.17753 2.18048e-16)
(-0.886325 -0.375666 -6.80069e-17)
(-0.0980389 0.717433 1.13455e-16)
(0.140174 0.284321 1.40806e-16)
(-0.897118 -0.196707 0)
(-0.392701 0.841998 -1.10725e-16)
(-0.145385 0.834579 9.02078e-17)
(0.218628 -0.00228593 -1.08624e-16)
(0.693233 0.193681 8.7965e-17)
(0.269463 0.0698682 0)
(0.024145 0.0642546 2.97527e-16)
(0.942632 -0.0256765 0)
(0.0551033 0.876932 -5.42209e-20)
(-0.453696 0.684331 -1.951e-16)
(-0.523603 0.245731 8.40394e-17)
(-0.485464 1.06559 0)
(0.244449 0.434749 1.10325e-16)
(-0.148339 0.0724131 -2.23803e-17)
(0.396626 0.133717 1.75693e-16)
(0.684146 0.034721 4.8737e-16)
(-0.864444 -0.0196629 0)
(0.174091 0.422937 0)
(-0.197022 0.200399 -8.36393e-17)
(0.273583 0.185597 -8.75777e-17)
(0.114612 0.124191 -1.21165e-17)
(-0.780762 1.08943 0)
(0.0609497 0.0213427 -1.91913e-16)
(-0.260669 0.799539 1.22229e-16)
(0.279366 0.349814 -1.80786e-16)
(0.0260905 0.245202 -3.683e-16)
(-0.863141 -0.124721 3.66127e-16)
(-1.05804 -0.144675 1.73084e-16)
(0.397552 0.206285 2.87007e-16)
(0.263381 0.133898 0)
(-0.662249 -0.2326 -1.55611e-16)
(-1.09211 1.48093 -2.65024e-19)
(-0.658163 1.82881 2.98519e-16)
(0.138985 0.0909147 -1.22597e-17)
(-0.536664 1.69955 6.92425e-17)
(0.262592 0.547537 2.67553e-16)
(-0.360257 2.7071 -2.61572e-16)
(0.0555109 -0.0114391 0)
(-0.864645 -0.189268 -1.59887e-16)
(-1.02542 1.60444 -6.87064e-18)
(0.20713 0.99566 -5.30798e-16)
(-0.644755 0.136908 -9.47425e-20)
(0.263573 0.0576368 -1.88864e-16)
(-0.145672 0.343789 -1.86004e-16)
(0.613235 -0.0294787 -1.44854e-16)
(0.196338 -0.253095 -4.01497e-19)
(0.516705 0.0185636 0)
(-0.561998 0.359366 0)
(-0.122235 0.58963 -1.36494e-16)
(0.276701 0.0272909 -1.12669e-16)
(0.46061 0.386723 -5.47594e-17)
(0.53147 -0.0237975 -9.33483e-17)
(-0.370298 0.201489 -9.60759e-17)
(0.123717 0.375266 0)
(-0.818355 1.87388 -1.35403e-17)
(-0.891321 -0.0260169 -2.07357e-17)
(-0.400663 -0.0411959 2.33393e-17)
(0.14576 0.146353 8.37961e-17)
(0.259216 0.0795557 2.56904e-17)
(0.0571718 0.118146 0)
(-0.606636 0.394152 5.92461e-18)
(0.186223 0.335161 -8.57519e-17)
(-0.256002 0.314091 8.12609e-17)
(0.476958 -0.0296689 0)
(-0.610386 0.126291 2.65869e-20)
(1.06156 0.00787489 -6.41066e-17)
(-0.884054 0.46733 -1.94843e-16)
(-0.48065 -0.0865933 3.48291e-17)
(0.609004 0.309044 0)
(-0.888064 -0.047956 -3.25064e-16)
(-0.919967 0.626377 -2.76798e-16)
(-0.895311 2.18515 1.34861e-16)
(0.421239 -0.0441811 0)
(0.260731 0.233526 -4.52878e-17)
(-0.339804 0.629801 0)
(0.395799 0.0652551 0)
(-0.973341 0.877256 0)
(-0.00505875 0.253177 -7.76602e-17)
(0.148658 0.350847 2.62114e-16)
(-0.434123 1.02764 1.01981e-16)
(0.0346905 0.137924 1.10765e-15)
(0.379442 -0.0491371 -5.28994e-17)
(-0.894633 -0.0361716 -2.68272e-18)
(0.0378993 0.445198 -5.6781e-22)
(-0.715297 0.732712 -4.86434e-18)
(0.664542 0.225194 -2.09523e-16)
(0.163671 0.197671 1.45044e-16)
(-0.236117 0.963815 1.19202e-16)
(-0.440167 0.0954769 -8.33257e-17)
(0.112534 0.538724 1.55292e-16)
(0.487067 -0.294327 -4.10575e-16)
(-0.491865 0.588989 0)
(0.455212 -0.0387784 -8.45208e-18)
(0.367084 -0.0234809 3.99908e-17)
(-0.436405 0.150831 1.00108e-16)
(0.200786 -0.0312021 1.06724e-16)
(-0.881647 -0.113405 1.51338e-16)
(0.0329646 0.11427 -2.13438e-16)
(0.572335 0.0756322 -1.19041e-19)
(0.269985 0.160476 -1.95301e-19)
(-0.554366 0.449628 0)
(-0.563109 0.402162 0)
(-0.0218935 0.220861 4.37677e-17)
(0.260751 -0.0540282 1.87807e-21)
(-0.349564 0.384071 1.79589e-16)
(0.863298 -0.0208797 0)
(-0.86579 -0.0627561 1.23685e-16)
(0.460256 0.119467 0)
(-0.602553 -0.118975 0)
(-0.51643 0.446704 7.38501e-17)
(-0.611931 -0.0984721 -1.53367e-16)
(-0.7243 -0.0489178 -4.46253e-17)
(0.244257 -1.01959 -4.17183e-17)
(-0.0739625 0.721557 9.18078e-17)
(0.387246 0.0512965 -1.32438e-17)
(-0.879378 0.20495 2.45282e-16)
(0.12719 0.234453 1.27967e-16)
(-0.0543056 -0.799512 -1.67536e-16)
(0.508335 0.40073 3.82857e-17)
(0.608063 0.264926 1.00233e-16)
(0.475436 -0.338496 -1.82616e-16)
(0.382411 -0.0722771 9.76213e-17)
(0.0842718 0.186273 -2.29635e-16)
(-0.433516 0.961562 2.11208e-16)
(-0.849787 -0.112292 -1.61488e-16)
(0.546871 0.0957533 9.98053e-17)
(-0.727382 0.338141 1.92985e-19)
(0.0361703 0.232632 1.33932e-16)
(-0.424339 -0.124286 -3.12189e-17)
(0.14706 0.135658 0)
(-0.249165 0.193031 0)
(-0.31111 0.906127 -2.31084e-16)
(0.222369 0.16619 8.91174e-17)
(-0.314127 0.38325 -1.7253e-16)
(-0.193518 0.0262373 1.11494e-17)
(0.980059 -0.0192158 2.54587e-17)
(0.252791 0.224227 0)
(-0.0585849 0.31678 1.84545e-16)
(-0.00312937 0.144819 0)
(0.553183 0.171097 0)
(-0.592171 1.4575 -9.35034e-17)
(0.429039 0.19104 0)
(-0.968188 0.0505613 -3.14976e-16)
(0.194422 0.0154968 5.70858e-16)
(0.133236 0.225068 1.01513e-16)
(-0.490703 0.116398 -8.2675e-17)
(0.0571299 0.113166 -8.94605e-17)
(-1.09116 1.62597 -1.4693e-16)
(0.489884 -0.225008 -2.51239e-16)
(0.234792 0.0244913 2.06847e-16)
(0.515465 0.724627 -1.37468e-17)
(-0.663779 0.17844 -2.61484e-16)
(0.862492 0.07521 -1.19534e-16)
(0.156889 0.654242 6.66521e-17)
(-0.527662 -0.121385 0)
(-0.00998092 0.254502 -2.46209e-16)
(0.0420949 -0.00194397 1.05032e-17)
(0.0612122 -0.00752781 -3.89383e-17)
(-0.959532 1.69103 -2.35374e-19)
(0.0426759 0.0125796 -1.08539e-17)
(0.095784 -0.0140126 0)
(-1.16649 -0.109556 -2.36663e-16)
(0.0349142 0.499044 0)
(-0.536522 -0.0617124 3.84431e-16)
(0.0705976 0.032116 -8.72504e-17)
(0.131295 -0.0391787 0)
(0.0479015 0.631481 7.42915e-16)
(0.0842144 -0.781026 1.74336e-16)
(-0.464537 0.348892 -2.9898e-16)
(0.120717 0.103111 -4.3442e-16)
(-0.85441 -0.148322 2.51328e-17)
(-0.316292 -0.127826 0)
(0.596079 0.324584 2.58604e-16)
(-0.877296 -0.220661 7.73043e-17)
(0.635928 0.0614301 1.52283e-16)
(-0.308739 0.0564996 1.43624e-16)
(0.0880799 0.155496 5.06283e-17)
(0.0973517 0.0622476 4.40574e-17)
(-1.00422 -1.10391 -5.15217e-19)
(-0.246192 2.50012 -1.49591e-20)
(-0.320927 1.2477 0)
(-0.838223 -0.363631 4.41827e-17)
(-0.0540564 0.289161 0)
(0.410988 0.0736552 -1.29078e-19)
(-0.734339 -0.130228 4.52052e-22)
(0.29313 0.0280721 5.32496e-17)
(0.197073 -0.254768 -1.356e-16)
(0.0651515 0.23263 0)
(0.0828758 0.748436 -6.92041e-17)
(0.458163 0.158949 -3.59944e-16)
(0.524174 0.069655 -3.10456e-16)
(-0.863579 -0.222279 0)
(-0.804822 -0.044048 -1.37573e-20)
(0.43654 0.0737332 -1.82989e-16)
(1.45669 0.41636 4.62157e-16)
(1.02463 0.0378121 5.08998e-16)
(0.789392 -0.0229649 -4.19951e-16)
(0.35088 0.0434578 -2.18597e-17)
(0.277364 -0.176081 1.8883e-16)
(0.127026 0.180284 -3.29393e-17)
(0.596746 0.311248 -1.84616e-16)
(0.0900213 0.178532 5.02932e-21)
(0.335513 0.358352 1.17586e-16)
(0.277619 2.15302 6.26086e-16)
(-0.729659 0.306585 2.42e-20)
(-0.178206 -0.0427696 0)
(-0.0808412 0.100655 8.93977e-17)
(0.229283 0.0905613 3.95105e-21)
(0.595428 0.0201551 -1.08712e-16)
(-0.839045 0.271139 -8.14961e-17)
(-0.314804 -0.0563271 4.23306e-17)
(-0.435817 -0.0054029 -2.783e-16)
(0.0514183 0.667128 1.16535e-16)
(-0.350718 0.166726 -8.88294e-17)
(-0.0248089 0.272723 1.58096e-16)
(0.248534 -0.0293425 2.13746e-16)
(0.0528121 0.586959 3.10925e-16)
(0.349443 -0.58438 -2.24196e-16)
(0.467518 0.235377 -4.50651e-16)
(-0.286641 2.441 -2.59374e-20)
(-0.644406 -0.0550174 1.8521e-20)
(0.264165 0.0491011 2.95913e-16)
(0.0584214 0.814737 -2.50689e-16)
(0.0279908 -0.775828 0)
(0.118085 0.0104422 3.20161e-16)
(-0.811512 0.13773 -8.84422e-17)
(-0.80071 -0.0126446 3.74256e-17)
(-0.814032 -0.327419 2.46013e-17)
(-0.86362 -0.11027 3.93392e-17)
(-0.884601 0.959131 1.05793e-16)
(1.04903 0.00253361 -1.08471e-16)
(-0.815499 0.357019 8.24194e-17)
(0.264264 0.272999 2.69385e-16)
(-0.0622139 3.1019 -3.14403e-16)
(-0.117113 -0.0377769 -2.20503e-17)
(-0.434275 0.0881048 -3.51745e-16)
(-0.929761 0.751109 0)
(0.159098 0.979339 -6.85529e-17)
(-0.120986 0.584742 -8.20869e-20)
(-0.0326778 0.59731 -7.0618e-17)
(-0.655228 -0.0323638 -4.00694e-17)
(-0.0589189 -1.22146 -2.61144e-16)
(-0.129531 0.715037 6.79079e-17)
(0.104729 2.97834 -1.56114e-16)
(-0.51857 0.362043 -2.72725e-18)
(0.089424 0.305553 -8.08841e-17)
(0.136614 0.197998 8.88167e-17)
(0.833922 0.0134358 0)
(0.830923 -0.000589211 0)
(-0.324921 -0.942574 -3.96939e-18)
(0.417013 -0.256902 -4.17918e-16)
(-0.115978 -0.123261 2.46343e-16)
(-0.883451 -0.044223 0)
(0.0824095 0.243839 0)
(0.0370175 0.264291 -1.92347e-17)
(-0.582983 0.268456 -8.55022e-17)
(-0.246839 -0.0369608 1.34864e-16)
(-1.06857 0.0681272 1.37661e-16)
(-0.329623 0.0288063 1.01989e-16)
(0.27212 0.30866 -9.09263e-16)
(0.193386 0.106521 0)
(0.245365 0.664671 -1.05331e-16)
(0.00408672 -0.427652 -6.85931e-17)
(0.0335646 0.000743613 0)
(0.0872451 -0.156788 -1.76381e-16)
(0.636113 0.0800654 -2.48308e-16)
(-0.184467 1.09986 6.51525e-16)
(0.278756 -0.0674481 -1.15164e-16)
(0.141234 0.245091 -2.38157e-16)
(0.545645 0.235807 0)
(0.533171 0.280708 0)
(0.0290564 0.545877 1.52516e-16)
(0.165201 0.220551 -7.85679e-17)
(-0.857678 0.565199 1.52708e-16)
(0.143786 0.120571 0)
(0.0877864 0.0208547 9.55616e-17)
(-0.941794 0.747035 4.1833e-19)
(0.907035 0.00485692 0)
(-0.848709 -0.129742 0)
(0.064854 0.289766 5.21091e-17)
(-0.790496 -0.151898 0)
(-0.957699 -0.387326 2.52534e-17)
(0.301699 0.0718609 1.63627e-16)
(-0.398635 0.836847 1.75269e-16)
(0.422609 -0.134318 3.68038e-16)
(0.169978 -0.609496 -9.57925e-17)
(0.0751438 -1.60372 -1.83999e-16)
(0.189498 0.220845 1.91517e-16)
(0.26731 0.230347 0)
(-0.0729001 0.557671 -7.95076e-17)
(-0.433004 0.103604 1.87845e-16)
(0.305434 0.0411486 0)
(-0.452008 0.116362 -1.47505e-16)
(-0.849201 -0.0382351 0)
(-0.375206 0.0293831 -2.49676e-16)
(-0.924111 0.521657 0)
(-0.532023 -0.0675914 -1.99111e-16)
(-0.826452 -0.0998109 4.55126e-18)
(0.358907 -0.159365 1.31757e-16)
(-0.192181 0.406865 8.318e-16)
(0.350768 -0.862107 0)
(0.0497593 2.62361 1.61611e-18)
(-0.089387 0.451371 1.88598e-16)
(-0.289216 0.230702 -1.93475e-16)
(-0.87666 -0.0144489 3.6635e-17)
(-0.541353 -0.0155372 -1.23571e-16)
(-0.705321 -0.237263 1.62052e-16)
(-0.159204 0.379898 4.55876e-17)
(-0.871963 -0.198878 4.79281e-18)
(-0.369635 -1.56348 -5.17956e-16)
(0.16245 0.343733 -1.67583e-16)
(0.00600963 0.438523 2.7598e-16)
(0.635041 -0.182437 3.1199e-16)
(0.344306 -0.132907 -1.01589e-16)
(0.352956 -0.111727 -8.84474e-17)
(-0.27508 0.11454 -7.40251e-17)
(0.26217 0.157261 4.08072e-16)
(-0.790959 0.0262856 1.72121e-16)
(-0.534525 2.29536 7.92885e-17)
(-0.946187 -0.151314 0)
(-0.959688 -0.0971975 0)
(-1.01521 0.143513 -1.36229e-16)
(0.717285 0.134474 2.74708e-16)
(-0.458448 -0.298208 -3.18563e-17)
(-0.570374 -0.0916178 -2.77273e-16)
(0.0169001 0.190471 7.61172e-18)
(-0.344027 0.462581 -7.54915e-17)
(0.36354 0.0774985 5.7729e-16)
(-0.0941846 -0.211691 1.09043e-16)
(0.312889 -0.067754 4.44138e-17)
(1.09877 0.00417147 0)
(0.524547 0.300218 1.59931e-16)
(-0.854803 -0.0826777 0)
(0.31827 0.574878 0)
(-1.0856 -0.145063 -3.4042e-18)
(0.225837 0.436063 0)
(0.756209 0.0275877 0)
(0.0550693 0.176138 0)
(0.0196749 -0.0276915 0)
(0.404666 0.124292 -6.3581e-16)
(-0.0639381 0.7121 -2.09097e-16)
(0.385479 -1.09217 -1.41187e-16)
(0.259691 0.318909 -4.18597e-18)
(0.464629 -0.623651 -4.82289e-16)
(-0.186101 0.342309 -3.98302e-16)
(-0.397783 1.08576 2.64314e-16)
(0.0991438 -1.03489 -5.13816e-16)
(-0.990577 1.02258 2.83858e-16)
(0.169198 1.01524 6.96297e-17)
(0.144355 0.0206716 0)
(0.073743 0.130383 0)
(0.000813963 0.221543 2.4064e-16)
(-1.20222 -0.0185233 7.06868e-16)
(-0.224177 0.357626 3.40469e-16)
(0.421266 -0.769771 0)
(0.52388 0.0716153 0)
(-0.0351995 0.628471 1.873e-16)
(-0.311529 0.00884847 2.29932e-17)
(-0.962264 2.0315 -1.21689e-16)
(0.296551 -0.0290414 -1.30747e-16)
(0.123098 0.435814 -3.34952e-16)
(-0.229764 0.0668024 -3.01983e-18)
(-0.000382077 0.180687 3.56706e-17)
(0.0232835 0.241713 -1.21775e-17)
(0.0816883 0.436089 0)
(0.0574187 0.330375 -5.05222e-17)
(0.135538 -1.35123 0)
(0.141729 -1.05146 0)
(0.0714951 -1.56113 0)
(0.000102264 -1.59764 0)
(-0.0129331 0.141026 0)
(-0.0390005 -1.57398 0)
(-0.0793511 -1.50573 0)
(-0.010326 0.109915 -2.40403e-17)
(-0.00513073 0.0871746 -2.35554e-17)
(0.00616164 0.0694863 2.40213e-17)
(-0.488567 -0.478014 1.54467e-17)
(0.0209293 0.0366691 1.2524e-17)
(0.0162119 0.00253765 3.18346e-18)
(0.531953 0.135451 6.2406e-16)
(-0.159617 -0.074642 -9.73719e-17)
(0.429421 0.2732 0)
(0.890474 0.0159364 0)
(-0.110812 -1.36306 0)
(0.0473511 -0.204564 7.73218e-18)
(0.125402 0.261976 0)
(0.14934 0.456617 1.48079e-17)
(-0.115309 0.487008 -8.58084e-17)
(-1.13815 -0.106565 -1.89609e-17)
(-0.928426 1.06133 0)
(0.015671 0.665285 1.97035e-16)
(-0.896311 -0.048419 0)
(-0.00383172 -0.00752193 -1.44026e-16)
(-0.1168 -0.114237 -1.96689e-17)
(0.108815 0.0380933 -3.43815e-16)
(0.0228145 0.736165 -2.69626e-16)
(-0.943621 -0.124157 1.42925e-17)
(-0.0995585 0.351212 2.13799e-16)
(-0.10751 0.071194 3.35968e-17)
(0.282565 0.161288 1.19943e-17)
(0.352317 0.306639 0)
(-0.13075 -1.18267 0)
(0.120077 0.684695 2.38531e-17)
(-0.955579 0.870926 -3.15478e-16)
(0.235532 0.514007 -1.06998e-16)
(-0.180007 2.77023 4.7e-16)
(-0.831532 1.60508 7.33942e-17)
(0.209224 0.0192071 -1.91599e-16)
(-0.89984 -0.0192001 -3.72366e-17)
(0.230258 -0.00681602 2.81542e-16)
(0.778848 0.0760651 1.26777e-16)
(0.60375 -0.133014 2.32266e-16)
(-0.2952 0.427308 5.21013e-16)
(-0.446318 -1.60569 -1.14791e-16)
(0.266726 0.366406 -6.95237e-17)
(-0.126494 -0.320522 0)
(-0.141054 -0.965775 -7.66321e-17)
(-0.906857 0.635243 0)
(-0.984944 -0.163921 0)
(0.000132186 0.657582 0)
(-0.217555 1.0702 -3.46652e-16)
(-0.591862 1.25418 9.70326e-17)
(-0.75488 2.05386 3.88209e-17)
(-0.124109 -0.525715 0)
(-0.134915 -0.740565 7.79709e-17)
(0.439466 0.0476482 2.18796e-16)
(0.0657327 0.0065907 1.0279e-16)
(0.533201 0.294983 -3.40187e-20)
(0.27267 0.943464 -6.36958e-16)
(0.140511 0.865776 -2.85442e-17)
(-0.439515 1.15863 0)
(0.329413 0.697731 -6.55076e-17)
(-0.0297715 -0.130882 -1.03709e-16)
(-0.180816 0.0822957 0)
(-0.0672483 0.523747 7.94771e-17)
(-0.0178061 0.687144 0)
(0.0233605 0.20353 -1.76073e-16)
(0.441834 -0.155539 -1.499e-16)
(0.946947 0.0183523 0)
(0.368177 0.0902429 2.51055e-16)
(0.46955 0.317906 4.22746e-17)
(0.294801 -0.0225884 2.14065e-16)
(0.232243 0.311844 3.06306e-16)
(1.05494 -0.000906453 4.8137e-18)
(0.0131425 0.709276 1.94514e-16)
(-0.140388 0.420617 0)
(0.131166 0.409512 0)
(-0.538607 0.152599 1.25285e-16)
(0.765709 0.166126 0)
(0.527536 -0.00913175 4.66653e-16)
(0.443463 0.205128 -2.90126e-17)
(0.961651 0.0334684 -6.34375e-16)
(1.38938 0.305964 -8.80797e-19)
(0.25693 0.0025382 3.64686e-16)
(-0.840444 -0.185045 -1.14215e-20)
(-1.04886 1.60305 0)
(0.916652 0.0356518 2.33171e-16)
(0.0453372 0.772488 2.41694e-16)
(0.181547 0.37775 -8.6132e-16)
(-0.541837 2.08255 -2.59991e-16)
(0.469431 -0.120397 -3.40819e-16)
(0.569663 -0.286331 -2.222e-16)
(0.723363 0.183558 5.5359e-17)
(0.246125 1.81806 -1.3009e-16)
(0.345019 -0.0884489 2.16235e-17)
(0.186917 -0.279037 -7.29382e-17)
(0.520914 -0.158244 -9.86986e-18)
(0.381643 0.164015 0)
(0.151928 0.0618715 1.0777e-16)
(-0.857205 -1.42857 -2.65552e-16)
(-0.0213764 -0.185596 1.07739e-17)
(0.341674 0.16522 -8.99748e-17)
(0.37316 0.0317322 -2.5354e-16)
(0.549391 0.295736 0)
(-0.870994 -0.0345618 8.8494e-17)
(-0.74619 -0.181145 3.4978e-16)
(-0.877848 1.50658 -4.76277e-16)
(0.204028 0.0633432 0)
(0.13296 0.257781 0)
(-0.0708227 -0.290996 -3.01003e-17)
(-0.749451 -0.133031 0)
(0.0434883 0.110464 0)
(-0.133673 -1.1509 2.6681e-17)
(-0.669862 2.22494 -1.48556e-16)
(-0.043667 0.73178 0)
(-0.631497 0.216371 8.26664e-17)
(0.0171483 -0.062483 1.22909e-17)
(0.253783 -0.134958 2.62921e-16)
(0.555845 0.0720863 0)
(1.0775 0.00824486 6.6013e-17)
(-0.641894 2.1422 -2.50391e-16)
(0.81195 0.127539 0)
(0.584128 0.213675 0)
(0.336774 -0.0794501 5.02265e-16)
(0.998874 -0.00429214 -5.89167e-17)
(0.43636 -0.0422486 -4.86049e-16)
(0.647009 0.174775 -1.5005e-16)
(-0.555487 2.50135 0)
(-0.0538083 0.0173759 0)
(0.809848 0.120937 1.0916e-16)
(-0.795522 -0.128091 0)
(-0.852097 -0.039253 0)
(-1.11681 -0.243469 0)
(0.551137 0.0323363 5.60022e-16)
(0.805817 0.0510023 0)
(0.809103 0.0436655 -3.25516e-16)
(-0.949717 0.413681 2.53195e-16)
(-0.814002 -0.203227 -3.60919e-17)
(0.615697 0.17221 -1.39217e-16)
(-0.663993 2.45333 0)
(0.618001 0.125647 -2.53898e-17)
(-0.876523 -0.106868 -3.08055e-17)
(-0.0155009 0.0954904 -4.66599e-17)
(-0.719947 0.0974056 2.12146e-16)
(0.162424 0.0798611 -3.72156e-16)
(-0.213677 -0.139625 4.18381e-17)
(-0.951454 2.11435 6.73679e-17)
(0.0652406 -0.152069 0)
(0.00630256 0.740719 -1.06672e-16)
(-0.775882 -0.34643 0)
(-0.793975 -0.0288206 1.86888e-16)
(0.342316 0.306475 2.03764e-16)
(-0.813936 -0.230758 -2.70067e-16)
(-0.011438 0.746211 2.39407e-20)
(0.956662 0.0213306 4.18668e-18)
(-0.134498 -0.148685 -1.93399e-16)
(-0.239281 0.977692 3.01334e-16)
(-0.543733 0.115513 3.16406e-16)
(0.750244 -0.247171 -2.40834e-16)
(0.0107844 -0.0885637 4.77918e-17)
(0.7387 0.048463 0)
(0.863185 0.0946665 -1.51039e-16)
(-0.0986529 0.239079 0)
(-0.958789 -0.0339402 -2.03738e-16)
(0.265092 0.030372 0)
(0.26728 -0.244795 -1.89469e-16)
(-0.282594 0.213315 -3.03818e-16)
(-0.991198 0.27064 -1.43979e-19)
(-0.0152635 0.718107 -7.65338e-17)
(0.094292 0.94121 -2.8625e-18)
(0.203441 -1.34503 -1.55709e-16)
(-0.380753 0.0652893 -9.39112e-17)
(0.919123 0.0596451 2.36527e-16)
(0.906551 0.0129735 0)
(-0.622445 -0.0190504 4.05386e-17)
(0.0138865 0.328313 3.42945e-16)
(-0.720446 0.351608 -1.01793e-17)
(0.854996 0.0169107 4.5892e-22)
(0.273794 -0.0722152 0)
(0.688622 -0.0895066 4.1825e-16)
(-0.664426 -0.0866712 -4.83764e-18)
(0.927898 -0.0487789 7.68346e-18)
(-1.05286 0.0995436 -2.73493e-16)
(0.205872 -0.0737196 -1.07767e-16)
(0.553644 -0.184406 -2.4653e-16)
(0.725889 -0.392782 3.86595e-18)
(0.0605725 0.448168 0)
(0.262948 -0.106455 -1.96274e-17)
(0.627828 -0.152642 1.79438e-17)
(0.143303 0.258283 8.36223e-17)
(0.0190437 0.713852 4.06562e-17)
(-0.00918366 0.188451 0)
(-0.981093 -0.176846 1.64749e-16)
(-0.0849266 0.396304 -8.4e-17)
(0.301399 0.111281 0)
(0.104962 -0.0321295 -8.44349e-17)
(-0.620024 0.534296 2.21592e-16)
(-0.0394145 0.0140222 1.33891e-16)
(-0.214424 -0.158832 0)
(0.0158759 -0.111183 -4.66242e-17)
(-0.267404 -1.42644 0)
(0.312423 0.141626 -5.25613e-16)
(-0.372898 -0.229062 0)
(-0.248564 0.0704568 0)
(0.0468788 0.721867 2.93619e-16)
(1.04676 0.0113365 0)
(0.0560614 0.161726 -2.15702e-17)
(0.479344 0.0809661 -1.10573e-17)
(-0.198206 0.379407 -1.55214e-16)
(0.281877 0.0857985 9.18603e-17)
(0.174341 0.00269569 0)
(0.147963 -0.492099 -3.01339e-16)
(-1.08332 0.168936 4.09693e-17)
(-0.882237 -0.0416134 -3.04607e-17)
(-0.0392321 0.833981 -9.15052e-17)
(-0.959147 1.8245 -1.98722e-16)
(0.985127 -0.024083 2.94092e-17)
(0.170881 0.210911 3.66133e-16)
(-0.731757 -0.324344 -9.77473e-17)
(-0.0373773 -0.126224 1.07844e-16)
(0.0724052 0.613075 -6.85837e-18)
(-0.83488 0.269398 -2.51922e-18)
(-1.00089 -0.110225 -1.26237e-17)
(0.0212906 0.657981 9.60154e-17)
(-0.93517 -0.0842951 0)
(-1.01865 1.95788 0)
(-1.00137 0.248192 0)
(-0.0505218 0.6188 8.39879e-17)
(0.330286 -0.238832 1.58813e-16)
(1.1932 0.290804 -4.77732e-16)
(-0.601694 -1.0997 3.33145e-18)
(0.128833 0.794895 -2.01474e-17)
(-0.347128 0.462639 -5.18129e-17)
(-0.596305 -0.208531 0)
(0.636129 0.231288 8.54618e-17)
(-0.144568 0.37651 2.36356e-16)
(0.145229 0.876623 0)
(0.725338 -0.00435766 0)
(0.038268 -0.0622829 0)
(-0.280309 0.427658 -3.88929e-16)
(-0.123976 -1.69096 0)
(-0.00247753 0.942141 -3.14201e-16)
(-0.177373 -1.79534 -1.46864e-16)
(-0.49274 -0.00172485 0)
(0.67643 -0.398569 -1.25702e-17)
(0.301818 0.786209 -4.46779e-17)
(0.0045319 0.734346 1.88337e-17)
(-0.20449 0.122674 5.03573e-17)
(-0.375576 2.18823 1.90472e-16)
(-0.19963 1.17576 0)
(0.00641431 0.702217 0)
(-0.016079 -0.0870848 9.433e-23)
(0.510141 0.159076 1.07388e-15)
(0.672678 -0.352692 -6.63915e-17)
(-0.799473 -0.108162 0)
(-0.504073 0.668035 5.45317e-16)
(0.0440524 -0.18725 3.5588e-16)
(-0.290245 0.296961 0)
(0.356501 -0.587868 -4.62259e-16)
(1.03432 -0.00672069 2.23259e-20)
(-0.505372 1.56806 1.83565e-16)
(-0.823837 -0.159402 0)
(-0.788564 2.31796 0)
(0.298804 0.0720856 -2.68067e-16)
(-0.693004 -0.271478 -3.94711e-17)
(-0.716111 -0.157721 -3.72308e-16)
(-0.303831 -0.709465 0)
(-0.832498 2.21149 -1.15197e-16)
(1.08183 -0.00666651 1.01417e-17)
(0.360272 0.0487811 -3.08282e-16)
(0.0388789 0.376158 1.43362e-16)
(0.291687 0.0516256 1.77715e-16)
(-0.0731241 -0.0212406 0)
(0.333851 0.02762 7.43452e-17)
(0.140391 -1.20941 -1.34519e-16)
(-0.311464 -1.72822 -6.66023e-17)
(0.606109 -0.371258 5.31388e-16)
(-0.678937 -0.156622 0)
(0.00219779 0.699926 -8.59432e-17)
(0.0266964 0.682107 -4.43669e-17)
(-0.133223 1.22202 3.86205e-16)
(-0.638291 1.39094 -3.62602e-16)
(-0.0198065 0.16696 -9.13856e-17)
(0.429083 -0.284882 9.28949e-17)
(0.702262 -0.138494 2.91763e-17)
(-0.107741 -0.0986321 -1.31966e-21)
(-0.592061 -0.101307 -2.45054e-17)
(0.113492 1.10458 -2.08836e-16)
(0.0965267 0.254042 1.49465e-20)
(-0.908207 -0.0805615 0)
(-0.841953 0.223337 6.05704e-17)
(-0.236128 0.114804 -1.80249e-16)
(-0.725749 0.0276813 2.98411e-16)
(0.598764 0.0261616 -3.82295e-16)
(-0.109396 0.533589 2.76289e-16)
(-1.05741 1.86069 -1.54035e-16)
(-0.393857 1.20511 -2.89351e-16)
(0.0890348 0.65809 -1.68201e-16)
(-0.455442 1.87536 -1.1063e-16)
(-0.345982 0.334978 0)
(0.298154 -0.334112 -2.06776e-17)
(-0.893347 -0.0223445 1.69129e-17)
(0.272055 -0.251261 2.15677e-16)
(0.541278 0.166568 7.81324e-17)
(-0.0715751 2.32545 -4.30931e-16)
(0.126849 0.239828 -8.1658e-17)
(0.0128473 -0.682761 0)
(-0.0883848 0.381785 -1.82451e-16)
(0.1387 0.360819 8.37415e-17)
(0.115487 0.0200317 -1.59172e-20)
(0.0945356 -0.980631 -1.60358e-16)
(0.0560307 0.273446 9.99909e-17)
(-0.453834 -0.0385539 1.61131e-16)
(-0.0135484 -0.0142831 -6.8468e-16)
(0.174675 -0.0117881 -1.22302e-16)
(-0.884341 -0.185262 -7.20858e-17)
(0.569568 0.231376 -1.0349e-20)
(0.482551 0.108749 0)
(0.135497 0.271532 3.29739e-17)
(-0.270328 0.0435882 -1.11534e-16)
(0.246144 0.0444443 0)
(0.0662271 -0.71939 0)
(0.0745867 0.488244 0)
(-0.219929 0.0948506 0)
(0.0643377 0.782579 -9.02383e-17)
(0.287302 0.0208642 -5.56881e-16)
(0.794953 -0.207816 3.03419e-16)
(-0.0427534 1.34051 -1.95372e-16)
(-0.734922 1.48606 5.27873e-16)
(-0.78223 1.62201 0)
(0.195913 0.0471413 0)
(1.0292 -0.00769997 2.97726e-16)
(0.864972 0.324385 0)
(-0.87352 -0.0834675 -5.64754e-17)
(0.61073 -0.111892 -2.34026e-16)
(0.255777 0.440722 5.41146e-16)
(-0.177031 1.94548 -5.25668e-17)
(0.342671 0.168393 2.00936e-16)
(0.169134 0.13002 -1.20136e-17)
(0.4098 0.0569592 1.96012e-16)
(0.0885474 0.101325 -3.62148e-16)
(-0.289956 -0.298666 -1.12474e-17)
(-0.420288 0.284634 1.02566e-16)
(0.933733 0.0414741 0)
(-0.161477 1.89817 0)
(-0.53425 1.43735 0)
(-0.775086 0.00235287 3.96342e-16)
(-1.09587 1.71898 1.34458e-16)
(-1.00181 1.44088 0)
(0.407473 0.103893 0)
(0.00499418 -0.183266 0)
(0.250392 0.23849 1.31054e-16)
(-0.256896 0.0433572 -1.19409e-16)
(-0.110922 0.975468 -1.34506e-16)
(0.0890134 -0.609227 -1.62245e-16)
(0.562011 -0.0680625 0)
(-0.114538 0.189158 0)
(-0.632889 -0.111306 -3.42474e-17)
(0.529785 0.0667607 -2.64544e-16)
(-0.330523 0.458192 -7.79725e-17)
(0.147867 -0.857618 5.00068e-16)
(0.164421 -0.0545481 -3.2647e-17)
(0.0895306 0.225256 1.26967e-17)
(0.559518 0.260576 -1.78812e-16)
(0.231741 -1.71836 0)
(-0.208406 0.192373 -7.07493e-17)
(-0.0335883 0.685315 -1.75519e-21)
(0.568189 -0.258722 1.27359e-16)
(0.196006 0.227024 3.07566e-20)
(-0.851462 -0.0706646 -2.95756e-16)
(0.237204 -0.565929 1.90051e-16)
(0.174943 -0.0733524 -1.1781e-19)
(-1.10254 1.82942 1.33145e-16)
(0.241087 -0.150671 2.05531e-16)
(0.502597 -0.327559 3.77707e-16)
(0.548309 0.0951933 5.86887e-16)
(1.10557 0.0314439 -2.33874e-16)
(0.410318 0.194203 -3.35053e-16)
(0.00330547 0.304155 -6.25577e-16)
(-0.813361 -0.273005 -1.23518e-17)
(0.374392 -0.0166216 3.33251e-16)
(0.147831 0.161996 5.45702e-16)
(-0.0613011 -1.05039 -3.69188e-16)
(-0.297922 0.147098 2.4215e-16)
(-1.07113 1.91405 1.63729e-16)
(0.549383 -0.18959 7.22168e-17)
(0.846027 -0.0833464 -2.72118e-16)
(0.575127 0.10016 -7.11984e-16)
(0.12508 0.049237 9.05786e-17)
(0.511264 -0.183707 2.82716e-16)
(0.55604 0.0851494 1.77989e-16)
(0.403124 0.228849 -3.77787e-16)
(-0.064286 0.645698 2.32486e-16)
(-0.569233 -1.40068 0)
(-0.839513 0.0734649 3.19215e-20)
(0.0113144 0.653035 -2.37121e-17)
(0.632395 -0.0533612 6.07394e-16)
(0.674288 0.1619 -1.97363e-16)
(0.839559 0.0169691 1.5926e-16)
(0.59258 -0.249011 2.8816e-18)
(-0.726078 -0.0465323 5.4771e-17)
(0.461977 0.132324 0)
(0.268942 0.193414 2.00691e-16)
(-0.0155011 0.398277 -4.2976e-16)
(0.140987 0.931345 8.64343e-17)
(0.184044 0.478573 0)
(0.628575 0.0288692 -4.8723e-16)
(0.551848 0.212935 3.73166e-16)
(-0.892618 -0.0553619 2.32622e-16)
(0.00551282 0.31877 4.67299e-17)
(0.545827 0.0526804 1.53229e-16)
(-0.799967 -0.182562 0)
(0.434821 0.164756 0)
(0.634056 -0.19617 -9.54479e-17)
(0.863575 -0.0268473 2.28993e-17)
(0.103844 0.937925 -1.32868e-16)
(-0.803369 -0.0101958 -4.59851e-16)
(0.840968 -0.206612 0)
(-0.320218 -1.19947 0)
(-0.836819 -0.0532772 1.90582e-17)
(0.132382 0.243517 -4.62307e-17)
(-0.127121 0.153566 7.37349e-17)
(0.0173655 -0.146639 0)
(0.336127 -0.211877 -3.52935e-16)
(0.647945 -0.241612 4.99361e-16)
(0.129842 -0.19558 2.79629e-17)
(0.479157 -0.031032 4.05617e-17)
(0.874508 0.01687 -1.58596e-16)
(-0.467517 0.851387 1.72999e-16)
(0.627539 0.0689645 -1.2191e-16)
(-0.0462484 0.508827 -3.69856e-16)
(0.213349 0.195348 -2.38942e-16)
(0.129434 0.0244015 2.18321e-16)
(1.03804 0.00122819 -6.24576e-17)
(0.977892 0.443393 1.56414e-16)
(0.551276 0.152048 1.43686e-16)
(-0.0484778 -0.177513 -4.39151e-20)
(0.387306 0.268339 2.65649e-16)
(0.0446447 0.291897 -2.10504e-18)
(0.144913 1.02444 -4.89053e-17)
(0.751216 0.176103 -8.64783e-17)
(0.67054 -0.388022 6.95907e-17)
(0.638233 0.148402 -1.15612e-16)
(1.11144 0.0190561 7.43904e-17)
(0.295497 -1.60081 0)
(-0.825617 -0.118861 3.0453e-16)
(-1.11755 -0.0160464 -1.59662e-16)
(0.173621 -0.195824 1.48845e-16)
(0.809484 -0.0861012 6.1907e-16)
(-0.114032 0.288234 1.25735e-16)
(0.341305 -0.287343 -3.06017e-17)
(0.334006 0.0553585 -2.33301e-16)
(0.626881 -0.229139 5.13305e-17)
(0.433961 0.0848627 -7.7139e-21)
(0.877964 -0.0413159 0)
(-1.01918 2.03813 1.83777e-16)
(0.421422 -0.234561 1.03524e-16)
(0.679103 -0.0304745 3.28514e-17)
(0.152816 0.0537921 -4.0226e-16)
(0.34859 -0.0838265 -6.93432e-16)
(-0.157555 -0.00606751 0)
(-0.011761 0.890635 1.20632e-16)
(0.460848 0.14746 -1.45379e-16)
(0.0522753 0.354109 -3.32509e-17)
(0.170203 1.04058 0)
(-0.518666 -0.662502 -7.48599e-17)
(0.245484 -0.194734 -1.41951e-16)
(0.00922234 -1.76549 -1.47357e-16)
(0.150047 0.669127 -1.701e-16)
(-0.619888 0.248588 -2.82172e-16)
(-0.129077 0.167931 7.20776e-17)
(-0.243281 1.66402 1.18408e-16)
(-0.444682 1.33651 0)
(0.828777 -0.0133528 -2.08709e-16)
(-0.227839 0.317016 3.09483e-16)
(0.391689 -0.414128 1.83832e-16)
(0.125518 0.896639 -4.28133e-16)
(1.08373 0.0176705 9.24062e-17)
(0.504272 0.143021 -7.09511e-16)
(0.403628 0.234539 -7.3085e-16)
(0.0549008 0.233822 -1.14494e-17)
(-0.203818 0.333154 2.12103e-16)
(0.320525 -0.163706 2.14056e-16)
(-0.0507007 -1.73915 0)
(-0.270716 -0.107551 1.85159e-17)
(-0.276736 0.056835 4.32977e-17)
(0.121843 0.970328 4.66517e-17)
(0.289197 -1.58718 -7.00246e-17)
(-0.305937 -0.504266 0)
(0.352551 -1.1392 2.47035e-16)
(0.100255 0.630957 -1.73196e-16)
(-0.412903 0.521216 0)
(0.310861 -0.671591 -1.25639e-16)
(-0.0333933 -1.81976 4.65708e-16)
(1.00485 -0.0609998 0)
(0.0503884 0.0985719 0)
(0.446089 0.0638944 0)
(0.49668 0.0788852 2.02143e-16)
(-0.848963 -0.0121713 1.04778e-16)
(0.821029 0.145083 -4.43661e-20)
(0.793748 0.109848 -7.86562e-17)
(0.964439 0.122513 2.3576e-16)
(0.166486 0.0793606 -1.9264e-16)
(0.0205855 -1.02084 6.93685e-16)
(0.4511 -0.133944 5.83634e-16)
(0.0846911 0.282713 -6.44129e-17)
(-1.03042 1.80161 -1.4228e-16)
(-1.05532 1.88568 -1.47795e-16)
(0.132152 0.86645 -1.46754e-16)
(0.501786 0.216164 3.98892e-17)
(-0.890187 1.71749 1.40444e-16)
(-0.845321 -0.0148772 6.63948e-17)
(0.62231 0.602805 0)
(-0.757259 0.0604789 2.79763e-16)
(-0.587717 0.199311 -8.79753e-16)
(0.940884 0.0134412 6.12714e-17)
(0.269848 0.00151764 0)
(-0.208442 0.0243182 0)
(0.311111 0.0850804 2.39427e-16)
)
;

boundaryField
{
    frontAndBack
    {
        type            empty;
    }
    wallOuter
    {
        type            noSlip;
    }
    inlet
    {
        type            fixedValue;
        value           nonuniform 0();
    }
    outlet
    {
        type            zeroGradient;
    }
    wallInner
    {
        type            noSlip;
    }
    procBoundary2to0
    {
        type            processor;
        value           nonuniform List<vector> 
42
(
(0.0151834 1.62778 -1.54992e-19)
(0.0151834 1.62778 -1.54992e-19)
(0.148589 -0.93534 -2.43077e-16)
(0.107162 -1.00041 1.80182e-16)
(0.101208 -0.714007 0)
(-0.03607 2.43278 1.02683e-16)
(0.241227 -0.919769 4.49411e-16)
(0.241227 -0.919769 4.49411e-16)
(0.09017 -0.432926 -1.59672e-16)
(0.0585042 -0.106858 1.90953e-16)
(0.210329 -0.951741 -1.39043e-16)
(0.210329 -0.951741 -1.39043e-16)
(0.153086 -0.952627 2.22202e-16)
(0.25053 -0.727038 -7.27954e-17)
(0.264159 -0.422621 7.41351e-17)
(-0.0268545 3.13238 5.22465e-17)
(0.152386 0.144176 2.36283e-16)
(0.0573163 0.00741911 -3.2675e-17)
(0.0694028 -0.242931 2.06399e-20)
(-0.310221 0.297401 -1.15007e-18)
(-0.34904 0.716507 2.9472e-16)
(0.171947 0.103314 -1.70353e-16)
(0.171947 0.103314 -1.70353e-16)
(-0.0604321 0.825578 -1.69673e-16)
(-0.34904 0.716507 2.9472e-16)
(-0.00511924 0.267924 -3.04377e-16)
(0.180792 1.91279 0)
(-0.0113547 0.391264 4.19127e-18)
(0.180792 1.91279 0)
(0.114935 1.15134 -2.33934e-16)
(0.174049 0.496524 -4.10525e-16)
(0.0227067 0.400844 -8.99368e-17)
(0.0985951 0.275625 9.14205e-17)
(0.173965 0.0949421 -9.0601e-17)
(0.219558 -0.111134 9.40602e-17)
(0.107162 -1.00041 1.80182e-16)
(0.152386 0.144176 2.36283e-16)
(-0.028989 -0.69036 -1.24125e-16)
(0.024695 3.40965 -4.57702e-17)
(0.257917 -0.730481 1.71819e-16)
(0.257917 -0.730481 1.71819e-16)
(0.237624 -0.32847 -1.26831e-16)
)
;
    }
    procBoundary2to1
    {
        type            processor;
        value           uniform (0.123856 0.0437663 6.86056e-16);
    }
    procBoundary2to3
    {
        type            processor;
        value           nonuniform List<vector> 
29
(
(-0.436572 -0.298276 -3.5482e-16)
(-0.178394 -0.513247 1.42568e-16)
(0.097084 0.0673317 -1.03971e-16)
(-0.0672486 0.0662949 -2.62984e-16)
(1.77724 -0.0123337 -2.36789e-16)
(0.280184 -0.177967 -9.33771e-17)
(0.188624 -0.0177849 1.44482e-16)
(0.241431 -0.508322 7.55071e-17)
(0.433822 0.0591139 -4.88441e-16)
(0.29317 0.0533698 2.86656e-16)
(0.521824 -0.38676 1.0092e-16)
(1.62351 -0.113805 -3.29997e-16)
(-0.533234 -0.122234 -2.01361e-16)
(0.511476 -0.036465 -2.22927e-16)
(0.887858 -0.0829047 -1.89371e-17)
(0.303064 -0.0489293 -1.07657e-16)
(0.591418 0.047783 -9.91887e-17)
(0.591418 0.047783 -9.91887e-17)
(-0.178394 -0.513247 1.42568e-16)
(0.511476 -0.036465 -2.22927e-16)
(0.750445 -0.0653633 -5.19033e-17)
(0.522655 0.0457959 4.42641e-16)
(0.848021 -0.0707093 8.01063e-18)
(0.502206 0.0708432 -2.52264e-16)
(1.01348 -0.0991085 5.98154e-17)
(0.342596 0.0283481 -3.27914e-20)
(0.433822 0.0591139 -4.88441e-16)
(0.776491 -0.309139 7.61664e-17)
(1.62351 -0.113805 -3.29997e-16)
)
;
    }
}


// ************************************************************************* //
