/*--------------------------------*- C++ -*----------------------------------*\
| =========                 |                                                 |
| \\      /  F ield         | OpenFOAM: The Open Source CFD Toolbox           |
|  \\    /   O peration     | Version:  v1912                                 |
|   \\  /    A nd           | Website:  www.openfoam.com                      |
|    \\/     M anipulation  |                                                 |
\*---------------------------------------------------------------------------*/
FoamFile
{
    version     2.0;
    format      ascii;
    class       labelList;
    note        "nPoints:540  nCells:211  nFaces:903  nInternalFaces:363";
    location    "constant/solid_14/polyMesh";
    object      owner;
}
// * * * * * * * * * * * * * * * * * * * * * * * * * * * * * * * * * * * * * //


903
(
0
0
0
0
1
1
1
1
2
2
2
2
3
3
3
3
4
4
4
4
5
5
5
5
6
6
6
6
7
7
7
8
8
8
8
9
9
9
10
10
10
11
11
11
12
12
12
12
13
13
13
13
14
14
14
15
15
15
16
16
16
17
17
17
18
18
18
19
19
19
20
20
20
20
21
21
21
21
22
22
22
23
23
23
23
24
24
24
24
25
25
25
25
26
26
26
27
27
27
28
28
28
29
29
29
30
30
30
31
31
31
31
32
32
33
33
33
34
34
35
35
36
37
37
38
39
39
40
40
40
41
41
42
43
44
44
45
45
46
46
47
47
48
48
49
49
50
50
50
51
51
51
52
52
52
53
53
53
54
54
55
55
56
56
57
57
57
58
58
59
59
59
60
60
61
61
62
62
62
63
63
63
64
64
64
65
66
66
67
67
68
69
69
70
70
71
71
72
72
73
73
73
74
75
76
76
76
77
77
77
78
78
79
79
80
80
80
81
81
82
82
83
83
84
84
84
85
86
87
87
87
88
89
90
91
93
93
94
94
95
96
96
96
96
101
101
105
106
106
106
107
107
107
110
110
111
111
112
112
113
113
114
115
115
116
117
117
118
120
122
123
124
125
126
127
128
128
129
130
131
132
133
134
134
136
137
138
139
140
141
142
143
144
145
145
146
146
146
147
148
149
150
155
155
155
156
156
156
157
157
158
159
159
159
160
161
162
162
163
164
165
165
166
167
168
168
169
169
169
170
170
170
171
171
172
172
172
173
174
175
176
177
178
178
179
179
180
180
182
183
184
185
185
186
187
188
189
196
197
199
203
204
206
0
1
2
3
4
5
6
7
8
9
10
11
12
13
14
15
16
17
18
19
20
21
22
23
24
25
26
27
28
29
30
31
32
33
34
35
36
37
38
39
40
41
42
43
44
45
46
47
48
49
50
51
52
53
54
55
56
57
58
59
60
61
62
63
64
65
66
67
68
69
70
71
72
73
74
75
76
77
78
79
80
81
82
83
84
85
86
87
88
89
90
91
92
93
94
95
96
97
98
99
100
101
102
103
104
105
106
107
108
109
110
111
112
113
114
115
116
117
118
119
120
121
122
123
124
125
126
127
128
129
130
131
132
133
134
135
136
137
138
139
140
141
142
143
144
145
146
147
148
149
150
151
152
153
154
155
156
157
158
159
160
161
162
163
164
165
166
167
168
169
170
171
172
173
174
175
176
177
178
179
180
181
182
183
184
185
186
187
188
189
190
191
192
193
194
195
196
197
198
199
200
201
202
203
204
205
206
207
208
209
210
14
15
30
32
33
34
35
44
45
46
47
48
49
63
64
65
66
67
68
70
74
75
85
86
95
97
98
99
100
101
102
103
104
105
108
109
188
210
0
1
2
3
4
5
6
7
8
9
10
11
12
13
14
15
16
17
18
19
20
21
22
23
24
25
26
27
28
29
30
31
32
33
34
35
36
37
38
39
40
41
42
43
44
45
46
47
48
49
50
51
52
53
54
55
56
57
58
59
60
61
62
63
64
65
66
67
68
69
70
71
72
73
74
75
76
77
78
79
80
81
82
83
84
84
85
86
87
88
89
90
91
92
93
94
95
96
97
98
99
100
101
102
103
104
105
106
107
108
109
110
111
112
113
114
115
116
117
118
119
120
121
122
123
124
125
126
127
128
128
129
129
130
131
132
133
134
135
136
137
138
139
140
141
142
143
144
145
146
147
148
149
150
151
152
153
154
155
156
157
158
159
160
161
162
163
164
165
166
166
167
168
169
170
171
172
173
174
175
176
177
178
179
180
181
182
183
184
185
186
187
188
189
190
191
192
193
194
195
196
197
198
199
200
201
202
203
204
205
206
207
208
209
210
149
114
119
164
43
36
27
78
137
111
26
148
29
91
50
153
112
89
37
120
131
28
138
69
154
147
51
132
151
144
90
115
87
133
113
94
127
117
76
61
59
163
139
126
160
79
52
125
161
136
194
81
193
190
80
92
130
160
116
110
42
161
124
62
123
135
164
152
118
77
150
163
122
195
134
93
)


// ************************************************************************* //
