/*--------------------------------*- C++ -*----------------------------------*\
| =========                 |                                                 |
| \\      /  F ield         | OpenFOAM: The Open Source CFD Toolbox           |
|  \\    /   O peration     | Version:  v1912                                 |
|   \\  /    A nd           | Website:  www.openfoam.com                      |
|    \\/     M anipulation  |                                                 |
\*---------------------------------------------------------------------------*/
FoamFile
{
    version     2.0;
    format      ascii;
    class       volScalarField;
    location    "0.99";
    object      p;
}
// * * * * * * * * * * * * * * * * * * * * * * * * * * * * * * * * * * * * * //

dimensions      [0 2 -2 0 0 0 0];


internalField   nonuniform List<scalar> 
5794
(
93.0497
93.6878
90.8942
94.6901
93.4424
92.0759
89.4409
91.9369
89.7254
94.2394
125.393
88.7141
87.8012
90.5751
94.0306
93.5233
38.3752
92.5197
94.0126
94.0716
92.2976
92.8257
88.5161
93.0356
90.4467
45.5057
44.9424
93.1649
92.8491
94.1525
92.6187
85.0043
105.822
92.8972
89.5266
88.3331
98.5867
89.4539
88.3059
92.1387
92.3095
92.9645
116.847
90.9159
93.9952
107.116
86.5598
92.4286
94.2982
91.3075
92.9707
84.4755
90.5426
94.3314
94.2809
109.336
88.4465
91.2146
117.011
40.5378
104.359
94.2255
92.3296
84.8152
105.385
94.1648
90.7855
91.1628
92.8493
94.2382
83.561
91.2219
20.2141
91.5767
92.2354
93.1792
92.3923
51.5866
91.1429
93.8445
92.7997
93.8329
92.5084
89.2499
90.6642
92.976
84.9569
111.132
92.8832
90.464
114.283
87.7459
91.8282
93.7812
92.2842
83.316
110.052
92.6113
88.0609
105.276
80.7134
85.7253
117.007
92.3113
93.8495
92.0797
94.1934
126.585
82.7753
91.5229
93.193
93.941
73.7605
93.9874
91.7501
92.3694
94.1175
92.198
103.494
91.9603
92.2006
94.3255
91.4923
93.1766
93.974
123.501
87.8728
92.4519
86.41
125.202
92.0931
92.1905
86.2899
55.718
92.4678
94.0458
116.905
94.2329
93.1398
93.1734
92.135
93.4892
93.9505
93.5673
92.9757
53.0956
92.1301
114.84
94.0426
94.068
121.659
94.3037
92.475
90.0447
48.2596
85.3207
90.4943
92.0703
106.672
90.9957
94.0306
89.7062
93.1942
88.1617
82.7532
84.4742
88.7566
91.2686
93.2394
93.9624
94.1095
84.083
88.9089
90.2104
92.8857
88.3546
94.0554
89.8801
93.08
86.4097
91.9629
87.0437
91.8279
107.707
92.1312
47.1986
85.4361
106.671
94.2625
85.8515
125.14
85.2919
105.84
93.2386
92.284
92.2344
90.5816
93.218
93.9952
115.272
88.5214
83.621
93.0886
92.2266
86.0277
106.743
92.0139
126.859
87.1664
89.3935
92.9092
97.6387
88.0486
89.5451
92.8405
89.8552
88.5315
86.7557
125.769
98.3993
97.7376
86.8694
112.837
91.9759
111.752
40.362
90.8391
94.2275
94.2931
94.0839
89.2101
90.5528
92.7944
83.4377
88.8186
52.4296
70.4168
119.549
89.4236
92.7872
93.7759
126.987
92.6113
90.8579
89.5419
93.1729
93.9624
94.2358
111.078
92.9911
88.0498
94.1423
44.7559
94.1753
120.003
87.0074
115.971
115.838
126.915
93.9871
117.346
88.1261
90.0208
94.0542
91.355
91.1522
94.045
122.989
94.014
106.188
85.3793
92.9979
93.1907
82.8899
99.0719
94.0714
94.3231
92.0489
94.3115
88.2617
93.2261
105.489
92.2481
93.0542
91.6475
92.2843
87.3427
92.3677
89.6654
92.4317
88.6291
89.9621
92.7707
94.3095
112.906
55.8554
91.2979
92.9465
90.0082
94.0467
93.8655
80.6073
92.8142
91.3051
91.03
121.445
94.3227
90.7027
105.507
84.8062
93.0068
106.091
92.2197
94.0168
98.4972
100.581
126.539
93.0836
82.6645
93.8327
92.3005
90.6177
91.7564
93.7406
93.455
85.6302
91.4013
90.2576
89.7907
125.638
84.4559
118.125
92.5852
106.224
85.1592
94.2451
94.2289
93.2397
94.2836
106.924
93.0596
90.4207
88.4736
88.271
94.0868
91.5911
109.796
88.4
85.2367
89.0526
87.8098
54.9721
106.318
85.9506
92.5457
43.4179
93.9797
85.6554
88.8795
91.3012
126.763
87.5084
117.94
88.5336
91.2096
94.2934
83.5717
107.904
87.2383
91.9443
94.3533
94.022
94.2927
94.3494
126.486
82.7171
109.626
88.2223
92.1671
94.2998
92.3117
94.3529
98.9168
88.255
89.4681
93.0054
92.7022
88.3805
91.1482
89.3744
92.1755
90.834
94.207
93.1396
89.1639
90.4498
92.8397
90.7079
94.0428
88.8664
92.9675
90.0179
49.9672
93.2126
93.9411
120.862
90.7899
92.0552
94.1813
110.658
91.9178
86.9716
124.598
84.271
106.429
85.5807
93.1943
95.1431
82.9872
110.257
87.9782
92.6057
126.132
94.3521
88.4278
89.7224
93.0363
93.9765
93.8503
92.8888
84.0434
98.919
93.9285
75.1645
93.9715
94.1213
91.8359
91.8268
88.2407
89.5592
93.0911
98.5219
92.6825
92.5873
91.9314
92.1055
91.7197
93.2558
90.7204
91.4707
94.2409
93.9873
82.2258
92.8783
92.5259
94.1049
108.555
86.7222
91.7415
94.2531
92.4757
94.1475
90.4973
93.1103
106.218
125.066
48.9536
91.3887
124.882
91.5352
94.1274
79.5981
124.573
94.2715
94.2798
107.814
63.4465
93.0497
92.1888
94.0913
91.0558
92.6187
94.2633
94.2774
126.499
124.909
97.3604
91.8542
54.506
92.882
93.8869
92.6339
91.2119
94.0577
90.7719
93.2033
94.1105
94.3559
93.369
120.267
91.0248
62.7306
100.744
85.0751
93.8102
94.1672
92.2335
114.803
124.609
94.0591
82.5391
94.3275
92.348
94.1757
94.1185
90.4118
91.9533
94.217
97.5189
50.6848
92.0668
94.1592
92.7888
92.7655
124.82
93.6141
93.2186
97.2275
94.1978
92.6076
91.0727
94.0896
48.4654
94.3638
94.2916
90.3559
98.6381
115.045
124.895
116.769
92.825
76.6103
93.9462
89.239
91.2811
93.4559
99.1071
93.6418
94.0447
91.9955
92.5596
94.291
94.0255
91.3594
93.1554
93.932
90.8222
92.5003
94.2237
93.9085
23.5415
94.138
122.201
94.3063
90.1556
91.4951
93.6004
90.8682
91.5697
93.9804
107.119
84.5116
84.5381
91.6446
51.1092
95.9653
91.4808
90.7796
92.7826
91.8658
92.5852
90.1605
124.403
51.1191
85.9399
109.972
93.9863
92.5326
87.9559
109.635
94.0184
93.2896
94.2466
91.4183
90.6882
101.98
94.3075
98.2111
94.344
90.1358
92.3298
107.948
91.7361
92.2622
94.0933
124.551
58.3309
94.2358
94.2722
92.5953
88.3867
85.7191
91.4175
90.7532
91.7868
91.8401
119.857
125.339
114.182
91.8531
94.1825
124.542
123.886
126.697
94.2094
93.5216
94.3381
94.0437
127.717
93.988
92.9883
93.7355
94.1529
92.0987
94.1385
94.2607
66.7392
98.3355
94.2951
93.112
91.148
117.467
125.974
87.9234
116.065
92.2407
92.1792
105.521
94.3882
94.2243
92.5269
92.7862
94.3692
91.9068
92.0824
120.614
50.2558
91.1721
37.4652
93.5457
94.3188
94.2667
92.8879
91.9054
93.9975
92.2892
91.7628
92.3665
87.5242
105.643
119.634
90.743
42.2644
91.6547
91.659
91.7064
91.8562
91.3985
90.6091
92.9525
93.7512
127.124
94.3472
93.3934
93.5046
115.614
95.5499
94.3581
94.3033
94.2382
92.8287
101.06
70.8677
92.122
94.3005
96.2331
126.667
93.9549
92.9255
97.6391
94.3117
88.4564
94.049
115.956
94.0592
118.198
91.5454
94.2633
94.3785
126.152
117.194
95.1337
91.784
89.33
124.539
96.4913
100.194
45.6918
122.742
91.5021
126.807
67.7745
115.509
94.3327
89.3253
90.8039
114.378
99.1966
126.121
101.697
91.919
68.9061
99.0191
121.123
94.3058
90.2411
35.6058
124.659
87.8808
92.2035
111.593
94.152
92.0981
90.7056
91.0529
92.7273
87.9515
107.71
90.7311
98.5261
93.3648
91.8484
94.3559
94.1382
91.6335
92.1767
99.8916
95.0376
92.2213
109.223
91.5972
72.1464
92.8541
92.2733
92.5081
92.6901
88.656
112.531
90.8904
92.5397
88.3046
110.582
94.2012
94.3744
94.2927
94.2339
93.6855
93.3226
93.0018
91.9705
126.522
48.5911
90.5721
92.3435
94.2075
92.9564
88.9401
126.718
91.8267
90.5362
92.9893
120.689
109.222
87.5162
91.4238
89.3518
93.9209
73.1308
92.8669
61.2676
96.7474
126.628
92.4509
94.4089
93.5117
94.3089
126.107
127.419
119.573
105.657
92.5544
92.0933
92.9351
107.838
97.2372
93.156
87.2747
106.953
126.336
94.2233
92.2025
90.6762
113.695
50.9834
94.0064
99.4129
94.3049
94.2599
94.2716
87.954
92.6155
108.994
98.1501
94.3591
92.6465
94.2513
93.808
40.8667
90.474
93.6883
90.1192
94.188
124.609
92.9487
100.074
94.1448
92.1659
105.823
98.4922
79.3844
91.6189
91.7754
92.0298
91.6749
122.676
123.05
51.3058
91.1475
94.165
94.2223
106.023
93.7018
91.8101
94.2946
103.001
92.0964
74.9993
124.561
94.361
92.7789
93.0299
97.909
122.007
92.0274
59.4487
94.3053
94.3575
60.54
108.893
97.5802
89.4625
91.4847
125.501
115.539
94.2157
94.3612
87.6503
123.467
92.0079
98.4936
122.996
91.9268
92.089
92.4745
91.1256
98.6109
93.9092
92.8853
93.8429
94.3055
93.9636
94.3249
94.1645
92.0758
120.517
94.2217
98.327
93.9964
91.945
91.6321
92.8608
95.6382
124.639
124.844
58.284
90.17
92.3829
98.6481
94.0869
54.0218
105.48
84.1522
118.431
92.9758
87.9609
92.3297
91.0476
92.0037
106.485
90.9121
90.811
90.6445
91.6512
94.1474
118.164
93.5814
92.543
110.898
87.9016
92.64
93.5082
112.811
94.1931
92.1755
94.2715
93.9746
85.3115
126.17
110.463
98.5591
92.4638
76.7778
93.9494
92.9294
83.7122
46.8722
98.9259
90.7749
102.569
96.172
94.2908
93.131
94.2713
91.8709
91.8705
94.2363
94.2286
92.247
94.3501
93.9913
94.1826
94.2288
98.3222
92.6496
99.2045
94.3286
93.9715
110.659
98.839
91.226
92.8635
89.7602
94.1879
125.514
100.832
91.4913
94.3499
91.0656
124.501
94.3163
98.5404
92.3114
94.3766
98.5458
70.6971
97.8082
88.0764
102.37
94.2103
99.214
93.2123
93.5223
111.713
72.3032
91.8468
102.408
93.377
92.1496
94.0359
93.6039
103.567
107.611
50.3397
81.8188
92.1336
94.1653
91.5105
92.6913
87.2765
105.039
115.162
94.2058
92.7042
94.1082
91.7476
98.8003
93.6855
96.9504
92.6421
98.2557
98.9209
99.9591
93.1105
93.6898
93.1494
94.1445
93.0164
124.636
94.2144
98.472
89.3431
94.0984
94.2466
94.3588
90.1211
126.434
94.1311
126.796
94.2162
100.374
126.567
94.2495
92.7894
111.095
94.0806
93.3188
92.3023
94.2489
91.0518
90.7084
92.1114
94.1675
90.6611
94.3063
94.1096
97.7999
94.2499
94.3128
92.8821
89.932
88.628
98.3561
106.721
104.549
91.7286
91.2811
94.3161
94.2378
92.3334
93.0986
92.4615
92.4767
94.3187
118.741
94.1376
92.3473
94.298
124.384
94.3144
84.8982
92.1359
94.0853
99.4311
92.0408
93.1872
90.1311
93.823
98.2513
98.7791
94.0257
99.2654
94.1601
94.0458
90.6913
94.1989
92.1847
92.6384
94.2699
125.607
94.0676
57.9501
94.3302
92.0809
94.123
98.4908
92.4421
102.66
94.2582
93.594
97.4243
104.72
86.5938
91.9547
94.217
94.135
92.3421
92.7121
94.2002
98.6152
95.5328
96.0904
121.195
114.776
94.2059
103.514
102.51
94.2764
91.1919
91.1968
94.2337
32.0833
98.9089
94.1645
94.2531
124.559
124.816
95.5781
93.6092
93.0102
92.0738
91.5482
94.1795
92.4553
91.6514
92.1309
92.8558
91.8245
92.2155
94.3201
90.1076
91.3292
92.502
95.5833
94.0444
89.7603
92.8491
88.2351
92.176
91.9099
104.445
105.538
99.6833
96.3924
98.4661
104.32
94.2268
92.125
93.6572
106.055
101.127
93.7974
92.9222
117.099
92.3537
119.147
92.2881
90.1985
103.97
90.1632
117.525
107.441
91.5465
91.9652
98.6349
113.368
94.2786
92.0122
94.2093
57.2098
94.1396
94.3052
90.7245
92.0994
94.1108
100.152
94.2645
117.762
93.1392
91.1543
102.254
92.5592
85.9453
94.3219
94.2715
91.7637
91.8888
124.357
125.822
90.3372
98.6328
94.1274
92.3281
91.9707
85.1272
105.58
127.168
116.68
99.141
94.2913
94.0239
93.054
92.3179
98.4835
92.3698
91.6215
91.8941
94.2335
92.5758
76.9984
91.7897
56.1311
92.2542
94.2346
115.781
99.4513
93.1703
94.2882
97.9623
91.3395
94.3798
94.1768
92.661
92.4633
94.076
90.4171
90.5068
92.9816
94.1756
92.8631
92.3839
91.6791
79.5561
90.1327
120.184
97.8479
91.8936
94.3467
91.9201
110.667
88.712
92.3889
92.3853
93.8704
126.023
52.1803
90.268
94.2971
94.3346
85.2617
94.3572
92.2732
93.1373
92.9841
90.1525
92.2145
92.521
92.4224
93.209
94.3919
94.1875
98.4192
92.3924
94.3502
92.3365
112.22
99.1613
125.79
125.237
90.9312
94.243
94.1625
94.3661
126.574
91.2768
91.6446
91.5393
94.2676
93.7933
93.9479
90.6489
91.9518
91.0498
94.3199
91.6705
93.4125
41.3668
90.1008
36.5994
50.3247
92.0275
98.255
94.2595
92.5019
93.0818
92.3468
92.3345
92.1704
93.4662
84.6577
105.3
104.478
92.3989
91.896
89.6109
85.9901
94.2492
94.3161
92.215
125.833
94.3501
92.6264
94.326
94.3618
92.263
114.454
93.0715
92.1008
90.5511
91.531
91.5642
90.7488
94.286
94.2448
98.514
92.4443
131.449
125.434
94.0804
40.7573
126.109
92.1883
90.6181
94.3568
103.584
94.3403
93.9944
92.0534
90.7093
11.2695
99.1602
92.5478
85.4267
111.454
56.8867
115.798
90.5911
92.293
94.1446
92.3412
93.387
90.4595
91.5998
94.2376
91.7061
93.1996
93.4167
91.77
90.6129
92.305
94.1333
93.3386
90.3667
91.6159
93.57
90.7196
91.6755
92.1068
94.0086
94.3964
93.0612
90.1117
92.0953
92.3994
93.3542
92.3807
90.4713
91.8557
94.2128
92.0887
94.0481
92.3438
93.4588
90.5734
94.1964
93.2239
92.4239
94.3249
91.9839
90.2631
88.3255
87.1176
56.306
94.3675
92.5795
103.497
94.6313
93.4308
94.3374
94.2672
96.387
94.3381
91.4141
92.7171
50.208
91.108
92.7933
91.3088
94.3102
94.3189
94.3917
92.2873
91.6737
92.6204
94.3486
90.6331
90.115
92.7351
124.736
94.2507
92.3321
92.2785
91.9514
46.2898
94.3556
89.5299
92.18
107.471
92.8908
91.8337
91.0951
91.018
120.854
93.5638
91.141
91.7758
92.0119
97.8432
97.0576
12.0251
94.3564
91.7031
93.6251
92.553
93.0736
94.3744
140.793
91.8818
94.2252
93.4264
91.4213
90.5366
92.3545
91.6882
93.278
94.2806
92.42
93.2816
90.3516
91.9242
94.355
90.1861
92.3966
90.6925
91.6908
94.0594
93.5284
92.2005
92.2005
90.5945
94.0815
101.396
90.373
127.014
110.383
92.4818
97.8272
91.5987
94.1939
120.745
93.3587
94.2905
130.538
93.0147
92.3696
94.3668
93.0545
119.09
94.2459
74.1683
94.0966
93.9565
94.2629
92.996
100.02
94.3717
93.3317
99.8127
95.3821
94.3729
91.2987
93.4388
91.8821
94.3657
91.6611
89.0279
94.3541
93.6243
94.1897
93.7406
92.1867
94.2564
94.3151
92.7452
94.4013
94.3966
94.3445
94.3534
94.6567
98.8545
91.6371
88.9425
92.459
92.2149
82.2039
94.2713
98.5904
108.449
92.612
123.442
90.1183
94.2153
93.9691
91.2911
93.1785
98.7916
94.3512
93.1736
92.0442
91.4207
93.9848
90.8553
93.772
94.4459
92.42
93.1435
95.91
95.3203
94.2902
97.7689
93.2467
93.0818
88.7822
92.5181
93.1006
92.7137
94.3443
91.5721
94.2958
90.1552
94.3012
92.1889
117.527
91.7311
92.0836
91.5183
93.4462
92.2818
94.2265
94.3493
91.1298
91.0416
93.1747
114.111
92.5245
95.7384
93.0617
91.2194
120.077
119.462
93.4116
93.5118
91.2
101.09
93.2347
109.109
96.2895
143.267
91.6461
88.3012
105.989
116.587
87.1476
88.4329
92.2276
131.611
90.775
109.752
89.1097
133.229
92.2654
89.8981
30.1276
91.0528
92.318
92.8222
94.1439
92.2651
90.3859
97.3429
92.2061
94.2376
90.1276
92.2684
92.3066
91.7571
91.6196
92.3477
91.6903
92.1038
94.3397
92.0866
92.3801
91.6755
91.6419
92.2119
91.5877
92.733
92.65
92.6884
90.8309
90.4872
90.5118
47.8278
91.5809
91.4705
91.2757
91.39
94.3423
94.3962
91.8791
92.2202
92.4574
94.3847
94.3313
91.4556
92.0958
91.1134
90.8243
91.2651
90.975
91.0105
92.2083
92.3676
90.218
121.969
92.2177
90.9953
94.2885
90.3173
94.3995
90.9071
94.3954
91.0405
94.3032
94.4143
92.2811
90.6763
90.9425
91.0104
91.1363
94.1281
109.027
94.1202
86.4219
85.0418
88.8712
106.606
82.9098
94.136
108.772
107.101
85.423
83.9179
93.111
94.0521
82.5699
105.418
111.317
94.15
89.0487
108.995
82.5852
107.973
94.0704
94.0914
94.0341
84.8362
90.3836
52.9095
94.1106
88.4097
89.3553
94.1351
84.7312
93.1497
90.146
106.897
105.521
88.1094
52.9576
82.1644
94.0253
82.335
94.152
89.1643
87.9772
93.0671
108.649
91.1948
52.6345
88.1048
89.2319
93.032
82.3188
49.6635
93.9788
147.606
82.9967
90.8607
88.1901
89.3146
93.966
91.792
105.474
84.998
83.2519
49.1945
48.8631
90.1803
90.8143
91.4556
92.9531
92.3276
92.8732
93.1326
86.0025
92.2239
90.1032
94.292
125.329
90.9572
90.805
92.1775
91.0996
92.252
94.3442
92.4315
92.9028
90.2106
90.8164
92.4403
92.4824
92.8387
88.4082
89.6212
93.9538
93.7791
92.1153
91.9046
93.7757
93.3434
89.8758
91.0363
92.4505
92.1827
94.4084
91.5528
85.2477
105.64
92.4567
90.688
90.8908
92.1898
94.4209
93.7717
90.0831
92.4877
93.0889
93.0475
89.6165
92.4948
92.4849
48.5098
94.2929
92.4712
92.5477
94.6119
92.3492
92.3465
91.5071
94.3029
92.4762
93.8913
92.8807
92.5739
92.2802
92.4148
94.6653
92.2144
94.3256
92.4999
94.3289
94.3103
92.4177
92.3523
92.3079
93.8595
94.3165
92.4296
92.275
92.3839
91.0191
92.4132
94.2728
90.1216
92.2635
94.622
85.4209
91.1133
105.719
91.2806
91.0214
92.4163
94.2484
94.3408
125.582
85.9106
88.1576
90.584
94.4777
92.2444
89.963
92.8186
88.6085
94.8398
93.0281
94.8395
47.0405
117.577
92.8056
91.2445
89.2608
93.9017
90.1545
92.2985
94.2458
125.81
88.4871
91.3428
90.3032
93.0462
90.2213
92.2877
94.2092
106.686
86.4493
90.5943
126.027
86.9696
89.2282
91.9696
91.3043
45.1634
117.45
92.7579
88.9733
91.9056
91.4467
93.8819
89.8056
92.1414
85.6686
88.2926
93.1771
90.2685
92.2884
94.1946
89.4731
91.3781
92.2824
125.869
87.6578
93.4203
45.313
49.6182
91.5925
117.463
91.8592
91.7395
91.5977
90.5301
93.8214
93.8965
88.2171
86.4194
93.1083
90.8034
88.5827
108.917
90.614
115.054
89.1476
91.9331
92.0656
94.2696
94.2741
91.5596
91.4044
91.3023
91.4924
92.7373
89.2292
91.3006
92.0715
86.7753
93.0588
90.3451
92.2413
94.1127
88.0592
108.766
90.8622
126.048
90.368
89.9631
91.0966
89.3997
92.0742
92.2142
92.2206
93.3808
47.8471
91.6646
101.382
92.4911
96.804
117.41
96.1944
94.3201
92.7415
90.6658
91.223
89.3283
92.2653
86.673
95.3656
93.8303
88.9037
101.487
94.2476
92.4762
92.2548
89.9872
89.8759
92.2411
92.3515
92.4211
93.1039
90.4812
92.1635
94.06
90.1949
92.2214
94.2361
94.3563
95.299
95.8219
120.389
94.3566
94.628
89.9967
92.2002
92.2296
93.3349
44.2011
91.7491
94.3252
94.2794
96.9204
98.1917
90.0529
91.1469
96.5666
92.4484
91.5285
90.3489
88.0569
93.9821
98.9131
94.318
94.2407
94.14
93.3572
91.6839
91.7672
90.6923
92.6913
89.3317
92.1782
93.7995
92.4574
91.6815
93.9071
93.5138
126.829
94.3768
94.6122
85.6216
91.3661
91.8031
91.6983
88.0218
93.2993
92.0578
90.8028
90.8285
89.9729
93.8339
90.453
92.1128
94.0434
94.3147
94.3243
94.3249
89.8322
110.819
91.1695
92.8161
92.4683
92.3094
92.4307
92.2544
92.8338
92.8601
92.6917
93.1774
89.9165
99.6675
91.6565
91.259
98.5675
94.3882
119.63
92.4125
92.4956
92.2788
126.174
92.0472
90.4129
92.3327
93.8231
86.3256
92.2357
90.2056
94.3911
93.3451
90.1595
90.0187
92.2747
90.6599
92.3085
94.1987
125.028
91.6274
92.1974
94.6766
94.3532
92.2573
94.2706
94.2685
91.2635
91.428
94.9779
93.0273
94.4624
92.4831
92.3156
91.5448
94.3148
92.2574
90.051
92.3983
91.4571
91.5907
94.0628
117.402
118.272
94.3802
90.3693
92.4202
90.211
117.713
92.444
92.264
92.9066
92.233
118.704
91.7993
92.4326
86.8225
88.5402
91.2006
92.2628
93.0144
94.117
91.7191
92.7654
91.3601
96.9115
90.8183
94.9745
125.866
90.8588
94.5012
92.0701
91.164
91.2199
91.3224
93.4861
93.4308
92.4974
92.2902
91.9113
91.4038
91.3013
98.4283
92.6675
93.8745
90.0018
94.0581
92.4429
92.2875
90.5827
92.0406
93.9917
93.7157
81.6021
91.5069
90.4353
94.0128
94.1953
91.0793
83.2289
95.1843
93.0156
92.4234
92.8279
91.1225
97.7829
92.2259
92.4193
92.0561
92.0527
94.367
91.3425
103.508
92.5246
128.934
90.1005
91.6417
92.4272
93.1
91.3881
93.1744
91.4873
91.4333
91.0391
120.495
88.758
110.217
91.8395
94.3573
92.7256
91.2748
91.663
94.2379
107.307
91.8772
96.7734
102.237
108.066
92.358
94.6265
92.3159
90.4111
92.2685
94.3278
126.287
87.2616
91.5296
88.2719
92.2952
54.3015
94.3144
90.9774
92.3217
91.8621
93.0824
90.8811
83.5475
92.2114
94.0963
92.1924
94.3558
94.3632
92.2462
92.4977
92.1191
91.7556
47.3815
92.9704
92.5401
112.194
93.1782
83.8392
93.2598
38.2939
103.634
94.2887
93.2894
94.9432
93.5792
125.732
91.5934
90.7681
94.3527
133.514
94.2695
90.6184
92.306
94.0227
92.2033
94.2299
92.8562
94.1277
92.825
92.4989
92.2498
118.73
91.1393
91.8676
90.3092
94.1041
93.8142
92.8175
94.1166
94.3119
93.4384
91.6145
137.627
93.3715
92.1932
92.1898
92.1307
92.8549
91.9936
124.621
94.2369
90.5539
94.3358
93.2874
71.2799
125.185
93.9302
94.1277
92.6718
93.782
100.394
93.468
91.8218
91.8058
98.4916
91.1755
91.3319
90.2996
94.3451
94.2424
101.95
92.094
90.9137
92.1847
87.8719
90.2441
90.8834
93.9331
91.2655
94.3352
92.2804
94.3164
94.3401
90.6206
96.7452
92.2037
91.993
92.3239
91.7639
94.0082
92.5024
101.786
92.2187
91.7603
92.8581
91.2585
90.0228
93.2493
96.0266
97.2875
98.3647
90.6628
91.9218
93.9896
77.7525
92.5837
92.4941
94.3869
91.6354
113.944
92.2361
91.384
91.6634
102.583
87.6602
91.6937
90.6901
92.0839
94.082
90.4064
112.392
89.5896
91.2949
91.1945
91.7335
92.0525
94.2946
92.3173
93.0734
92.1134
88.5311
110.911
93.5665
93.762
93.2573
90.5595
91.9598
93.9799
88.2832
94.3558
91.5439
95.6007
94.3691
92.2927
91.7253
92.4698
92.2292
90.0856
90.7913
93.1245
94.3461
93.5311
95.9015
93.3421
92.4774
90.6311
91.939
93.943
133.613
109.169
92.2973
91.8897
102.124
109.947
109.538
92.7241
93.009
93.5885
92.7894
93.1989
94.2177
96.1842
125.408
92.1457
94.2953
90.7467
86.959
107.363
94.1658
92.1873
92.9118
91.7368
92.503
92.3351
92.5343
89.7423
50.7559
71.6383
94.3653
91.1433
93.8294
90.3971
93.122
92.9873
101.599
93.8204
117.201
91.8421
93.0598
92.1945
94.217
92.9287
94.2325
92.1226
92.2409
90.593
100.354
93.2463
92.5186
91.7199
124.647
94.2229
90.1776
85.2131
91.2837
124.763
125.699
92.721
91.551
91.8959
93.9388
90.6221
91.2857
20.9676
93.985
120.21
86.1278
94.4736
94.3431
94.2336
124.031
90.0538
90.5885
91.813
93.9501
94.3097
115.914
91.4632
91.5654
94.3113
94.2382
94.3026
93.9588
92.4445
92.1594
98.3566
125.024
104.671
94.2785
93.1635
92.5178
92.3032
91.4157
93.5314
93.7182
91.4057
94.3575
93.463
94.3599
92.5259
91.2838
118.627
91.6157
94.3561
98.3468
90.1969
45.7679
92.2261
92.4371
90.606
91.8575
93.9368
105.953
93.9615
91.8956
91.1486
94.2829
92.5674
94.0361
93.2126
93.1598
94.907
94.318
92.9731
92.2096
92.5231
94.3522
93.5446
91.2968
91.2104
92.236
92.655
96.2338
92.7198
92.3731
93.9826
98.39
94.3365
92.4873
92.1629
118.537
120.308
90.8712
94.3532
92.5274
94.3947
94.3003
91.4442
93.1997
93.302
93.7067
93.1045
102.253
93.1032
90.9325
92.2192
93.2122
92.5825
94.3026
86.9868
92.8701
92.0673
111.899
94.02
91.2788
93.5158
94.2478
91.6706
87.4641
90.3774
92.4289
91.9685
94.313
94.3302
82.4633
100.788
95.4959
94.2084
93.1743
92.3363
93.4902
92.4125
92.1915
98.6678
98.2634
94.3317
91.9854
94.0485
94.3183
92.4593
92.1836
94.3431
90.7038
94.0718
92.0357
94.0493
94.3069
93.9992
93.5465
91.5353
91.9268
98.9375
90.6926
92.049
94.0206
92.706
93.5248
94.5427
92.3217
94.4147
92.2048
92.422
93.3465
125.184
89.2076
40.8888
94.2816
90.8339
92.5747
93.1
91.1476
91.7984
93.9424
94.3795
91.8583
93.9455
98.5688
93.8162
116.101
94.1605
93.5837
91.5302
90.8193
117.262
91.5298
94.318
93.3072
94.6612
116.563
89.4888
91.1127
92.7235
90.5847
126.626
97.3212
91.8614
94.1844
107.711
82.406
94.2811
90.7598
92.6762
93.505
91.0806
90.6575
92.2299
94.2149
91.5856
94.13
91.6861
90.1863
92.1938
93.4484
94.4174
92.4367
90.6118
93.305
94.2029
94.3357
94.2997
91.1085
91.0739
92.2019
93.0818
87.9464
94.3412
115.549
90.7459
92.2152
91.9422
35.5932
92.9969
122.073
94.3753
91.0649
92.3431
92.152
93.7402
93.6294
92.2041
94.3455
91.8733
92.5328
94.3832
118.087
90.3573
87.5774
93.6607
93.1802
127.093
91.88
92.0209
94.3591
92.4567
92.1622
96.8008
93.9171
92.3454
90.6044
91.831
93.9243
92.0842
90.5837
94.0419
92.6093
94.2977
82.6079
91.7995
91.4659
92.2755
56.6622
98.675
107.53
92.6094
91.3794
125.181
68.6194
111.817
95.9838
90.6333
91.8902
93.9247
92.8755
102.668
90.5911
93.0363
93.9128
94.3472
93.1176
119.26
129.983
90.9005
111.433
96.918
124.475
94.5378
92.1935
92.5339
92.7335
89.8486
93.3876
110.426
92.6173
94.1775
92.912
94.3163
125.048
92.0642
112.07
90.7813
91.4855
92.2939
90.9951
93.8164
94.3035
92.0984
90.5558
94.0502
94.3705
92.3124
92.5127
92.3379
92.0031
92.3612
93.3858
93.6789
99.2399
39.9601
124.645
94.2183
94.3247
94.2416
92.8892
92.603
92.1003
91.0302
94.3168
94.3199
92.2217
93.428
109.645
92.2119
87.05
108.91
93.2354
93.7477
94.389
99.0646
34.7123
91.8468
84.8557
105.36
88.8849
94.2021
100.151
98.2517
94.149
90.8345
93.4027
90.5506
126.879
94.3034
92.313
94.3035
99.6782
43.8093
92.4685
92.7614
92.3715
93.1987
89.6439
88.1908
94.3033
108.725
92.1429
94.3034
92.6642
116.85
93.9929
92.4617
92.4923
92.3014
93.672
91.3156
94.302
94.2995
94.2409
92.2238
108.16
91.0199
107.533
91.0084
91.0149
95.1058
91.6106
126.444
94.2629
94.3582
101.675
112.483
91.1523
91.6006
91.5394
93.6983
92.1586
90.729
123.926
92.2003
94.9568
92.6606
93.2392
94.5504
123.269
124.452
92.3829
91.5336
94.3223
94.8678
93.4862
91.5403
87.2158
94.4031
94.3132
94.1869
94.3711
94.3584
92.8032
79.5021
90.8827
124.294
94.299
92.6153
93.5787
92.2228
91.1942
118.827
95.8584
93.5314
117.08
94.2049
113.969
107.64
94.2987
123.768
93.1781
124.507
94.7542
93.7479
91.8921
101.011
92.367
105.055
90.1132
99.7167
27.8121
94.3518
122.93
91.9859
103.396
92.0466
104.501
90.524
123.558
124.382
93.2159
108.896
93.5182
90.6804
92.0673
94.062
92.2459
93.8354
105.018
94.1683
106.857
105.278
94.3048
93.5442
92.0578
125.654
91.7214
91.0935
93.5001
98.3199
92.6109
98.7273
99.1055
94.2341
108.71
93.49
92.9325
91.0391
91.7725
94.1941
106.91
124.812
91.3455
112.022
103.623
90.8086
94.3547
94.3498
94.2281
94.3302
94.2792
124.553
98.1559
91.7759
93.3809
91.1055
112.305
87.0871
92.6958
92.4617
90.9154
91.2095
92.9583
92.5946
90.5232
96.7255
92.5479
93.2066
92.5111
90.8254
92.5442
110.497
100.561
94.3157
94.2659
94.3049
92.1628
106.097
91.4247
91.3796
92.1617
94.3622
93.6447
87.7483
92.1097
50.0163
95.0753
94.3238
99.0984
91.9604
90.5958
94.0153
124.264
93.1784
117.231
94.0946
92.8164
83.4174
91.5891
94.1791
93.1285
94.3652
102.442
90.3932
111.89
91.9987
92.0648
94.0976
91.1858
93.0521
92.1779
57.416
55.755
92.2533
93.1568
92.1512
93.0949
93.9843
91.9756
90.6503
94.1385
92.1019
90.7871
90.3953
91.3881
91.2214
92.002
92.2995
126.841
92.5668
92.0914
89.3797
91.6077
104.447
94.0552
93.0483
93.1217
94.2826
113.507
91.7414
92.0194
92.6756
89.1477
45.7046
92.2117
94.0342
106.648
125.277
94.136
94.2444
94.2534
92.2269
90.798
92.9051
91.4734
94.2762
94.3249
92.7388
92.1476
90.5778
94.0707
91.2097
93.4878
88.9603
109.43
92.4702
88.9774
96.2441
93.6112
92.6817
92.518
93.131
105.328
84.7319
92.2634
91.9021
91.1721
94.0203
90.6766
89.4196
88.2778
100.728
92.9829
111.801
121.734
141.543
94.1401
94.304
127.085
91.1274
93.4295
93.9974
121.574
92.8861
97.6578
10.0348
98.7442
93.5088
90.65
94.0042
91.839
93.9798
90.5867
92.8096
93.6009
88.4721
94.2301
92.7273
97.9088
92.2492
126.529
90.9425
111.895
91.0549
91.2656
90.5763
92.3488
94.0349
93.9942
89.0533
91.2179
90.2395
93.1373
33.9129
113.933
91.2088
93.4138
94.0677
95.0725
88.2986
92.804
92.4087
88.807
93.9844
94.0159
94.2005
93.0438
94.2722
92.4108
91.6645
92.8653
90.358
118.208
93.7984
92.9286
93.5178
91.739
99.2065
106.248
92.9097
98.0282
92.5648
87.7221
90.0805
92.9236
90.8505
92.0572
93.2427
92.275
91.6785
93.5147
126.671
91.8502
93.9689
126.156
94.2675
94.2924
94.3692
80.3267
99.9315
99.7052
94.1054
97.1449
94.1238
97.2461
97.3709
100.617
98.766
93.7419
92.7887
90.1259
93.2005
91.8429
103.59
94.2647
93.1213
94.2846
91.1798
90.2979
99.3587
93.3141
93
90.7433
95.1116
93.4611
91.145
94.2021
94.3927
97.046
50.6594
90.5594
91.9085
94.0037
91.6129
93.0698
92.3316
90.5295
94.1543
92.2433
90.4684
94.0632
123.179
94.2208
94.3625
92.6826
90.3741
92.2296
98.1474
90.1324
92.2278
93.2069
91.5904
90.5016
94.2129
93.3271
114.517
111.638
90.7487
91.0408
92.4678
94.4943
94.3101
92.0699
92.0616
125.207
99.898
90.7979
115.772
94.303
90.4535
88.1824
92.606
93.8753
82.1347
94.3095
100.385
91.3489
91.1154
94.3198
97.1009
94.2327
87.3201
128.768
88.3272
94.2297
94.345
94.3473
94.3441
114
124.062
94.2878
92.9883
91.5173
109.336
92.1646
90.8955
94.3573
92.5251
90.4491
92.0815
91.6968
91.3063
90.4449
95.87
91.7051
84.7523
105.335
94.3599
94.3501
88.5309
92.5392
91.8016
101.41
92.2173
91.7149
92.4487
90.6231
92.5812
94.099
98.4391
91.1725
17.502
97.0084
90.5742
91.9866
91.4146
90.186
93.386
90.7599
94.3803
92.3018
94.2039
92.2476
93.5071
122.649
90.0776
125.012
93.3589
91.1172
94.2959
93.0572
91.843
91.0263
53.0474
117.471
98.5232
94.3047
92.4612
92.2223
84.2157
85.4938
94.2945
91.9169
98.6926
98.3356
92.2415
93.8961
45.643
93.941
90.6601
91.9678
92.3144
91.1784
91.5187
92.5721
90.1924
52.8748
92.2345
92.5181
92.4469
93.7596
92.9661
89.5622
89.08
94.0272
97.0541
109.252
95.7835
92.6181
91.4488
91.5538
91.5269
87.6234
94.2927
127.067
118.047
93.7218
82.1776
93.3164
91.9926
90.5066
94.0381
92.92
117.106
94.8824
99.8256
91.8306
90.633
91.9752
92.6401
98.8603
90.8551
111.799
92.0995
86.7901
92.3677
94.1462
126.701
94.1485
89.8485
89.3292
93.9182
92.4969
86.025
44.8865
107.911
92.3823
92.7425
89.0134
90.4512
92.7347
91.7895
91.1147
93.4944
94.1568
94.1536
92.0474
126.189
93.4156
93.5545
93.044
94.2796
53.9796
91.7189
87.1036
109.764
92.1502
93.2256
93.7541
98.5973
91.8855
94.1178
92.0442
90.5776
93.4809
91.2319
91.1432
124.251
92.881
93.0995
94.2004
92.2821
89.338
88.0297
93.0847
93.0853
91.4778
91.469
93.3953
98.9149
93.0236
93.7097
116.151
67.3689
93.0789
55.0332
93.4504
91.0626
85.4799
84.056
92.0552
94.0439
76.5328
94.2609
118.175
92.497
86.4485
112.109
123.344
116.161
93.1277
94.2815
94.0353
93.1661
90.8171
83.1219
88.3043
89.7111
93.1814
106.65
106.226
100.438
89.3663
92.8807
88.9871
98.8221
94.3357
94.1039
94.3011
94.1968
92.484
124.184
90.7656
90.7788
90.9416
95.0234
91.5177
92.4672
88.7486
94.3439
92.2737
90.492
94.1168
90.6442
88.3844
93.1941
92.1163
92.7179
87.6049
90.7157
92.0011
91.9461
93.8105
107.427
93.1546
92.3246
92.2888
93.093
112.927
121.297
92.9025
94.3084
115.16
92.4926
100.539
93.6178
93.1284
92.3086
94.1605
92.2701
94.3691
94.4169
92.3823
94.2743
94.0741
125.704
93.4587
94.0384
93.5408
94.0816
92.7221
94.338
87.0611
91.7387
93.65
98.2565
120.27
92.1357
91.0837
92.2791
91.6721
92.8755
91.985
93.0657
92.7006
93.9352
94.2359
92.3695
93.2501
52.1914
91.0278
124.729
94.3524
92.8891
92.6608
122.835
91.3861
52.4816
98.9898
94.239
94.3707
94.2508
94.3254
94.1934
92.1141
90.7307
94.2635
90.6787
92.0716
94.0745
92.1553
93.6525
99.0565
125.354
92.6304
90.2752
92.4145
92.6233
94.1932
91.0783
105.914
84.9875
91.5721
98.4147
92.8498
97.1865
92.3507
98.4422
117.696
93.9799
94.0575
94.4046
91.8078
126.755
90.5008
94.3798
89.1682
91.0985
93.7931
92.9307
92.663
125.292
100.437
94.1092
92.0393
90.6242
98.8264
94.3244
92.2472
91.5437
94.3245
94.1884
90.9947
47.8001
92.7203
92.3877
109.545
126.569
92.5444
94.23
93.996
124.737
91.6357
96.7824
92.1471
37.2092
58.1885
94.3003
50.2304
94.0701
36.2741
91.4652
109.699
90.9241
92.1004
94.2113
94.2053
94.2124
94.2046
92.2546
92.3053
92.1771
92.1893
94.2226
92.3036
62.6147
92.1222
91.8029
91.5617
91.62
56.6269
92.5001
92.2816
88.6285
90.6481
89.6862
87.9599
67.7545
49.5969
87.6954
76.3224
72.0694
88.0385
92.5539
90.9356
91.3185
91.0644
90.9261
91.4539
92.4537
91.6478
93.0861
94.2366
92.2106
91.2019
93.0858
91.4375
91.9992
95.6979
111.541
112.802
92.2298
97.2077
94.7328
88.5062
93.7987
99.265
111.24
115.555
104.755
102.051
119.52
123.549
127.564
126.365
92.8826
91.8537
92.1939
91.9713
93.3259
91.6544
88.5239
91.6084
92.5696
94.2479
94.2521
76.7211
93.5521
94.2517
94.2509
91.3526
118.457
117.345
94.3161
92.8476
90.6466
94.0013
94.3438
94.0431
93.1432
126.713
98.7718
92.3227
92.6303
91.6328
91.25
92.4635
107.082
92.2946
91.58
94.3885
94.2505
93.7314
92.999
92.8183
93.181
91.1144
92.5308
85.1721
105.636
92.7765
91.8681
93.9024
74.0321
92.8771
91.7925
85.9953
93.462
40.0533
94.0653
92.9975
93.6285
92.3208
94.3191
94.2516
92.4642
91.6292
93.3769
94.3458
109.849
92.3917
83.3987
92.0467
93.6641
92.2918
84.6532
105.31
109.708
90.655
93.9664
92.0272
122.153
92.62
92.846
114.741
89.3069
91.5426
93.7326
53.6666
94.2354
86.9626
90.4982
107.22
92.2618
91.3525
92.6969
91.6222
92.5926
93.5471
93.1864
92.4193
92.9105
93.9642
93.4853
94.3273
90.3374
92.3716
94.2606
94.3388
76.7011
91.8649
92.5621
92.4358
94.3547
90.8998
92.9622
93.5633
92.861
93.0859
90.2219
92.9644
125.269
90.1703
93.3212
94.0885
96.9484
92.81
91.4498
92.1856
92.5004
93.2982
92.4214
90.7424
92.7078
87.4498
92.3333
92.8666
125.698
92.4716
85.8778
98.5316
92.9398
93.4555
92.9405
93.2982
91.4334
94.1469
94.2946
90.9402
94.0139
106.554
101.481
94.3319
92.2167
52.1741
89.1278
94.2295
92.3796
84.6191
92.3178
91.7224
92.1662
94.2245
91.9746
93.0039
93.1489
92.0839
94.1974
94.2428
93.8324
88.3928
93.4441
93.9699
88.5395
91.3663
104.58
49.8445
124.648
94.0179
116.515
98.1085
91.3276
91.5983
93.0229
93.7161
94.1481
95.8292
92.7816
105.78
85.0239
92.8733
90.8036
92.5112
98.8834
92.6846
90.4438
92.1961
93.4688
93.1272
57.7854
94.3792
90.7496
92.9217
89.2545
88.1413
99.2876
94.3056
93.9657
94.3057
90.6108
94.0242
92.1279
91.2828
91.2282
124.569
123.751
92.1247
88.0191
89.3126
94.2424
125.145
94.3144
93.4179
91.8798
93.1725
86.0695
111.829
119.113
116.551
92.195
94.34
93.9999
93.4398
126.545
93.0393
106.3
85.2528
89.0922
104.721
123.892
93.9872
80.9593
92.8531
92.6452
93.2131
91.1818
94.2959
99.3267
93.252
89.3588
90.7662
92.7492
94.3111
93.9435
99.0515
94.1198
82.6376
47.9644
94.2965
92.9817
91.5299
89.1169
93.9692
93.1576
93.3239
90.623
91.4876
95.4
90.9562
126.811
92.3313
85.0805
105.645
83.3045
96.7236
93.6598
92.3551
134.421
94.2804
92.4668
92.4701
92.6446
98.341
92.1748
110.932
92.2183
91.3947
87.5939
101.561
113.857
94.332
120.811
94.2893
94.1845
93.5361
90.3509
92.3482
87.6849
109.585
42.8345
91.3589
91.4621
106.04
85.5887
92.0383
94.3183
93.194
91.6146
92.1502
88.9575
92.6143
92.7709
91.7805
94.2569
90.2499
92.3215
90.8897
94.3185
93.0888
94.8008
93.4658
94.2535
90.1322
94.3079
92.2955
84.9382
94.3049
94.047
28.4621
94.2904
92.5008
92.2134
83.7579
101.54
92.9823
94.253
92.2577
91.5047
93.9324
41.1696
94.2487
90.5121
94.0876
92.2198
90.3024
93.017
81.5699
93.4217
94.0048
93.2637
91.752
90.9816
112.875
125.888
92.3288
92.4887
92.833
94.2963
93.8511
125.811
94.393
126.551
92.4636
90.4742
93.9909
91.7638
94.255
86.0951
90.1176
93.3568
94.4318
92.49
87.3347
92.7799
92.5715
125.849
92.1936
98.3997
92.0828
89.5373
93.2587
87.9386
92.895
109.372
92.0598
59.4997
37.0952
118
92.5837
91.7236
92.1931
91.5515
92.787
92.1359
94.2487
94.1338
93.2748
92.7278
91.8413
90.5637
94.0162
126.35
88.8314
110.41
92.163
92.1875
94.2503
90.2442
94.2502
92.3402
126.209
90.9137
86.017
106.366
94.0662
111.574
92.4318
87.5072
112.928
88.0039
83.9711
92.2211
92.5427
107.053
112.819
92.6552
90.0049
94.3114
123.978
94.3191
92.439
91.5122
106.557
94.3071
94.3162
90.755
92.2371
91.8189
39.712
90.4011
94.1874
92.3069
92.7563
97.5377
92.5149
92.7606
94.319
94.3145
91.0842
88.8643
90.181
92.81
91.5388
93.6007
95.6594
101.359
94.2392
92.1788
92.0757
94.0851
94.2991
117.945
94.3281
92.1754
91.8098
95.9487
118.044
128.016
88.0857
89.256
93.0979
94.7041
83.0144
91.1498
87.1476
107.78
92.422
116.471
87.6022
92.5578
109.344
91.4316
91.9614
120.245
92.8573
92.8422
93.1355
126.664
92.4926
93.7326
93.1388
90.7504
90.1189
91.7498
91.7949
85.132
94.3152
92.8348
98.7628
125.066
97.9899
92.9705
92.4921
92.7013
125.036
28.0271
19.1631
94.3087
91.3344
91.1698
93.5085
94.0418
92.2517
109.534
83.1608
94.2858
94.1782
94.0033
93.0323
97.8304
82.76
110.115
51.3013
92.7991
91.681
111.344
92.5528
86.5103
92.2853
94.2057
91.8098
110.434
97.3153
88.1028
92.5632
70.0424
98.6253
91.7186
94.237
89.7954
88.088
49.5171
94.2575
92.6257
92.8414
93.8699
96.8096
85.8013
97.1184
91.9001
126.344
92.825
124.52
92.3975
99.4467
99.4025
94.2345
92.6226
82.2381
92.2069
93.6545
93.01
50.658
88.4928
94.3438
125.401
91.8994
126.834
92.499
92.2605
94.1572
96.4471
116.878
126.331
92.6364
118.847
94.1974
92.7526
93.4315
119.635
89.3689
92.1453
94.3317
114.604
120.323
94.2903
94.1922
50.9278
94.2903
93.8911
85.5021
127.174
94.2296
98.6491
92.0349
94.2528
93.8296
91.1637
92.2508
102.642
8.21586
94.2489
94.3218
126.343
94.3216
92.6921
92.0495
119.373
96.1624
87.8252
93.0722
93.6846
92.063
90.2411
88.9071
91.8478
125.734
42.2297
91.8459
58.2275
92.4118
93.049
119.517
92.2911
91.2266
92.8207
94.2922
93.1768
124.813
94.2801
124.316
124.955
99.5004
94.2899
125.466
91.1073
94.2881
105.248
93.1144
93.7157
94.2683
94.8758
94.2606
93.0075
92.1534
93.1677
93.7958
92.9292
92.6866
94.2183
92.2816
90.7014
94.1373
122.555
94.3202
79.4583
119.903
126.77
94.0672
91.1397
93.5074
92.7067
99.171
94.28
128.169
90.8412
91.8502
88.5012
91.4276
91.8368
90.5708
93.9763
102.554
127.192
96.2479
92.2639
91.8576
126.274
94.0491
92.4443
64.006
90.8857
94.3733
90.1389
92.3719
125.45
93.2143
90.0981
88.3457
91.2821
92.2215
93.3657
92.6684
109.11
54.1683
125.575
92.9794
53.3409
92.6333
93.0377
125.314
89.7808
92.198
118.404
115.18
91.5207
55.0241
91.6288
90.8956
125.934
125.684
126.051
125.813
69.1894
119.243
65.2613
61.4361
51.9225
118.923
51.9911
51.2687
57.6983
124.842
124.918
52.182
125.027
125.166
94.3012
116.177
116.814
94.2941
94.2772
94.2718
94.2878
94.2737
94.2555
93.1234
90.7578
90.1311
93.2061
96.6573
110.339
86.4082
92.3834
112.651
90.1333
92.7579
94.4174
92.3855
91.8857
99.3781
124.939
94.2931
94.2815
94.3865
92.3614
94.3734
125.314
89.3517
93.0308
91.831
92.3287
93.8876
92.8662
92.5056
126.072
93.2355
82.0314
110.404
91.8432
86.6323
94.2526
93.0492
93.7002
92.3016
91.8573
94.2948
91.7216
87.9879
89.2196
93.1722
94.0597
93.6125
85.866
93.9344
94.3364
92.1057
91.8509
94.0737
94.5632
94.127
94.289
122.738
92.3114
92.3348
89.3356
88.7834
90.2631
92.7571
99.4495
94.2455
87.8452
93.0872
91.699
92.2994
124.594
92.6615
110.011
92.6743
125.522
94.2718
92.2368
94.0474
93.0545
93.6657
92.1767
92.3439
90.28
94.1804
91.1885
124.34
94.021
94.2541
79.2538
94.2704
94.3651
94.3384
127.525
90.4969
92.5052
93.7902
90.1579
46.8653
117.156
118.055
94.3864
92.2433
92.961
91.1565
90.8193
116.328
126.987
89.3014
94.4453
92.4325
92.2386
90.5942
94.1028
115.252
93.0314
91.1619
93.501
94.191
93.0447
93.4851
92.2155
92.334
92.7103
94.3086
35.0319
94.2817
93.0808
92.6624
94.2671
87.3316
94.2289
87.4741
92.3522
110.694
93.1024
93.6852
116.08
85.4742
97.9897
125.455
93.885
82.4025
93.1242
123.532
92.0746
98.7584
94.2219
84.5858
105.519
84.8046
89.9967
91.8904
90.5927
94.0128
94.2765
119.691
121.923
90.851
90.2691
91.9229
105.96
85.7257
91.1191
91.7219
88.8838
91.9346
92.2632
91.7427
92.4149
102.489
124.421
93.3101
109.739
99.2834
92.4494
86.9702
83.5842
92.8535
82.7638
93.0746
91.9978
93.981
92.8267
84.9553
91.3949
86.499
106.825
121.07
92.3508
90.3841
94.1947
92.3585
113.399
101.315
92.6462
106.004
92.1737
90.8689
93.7708
115.766
106.107
17.6895
92.0605
90.6018
94.0448
93.7351
92.9953
98.8322
91.8603
92.8279
90.3444
88.8595
93.2088
91.6333
94.0914
93.0899
94.1985
96.992
44.2891
97.1241
8.56094
116.733
94.3652
118.508
118.138
94.3101
92.2576
94.1636
92.4702
90.2873
94.2975
92.2817
110.658
84.5977
112.558
92.9367
93.7596
94.1954
92.3525
124.588
94.3438
97.574
94.1808
94.2273
94.3469
49.218
92.3163
91.8375
87.6207
94.0489
125.25
106.945
85.544
90.449
129.11
92.1778
99.8675
89.9608
92.2442
90.3093
94.1137
43.5379
94.3013
94.2427
96.6319
92.0504
101.133
94.2868
93.84
92.8974
94.1998
91.9246
92.7652
92.6086
93.6656
92.2606
82.2416
92.4082
94.2814
90.7484
99.0864
117.175
93.5572
73.8999
102.197
92.5439
110.292
91.8662
86.9902
91.7791
91.7213
97.0281
121.501
94.2328
87.0871
94.1826
94.2972
90.7165
93.1002
86.3998
92.9534
91.4532
90.3684
93.9386
91.8644
91.4433
94.2704
98.3622
92.522
100.163
94.1139
89.4453
88.0364
94.1175
93.4514
91.3862
92.266
90.0664
92.3098
87.1801
60.4013
121.68
96.3499
84.9977
94.0585
91.9828
90.614
94.0664
84.4736
92.2486
92.529
40.2273
97.0096
98.849
116.821
98.5734
18.2917
88.2487
93.1766
99.7828
125.913
92.4275
92.6993
92.5328
89.4855
83.3891
93.7338
91.1116
92.4169
92.0305
94.3134
91.8878
91.8145
92.2193
94.1823
93.3215
94.22
87.1233
90.3356
90.1712
90.9317
92.2565
91.5116
94.563
91.6013
93.379
91.408
90.8441
90.9913
85.9747
126.583
89.6056
87.994
106.374
85.6321
92.8541
92.3575
92.6275
94.041
94.2549
94.2683
94.2315
97.1174
106.586
118.595
124.414
49.7845
93.8028
92.5006
93.1557
93.926
42.1366
91.3023
115.329
126.675
123.519
90.7634
93.2289
124.699
94.0828
84.8674
105.644
91.7807
121.446
121.838
117.998
92.2928
97.5851
94.3073
97.7854
92.7798
93.9438
125.171
108.784
92.8406
82.0764
115.944
100.29
91.0734
93.2068
65.3609
124.529
92.4524
91.3514
93.1543
94.0219
88.3941
92.8281
88.9319
126.672
126.612
79.0085
93.935
92.836
88.7555
92.5917
92.2746
93.1691
91.6513
82.5237
93.9343
93.0727
90.1515
94.3131
92.3383
92.9129
47.5515
113.445
92.3527
94.2478
93.7769
92.1568
94.193
48.2458
91.7248
93.9791
90.762
87.0451
107.182
91.2255
94.3379
38.605
83.72
93.422
94.137
93.1279
117.336
89.4377
90.6874
92.8022
92.4693
94.1566
92.271
94.1248
90.5096
91.3515
92.4759
92.3432
91.7149
93.4784
94.1004
116.901
94.1879
92.4126
90.5236
92.5347
86.1523
98.4108
91.7172
112.77
114.952
92.5694
91.8079
92.4947
92.2198
91.9968
94.2671
54.5679
94.3052
93.6925
92.2548
92.5735
87.9992
91.4908
96.5307
94.0005
91.9231
90.601
91.8815
90.1333
89.7012
85.9303
90.693
106.202
105.931
85.9639
91.3182
92.6879
93.4957
97.716
94.3102
85.5078
94.2433
96.7967
93.8041
93.4662
93.6813
98.5005
96.5123
90.9988
124.169
87.7284
108.101
93.2341
90.642
53.8311
85.354
93.1478
94.4049
90.8444
92.3065
92.4611
84.5914
84.4529
93.1838
94.2884
90.2666
94.2476
107.236
91.5212
85.6048
106.066
91.917
94.4057
92.3898
94.2989
94.2472
90.9693
91.6348
91.0409
90.8009
84.9965
93.0535
94.1
90.9307
96.6337
94.3076
94.2896
92.3239
94.1936
89.8245
94.297
124.765
98.9609
90.8111
124.936
108.951
91.7419
87.531
92.7182
98.1199
47.2636
92.9089
92.2696
94.2147
95.3429
93.3302
91.5591
116.476
93.3118
92.1052
92.1052
94.2383
98.9318
101.426
93.2783
94.1319
123.169
89.5763
92.4951
94.1016
118.813
94.2578
84.4698
90.9622
92.2233
94.2315
106.657
86.6136
91.3007
90.6261
122.185
94.2619
92.9762
92.4219
94.2367
127.826
77.9217
90.8078
90.2097
94.1252
92.6526
94.3118
29.6957
94.2383
125.891
91.7688
92.2362
92.5212
93.0297
92.3583
92.4729
92.9271
91.6174
91.6473
126.52
94.4025
94.305
83.5287
92.0388
94.0093
62.8685
94.2931
91.7613
91.4423
96.6597
93.4221
94.0661
93.598
93.103
91.714
92.6304
97.2932
93.6642
95.5288
93.138
94.2538
93.9599
94.2103
92.2904
95.027
93.7507
93.9232
93.6509
96.4223
93.9668
91.9914
90.6761
93.0042
117.049
86.3037
93.6135
97.469
94.2139
94.246
93.5878
91.6997
91.0757
90.5733
91.9339
94.0171
94.314
85.5139
92.2691
92.535
93.241
94.2334
98.8712
93.5082
92.0699
90.8221
92.4076
92.4074
92.5905
125.334
92.3767
92.4624
92.6801
55.9902
92.7427
98.5857
58.4228
92.3046
90.2999
92.9865
94.25
92.36
94.2418
97.2171
100.949
92.4297
94.2497
92.0699
93.7617
93.3402
106.978
85.6517
88.5459
94.0339
124.737
92.3252
90.7345
92.4458
94.2529
92.8028
93.7957
90.9764
93.1222
92.0172
94.1647
91.4326
92.2156
94.3043
85.1227
92.3265
94.241
92.4358
122.196
94.2765
91.4594
92.4854
94.402
94.3245
38.1636
92.3846
91.6118
91.7011
92.1026
92.7564
93.7586
92.6873
93.7604
92.9648
94.2978
94.2695
90.1094
93.1332
89.4001
88.1753
93.6505
92.3519
94.4121
92.4124
92.5843
94.3909
92.3205
111.784
87.2807
91.6812
109.854
92.2459
94.181
91.385
91.2139
73.4902
94.128
92.5059
92.2943
94.3315
125.155
90.1221
50.5124
85.9885
93.3494
126.967
87.6299
118.198
93.1426
85.8534
92.765
92.7852
94.3382
93.4135
92.4394
92.7076
93.6801
90.1453
94.1396
94.4219
92.475
90.3567
92.2623
91.068
92.8864
93.7404
113.547
90.4043
91.8449
92.5656
94.3332
90.1945
92.3662
94.1659
94.2989
94.3362
92.1431
90.3359
99.6564
110.471
92.0614
90.9115
94.0046
90.6782
92.1006
107.404
91.7168
80.2671
88.0064
92.5027
108.737
87.9362
74.0314
117.816
98.2695
86.0752
108.767
92.2306
87.7557
94.1496
91.178
92.6697
92.245
93.4178
52.2988
92.7547
118.51
93.6212
90.9234
92.8622
91.9226
94.0305
88.2035
92.8155
91.7546
85.1386
105.5
92.3243
82.702
94.1438
90.52
92.3105
92.2938
98.1674
93.0121
57.842
113.943
91.9127
87.6794
111.403
94.078
92.2731
92.4616
94.3063
88.5313
86.0947
93.4061
55.4464
91.4895
90.6299
92.2738
93.9674
90.6899
92.021
94.2745
88.2941
90.7515
94.1964
94.3462
93.2515
94.0703
90.6278
92.2101
88.0784
89.6121
93.1716
96.8838
92.236
93.5802
39.0936
125.462
91.8909
91.7975
94.3596
92.7544
113.319
94.0754
126.537
93.2991
94.3065
91.0617
91.6942
93.0269
94.3101
92.384
90.2583
88.139
93.0032
89.2974
120.971
43.7228
94.4972
94.1841
92.0734
53.409
91.6729
93.5568
82.8235
94.2315
98.4755
127.146
94.2203
92.8352
92.9388
94.2282
94.3029
119.646
93.4272
127.282
55.0948
90.6985
114.211
94.2846
94.3805
92.5039
91.3366
94.241
91.486
90.1149
36.8556
118.141
94.3593
92.3121
94.2811
90.1812
92.3175
93.1506
85.0482
75.058
93.0131
94.0358
94.2036
92.2732
94.3362
126.873
112.892
92.4609
88.1429
49.5857
94.2854
92.4329
126.482
100.703
92.0119
94.0001
90.6671
92.0111
92.196
94.0282
94.2468
92.2948
91.3647
101.177
17.7176
85.6847
89.362
94.295
99.9237
92.9462
94.3305
98.0034
91.4542
91.6214
94.5515
125.656
92.3417
92.0196
87.8718
125.371
86.8344
65.8001
94.2907
85.6456
94.2272
94.1856
93.9179
113.556
123.903
94.255
44.4756
124.151
94.1834
94.3101
91.8454
124.326
58.1984
94.2987
108.372
91.9827
87.6311
94.2914
125.186
124.246
93.3856
94.3007
94.1426
90.3753
92.1037
90.7917
92.1861
123.478
51.455
90.9626
93.7048
91.4308
94.2656
107.985
86.0989
89.3912
124.51
90.7082
93.115
94.2473
123.192
124.028
94.24
92.6602
94.0418
92.0244
90.6715
125.621
94.1912
94.2901
103.422
94.3159
126.889
122.71
97.3599
122.807
94.2806
92.3848
92.6348
93.1675
90.7739
55.9947
126.998
94.0706
102.757
94.2903
90.2036
92.3564
94.2865
127.136
114.314
97.9511
126.157
94.1453
93.2113
91.7651
124.477
85.9909
94.2928
101.962
91.8289
91.8599
92.3424
97.6269
120.255
94.1222
125.937
91.0039
100.579
87.1924
128.208
94.2338
92.3488
90.6983
94.2586
94.2426
94.2914
94.2512
94.1855
59.1624
125.857
55.4413
92.865
93.4465
83.5069
94.2323
94.1997
92.1374
94.2508
85.7352
91.3428
92.2587
94.0441
94.2066
125.908
83.7115
84.1909
87.3562
92.2546
92.5647
93.3858
92.9184
89.5775
88.3665
83.0101
94.034
91.9923
90.6474
83.6403
84.9112
94.1643
94.1878
91.1034
91.2383
94.1991
94.1999
96.2104
92.4456
91.8405
84.8922
105.772
92.3363
94.2561
94.2585
93.9823
90.6232
91.9393
92.2212
93.0209
93.6358
94.1795
122.371
127.521
89.0121
92.5902
94.2027
92.159
90.7761
93.0301
93.5066
118.47
88.4647
92.2108
93.3272
92.1883
65.9594
93.0287
92.0287
118.907
99.5571
94.2646
92.1571
75.9222
104.631
92.2633
90.3589
94.257
125.871
98.9548
94.2506
92.6492
91.9214
92.0405
85.759
106.121
124.875
94.1699
94.2309
98.5724
89.7725
125.36
110.764
92.3431
87.5109
121.425
89.066
92.7778
92.9495
92.1701
94.2733
94.2567
62.0339
126.127
94.3471
91.7944
92.3054
92.3765
92.1146
51.3776
87.6451
94.0784
94.2884
94.2509
94.1776
94.1967
84.3923
94.2323
93.4982
89.9566
87.9753
93.1648
87.3204
92.665
107.363
92.2526
86.989
88.3143
88.6402
93.0854
93.0172
89.4564
89.7558
122.394
125.318
96.9374
124.563
98.2493
124.989
125.553
125.98
99.0723
98.4275
117.675
88.7505
94.3077
94.3152
94.249
94.2551
90.1764
123.357
94.4173
92.4773
94.2585
58.8328
92.2384
107.861
80.3362
93.0836
94.3419
86.64
92.4484
92.3913
92.7048
92.4153
99.4221
115.138
48.7044
90.4059
92.9105
125.945
94.2543
92.3195
92.3916
92.6703
94.1698
94.2935
85.6734
92.2866
92.3943
92.8064
90.9654
113.877
89.6621
93.4641
90.1925
38.3971
98.4717
100.084
87.7382
125.652
81.3266
88.0206
108.308
124.81
89.364
89.8542
91.0638
88.6413
89.7314
118.016
90.5702
91.0824
92.5235
91.1415
97.9575
96.6934
92.8486
92.982
93.1828
93.2819
92.2829
93.5671
93.0831
94.1657
93.9221
94.0091
94.0261
93.6551
94.0488
94.3197
94.2359
22.337
57.2864
86.2686
103.299
85.8267
87.363
87.2054
93.9134
99.3504
90.1473
91.3541
95.7741
99.5153
90.3181
92.3685
94.6126
102.552
88.1124
91.8039
108.769
138.161
103.582
109.437
121.054
127.229
117.812
115.737
114.409
88.285
88.3254
90.3063
90.0878
93.21
86.814
90.1583
90.6669
89.0012
88.3445
91.45
91.1851
109.207
88.0067
124.835
125.146
125.73
)
;

boundaryField
{
    frontAndBack
    {
        type            empty;
    }
    wallOuter
    {
        type            zeroGradient;
    }
    inlet
    {
        type            zeroGradient;
    }
    outlet
    {
        type            fixedValue;
        value           uniform 0;
    }
    wallInner
    {
        type            zeroGradient;
    }
}


// ************************************************************************* //
