/*--------------------------------*- C++ -*----------------------------------*\
| =========                 |                                                 |
| \\      /  F ield         | OpenFOAM: The Open Source CFD Toolbox           |
|  \\    /   O peration     | Version:  v1912                                 |
|   \\  /    A nd           | Website:  www.openfoam.com                      |
|    \\/     M anipulation  |                                                 |
\*---------------------------------------------------------------------------*/
FoamFile
{
    version     2.0;
    format      ascii;
    class       volVectorField;
    location    "0.99";
    object      U;
}
// * * * * * * * * * * * * * * * * * * * * * * * * * * * * * * * * * * * * * //

dimensions      [0 1 -1 0 0 0 0];


internalField   nonuniform List<vector> 
1466
(
(2.54833 -0.191378 -1.83099e-16)
(4.71193 -0.108425 -3.20724e-19)
(-2.77103 -0.199106 4.90868e-16)
(0.0218953 9.31465 -3.81233e-17)
(-0.660587 -0.838883 -6.48285e-16)
(-2.12299 0.113219 -9.05938e-16)
(-0.933104 0.329567 2.13418e-16)
(3.17754 -0.370042 1.32839e-16)
(7.36875 0.110938 -8.83006e-19)
(4.82177 -0.170496 1.35167e-16)
(5.91413 -0.229623 -1.83607e-16)
(5.05375 -0.508809 0)
(8.38916 0.0652852 0)
(-0.27775 -1.3877 -1.52052e-16)
(-1.21067 0.136895 0)
(4.57996 -0.496415 1.42049e-16)
(2.33714 -1.52569 -8.78891e-17)
(0.0311997 5.25588 -2.52099e-17)
(0.914667 5.57647 -8.04482e-17)
(-0.0805237 7.43121 1.35251e-16)
(0.104191 7.54528 5.90603e-17)
(-2.14455 0.0448022 5.39571e-18)
(0.0156522 6.17644 -5.62073e-17)
(-0.114969 7.17574 -1.46555e-17)
(8.2649 0.142535 7.38477e-17)
(-0.318349 0.0702119 -2.77771e-16)
(-1.40162 0.578677 -1.23599e-16)
(-0.109626 7.657 0)
(-1.69644 0.0109861 0)
(4.73308 2.35055 5.10916e-17)
(6.04854 -0.635825 1.21928e-16)
(-0.463325 -0.0421669 1.68798e-16)
(-0.65796 -0.952203 2.16475e-16)
(-0.389278 6.44273 1.39092e-16)
(4.22075 -0.205346 9.41974e-17)
(-0.915389 1.01801 2.29654e-16)
(-0.315815 5.77627 0)
(2.178 -0.663161 -2.5663e-16)
(5.21021 0.178466 -2.67265e-16)
(-1.7347 -0.0765784 -3.59657e-16)
(-1.90862 -0.0368298 -1.39057e-16)
(-2.97762 0.0207522 -3.04932e-16)
(-3.10661 -0.095038 1.66382e-16)
(-1.88904 -0.143226 1.23677e-18)
(-1.12624 -0.284289 -4.03238e-18)
(2.89962 0.00362111 0)
(6.15565 0.103016 6.90035e-18)
(1.36156 -0.129416 0)
(-1.8709 -0.326475 1.2614e-16)
(0.618248 -0.228307 0)
(-1.2269 0.297839 -1.01795e-16)
(4.61505 -0.069742 -3.45401e-16)
(-2.26509 -0.0865654 6.03543e-16)
(-0.0866118 -0.352749 6.49164e-16)
(-1.2093 -0.544828 -9.73818e-17)
(6.39336 -0.0466126 1.23268e-16)
(2.90239 -0.0629495 -1.89015e-17)
(5.81484 0.007075 0)
(-0.21163 -0.0952071 1.16513e-17)
(4.76037 0.0222284 0)
(0.341098 -0.0333638 2.12829e-19)
(-1.20747 0.114735 -1.11897e-16)
(-1.16929 -0.185587 1.76745e-16)
(4.10347 -0.194549 1.34075e-16)
(1.41383 5.60046 -1.76979e-16)
(1.9671 0.552321 2.21544e-16)
(-0.345999 1.97326 0)
(-0.040044 5.24146 2.75418e-17)
(7.24087 0.507538 2.90624e-17)
(-2.0954 0.126202 -1.59465e-16)
(1.19901 0.82056 1.17972e-15)
(-0.116655 5.97353 0)
(-0.0319584 5.83159 0)
(8.17478 0.212358 -1.52006e-16)
(0.0654448 -0.35398 2.93269e-16)
(5.88857 -0.0613075 -1.13838e-16)
(-1.27436 0.048968 9.68561e-17)
(-1.07203 -0.372111 -1.01086e-16)
(-1.39728 -0.156759 0)
(3.74993 0.776772 0)
(4.34795 0.0129674 -1.2564e-16)
(4.81097 -0.370145 -1.72998e-16)
(-1.76003 1.23909 -2.46307e-16)
(0.917839 3.29117 2.59907e-16)
(-0.126856 5.25172 1.15516e-16)
(0.583126 5.79753 4.22844e-17)
(-0.44989 7.73828 0)
(3.53684 0.261286 1.6628e-18)
(4.98784 0.102328 2.48317e-16)
(-0.171266 0.488008 -3.08624e-16)
(-0.083738 0.0651839 -9.8994e-17)
(-2.07211 0.379023 -2.21203e-16)
(0.134436 7.05917 -4.22501e-17)
(1.61278 -0.851102 -1.98197e-16)
(1.68745 -0.463526 0)
(-2.07845 -0.356869 -3.27346e-16)
(4.49339 -0.12852 3.02566e-16)
(6.20014 -0.0351285 -7.16684e-18)
(6.56234 -0.125502 3.08042e-16)
(-1.15122 -0.420718 9.08237e-17)
(-1.82775 0.253462 4.99806e-16)
(-0.605762 0.0199707 0)
(1.44077 -0.0312764 3.76094e-16)
(-1.06731 -0.523914 3.28533e-16)
(-3.02417 -0.148898 -1.24527e-16)
(3.5296 0.163185 6.1711e-17)
(-2.34564 -0.165394 -2.27968e-17)
(0.806158 -0.30335 0)
(5.22654 -0.424576 1.74946e-16)
(2.5997 0.00517124 6.72761e-17)
(0.196375 -0.000118251 -2.76783e-16)
(4.64606 -0.0873793 3.71764e-17)
(1.9633 -0.402308 -3.38123e-17)
(-3.23258 -0.00817503 -3.83696e-17)
(4.24947 -0.338639 0)
(0.515276 0.0683301 8.99485e-17)
(-2.79572 0.165243 1.416e-16)
(3.78746 -0.0212227 0)
(-1.33346 0.181992 1.5064e-16)
(-1.34484 0.150163 -6.16596e-16)
(-0.282457 9.11273 -2.95982e-17)
(-0.377485 -0.356328 3.07086e-16)
(-0.00951768 -0.966122 -1.11551e-15)
(-1.66814 -0.24924 0)
(-0.525411 -0.32791 -7.86156e-16)
(-1.20276 1.05482 -5.84327e-19)
(6.38314 0.950794 4.68969e-17)
(-0.24628 5.78696 -6.1507e-17)
(-0.07971 7.01774 2.31741e-17)
(0.856635 0.472126 1.76978e-16)
(5.04291 -0.0316893 2.04412e-17)
(-2.42775 0.182197 0)
(-0.152019 6.30542 3.88273e-17)
(-0.145851 7.22339 3.07191e-17)
(-0.0147385 -0.0306974 -1.60769e-17)
(-1.54995 0.0575364 0)
(-1.5096 0.0603164 0)
(0.618688 -0.530398 -1.0201e-17)
(-1.76657 0.0514359 -9.32473e-17)
(-1.71805 0.0169896 1.9279e-16)
(-0.136814 -0.322354 0)
(-0.049663 7.6707 -5.81135e-17)
(-0.11323 6.50136 -2.73679e-17)
(0.358215 5.23696 -2.23906e-18)
(-1.57126 -0.491207 -2.24319e-16)
(0.944042 6.48911 8.90403e-17)
(-0.464313 -0.047877 -2.89897e-16)
(0.545324 0.0689965 -4.50092e-16)
(1.53187 0.703922 -6.98695e-17)
(-1.01101 -1.04676 1.14856e-15)
(0.0191138 0.0411024 1.84792e-16)
(3.38573 -0.125223 -5.15911e-20)
(6.82991 0.815658 -1.37224e-19)
(0.793383 0.118178 0)
(1.57719 0.695003 0)
(-2.08712 0.135829 2.09555e-16)
(-0.205025 7.51513 -1.41488e-17)
(-0.453941 8.52723 -1.31825e-16)
(-0.194615 0.00786494 1.09017e-15)
(5.46035 3.72112 6.71962e-17)
(-0.449024 -0.00633376 1.27675e-16)
(5.31086 1.28226 0)
(0.569703 3.04142 7.40641e-17)
(-0.183372 6.79027 5.55219e-19)
(2.58589 2.61684 0)
(-2.67785 -0.225536 1.40094e-16)
(-0.0964787 6.55691 0)
(-0.206865 4.88481 1.88321e-16)
(-0.15252 6.56698 -2.86903e-17)
(2.03233 8.81015 5.66414e-17)
(-0.110496 6.74116 1.934e-16)
(-0.402809 0.0768651 -1.22346e-16)
(0.966091 -0.0946035 4.83664e-17)
(7.14854 0.661321 -1.51844e-17)
(3.86696 -0.00629599 -2.36317e-16)
(7.67004 0.138401 -2.93305e-16)
(5.08828 2.9207 1.62853e-16)
(3.59092 1.64255 -7.45694e-17)
(0.0565382 0.0286881 -3.74812e-16)
(0.931394 1.14138 -2.46209e-16)
(8.65186 0.162876 3.59679e-16)
(3.94407 -0.132453 -2.44357e-17)
(-0.082862 4.81288 -1.79638e-16)
(0.918427 0.236983 2.86861e-16)
(3.79364 0.177919 -4.20875e-17)
(0.188707 5.51783 -2.87326e-18)
(-0.139319 5.171 -1.13827e-16)
(2.00068 4.57743 -1.43671e-16)
(7.08163 0.335536 7.18881e-17)
(-1.4889 -0.0495437 3.85872e-16)
(-0.0548092 6.86739 -1.29996e-16)
(0.382084 -0.0902885 1.63189e-19)
(0.558021 4.07605 6.74351e-18)
(0.773043 6.14518 2.31275e-16)
(5.84041 3.25646 -3.97879e-17)
(0.322927 0.108764 0)
(-1.53029 0.244867 3.29242e-18)
(3.44953 1.19096 -3.56716e-16)
(1.29989 2.29682 -2.61201e-16)
(1.69158 5.8483 -4.69372e-16)
(0.335784 3.15559 0)
(1.16173 0.552453 0)
(5.32623 2.15161 -5.39493e-21)
(0.324225 2.27005 0)
(1.36104 0.609451 2.06357e-16)
(1.66146 1.84315 -1.86142e-16)
(0.583043 6.8607 -1.03898e-16)
(6.73405 3.59183 0)
(-0.0416933 0.0797896 1.39137e-16)
(-0.0600842 7.31998 2.27607e-19)
(0.547653 5.98338 7.5221e-17)
(-0.0802072 5.31525 -1.08388e-16)
(-0.23989 2.37767 0)
(-0.156652 7.1609 1.4211e-16)
(0.248756 7.32881 -3.65815e-17)
(-0.166932 6.5347 2.19716e-19)
(-0.00215489 5.52677 2.96413e-18)
(-0.151336 5.01351 -9.94036e-17)
(3.58914 4.12605 1.44427e-16)
(-0.117108 6.88099 2.1226e-16)
(-0.273451 5.41572 -1.42641e-16)
(0.555725 0.0129531 -1.25881e-16)
(-0.147672 6.35471 -2.13692e-16)
(0.574584 0.155603 2.49614e-16)
(-0.160659 6.43525 9.17352e-17)
(3.51921 3.60272 -1.52187e-16)
(-0.84932 -1.36486 4.95407e-16)
(0.748312 0.601726 -2.76455e-16)
(0.0194961 0.0773688 -3.02665e-16)
(0.524277 -0.0225724 -3.31486e-20)
(0.691502 0.358619 -6.28089e-16)
(4.06856 0.0823887 2.27254e-16)
(1.00874 5.02115 1.15256e-16)
(0.563306 3.27287 2.0902e-16)
(-0.926346 0.776465 5.5233e-17)
(2.08017 1.35587 -7.43682e-16)
(-0.102881 6.49788 4.01829e-17)
(0.0178924 5.03025 1.78998e-17)
(0.615671 0.268117 2.48625e-16)
(-0.0575459 6.53646 2.47259e-17)
(0.178052 1.80088 0)
(4.14 0.718834 4.76657e-17)
(5.67581 3.08073 8.67595e-17)
(2.31008 4.35629 2.12217e-16)
(0.147268 0.198287 0)
(5.727 1.17652 0)
(-0.424406 -0.0277181 0)
(8.57396 0.332936 0)
(2.87739 0.800236 -1.24953e-16)
(5.94173 3.54557 -7.87658e-17)
(-0.0518862 6.15764 -5.39115e-17)
(1.21301 6.04707 -2.51306e-16)
(6.92847 4.1921 3.32397e-18)
(3.67206 -0.893033 -1.10224e-16)
(-0.482421 0.0453403 3.11839e-16)
(0.378368 0.00716557 -2.80515e-16)
(-0.25919 7.64208 0)
(8.93875 3.95166 -1.85354e-16)
(-0.0401119 3.84523 -7.42071e-17)
(-0.0931264 2.43435 1.13978e-16)
(-0.00470495 -0.563386 0)
(-0.195333 6.4149 -2.46306e-17)
(-0.132697 7.18308 -3.91811e-17)
(0.553715 -0.0626174 2.06114e-21)
(4.28278 3.79041 1.06834e-17)
(0.794572 0.0258626 -3.11252e-16)
(4.05715 -0.0737668 2.40762e-16)
(1.55068 0.7667 -1.23612e-16)
(0.494773 6.69292 -1.88665e-17)
(9.27364 3.57598 -8.9024e-17)
(1.77873 4.15537 -1.24234e-16)
(-0.0722245 3.79923 0)
(-0.282309 -0.633131 7.11157e-18)
(0.0163529 0.100201 -1.78714e-16)
(-0.101616 -0.015353 -4.0535e-16)
(0.738767 0.221113 4.81149e-16)
(0.25279 0.0905353 -2.6026e-16)
(2.69659 5.23138 -1.28817e-16)
(-0.182112 6.20577 -1.28795e-16)
(1.98511 0.843492 1.90379e-16)
(0.402976 -0.0535457 2.2634e-16)
(1.99605 -1.09636 2.53121e-17)
(2.44185 3.66555 0)
(5.18382 0.50928 -4.26739e-17)
(0.203984 -1.64603 4.93319e-16)
(0.55707 -0.446941 -1.76778e-16)
(2.60082 1.25718 0)
(2.67337 1.2354 -3.43959e-16)
(-0.212023 -0.216951 0)
(7.84331 4.0482 -2.9469e-16)
(7.59397 1.16533 1.51457e-16)
(1.92688 -0.138759 -1.43008e-18)
(8.57755 0.125662 -3.77326e-16)
(-0.560986 -0.117644 0)
(3.85487 5.75841 1.11653e-16)
(1.02115 2.44979 -3.92961e-16)
(-0.0810623 3.47849 1.35452e-16)
(0.510089 -0.632807 4.43327e-17)
(2.51934 1.21195 8.46293e-17)
(0.36582 -0.0451511 -2.76321e-16)
(0.143428 -1.25845 0)
(-0.797685 -0.0417716 1.94474e-16)
(-0.440039 -0.212369 0)
(8.75919 0.394478 -2.27385e-16)
(-0.394373 8.37583 0)
(0.323423 0.258975 1.07748e-16)
(0.35837 -0.992093 1.49484e-16)
(0.141692 -1.34588 -2.51278e-17)
(3.25519 8.40907 -2.82124e-17)
(-0.264399 7.32609 7.07872e-17)
(6.9828 1.86831 1.65238e-16)
(-0.38473 4.40503 0)
(-0.103243 6.54219 -1.87302e-19)
(3.05594 0.339082 -1.51715e-16)
(3.80071 1.84079 -2.01844e-16)
(4.82012 2.84486 -3.03782e-16)
(-0.177634 -0.0281926 0)
(5.28987 3.51597 2.28106e-16)
(-0.0889008 -1.00344 0)
(-0.637529 0.174338 3.22073e-16)
(0.0178086 -1.32368 0)
(-0.0877221 3.68728 -1.41891e-16)
(0.0705863 1.91841 -7.07848e-17)
(0.258486 -0.0272292 3.54141e-16)
(-0.326996 8.75472 -2.0411e-17)
(7.835 5.23131 -9.20493e-17)
(0.711175 -0.312077 -9.0179e-17)
(4.84382 3.71641 -2.28058e-16)
(-0.0230853 -0.0506679 -2.9418e-16)
(3.06404 0.125184 1.83147e-16)
(0.0551175 5.75494 1.01003e-16)
(7.89396 4.63706 5.5874e-16)
(-1.63882 -0.938146 -3.79808e-16)
(3.57165 7.14433 2.40956e-17)
(2.34676 2.66313 -1.68178e-16)
(7.15487 1.74955 6.87164e-17)
(2.41847 1.4135 -4.38249e-16)
(0.65369 0.16201 4.33741e-16)
(0.763419 -0.603517 -2.46575e-16)
(-0.693431 -0.778484 -2.0899e-16)
(0.127782 -0.819342 8.76724e-19)
(6.48567 3.14233 7.3517e-17)
(1.22715 -1.43561 4.25319e-17)
(3.22815 3.25946 -3.58939e-17)
(1.62438 8.7496 -6.13397e-17)
(-0.638877 -0.129806 -9.85042e-17)
(5.43667 0.410267 -2.00601e-17)
(3.91298 6.08903 -8.37001e-17)
(6.7768 0.210534 2.67422e-17)
(2.79638 2.2352 1.82437e-16)
(6.2767 4.54877 -2.1366e-18)
(8.5904 2.74301 -5.2217e-17)
(-0.037372 10.4097 -6.39312e-17)
(0.806109 0.880604 1.35044e-17)
(-0.852974 -0.968467 0)
(0.934609 1.55386 2.39629e-16)
(-0.425118 3.52327 -2.3112e-16)
(3.53349 0.442957 6.51018e-18)
(9.53774 2.4956 0)
(3.55031 7.39381 2.52365e-17)
(-0.411883 -0.356465 0)
(1.33445 2.8361 1.12187e-16)
(1.93538 4.8765 1.14744e-16)
(0.0383896 2.52853 0)
(-0.347855 -0.656104 -3.09513e-16)
(-0.00621862 2.02723 4.50134e-19)
(7.06696 2.93308 5.86829e-17)
(7.25205 2.49811 5.0873e-17)
(-1.03684 -2.03265 1.70986e-16)
(2.82146 6.83937 4.12708e-18)
(3.07018 8.9003 0)
(0.75343 2.34196 1.19276e-16)
(1.3792 2.92753 -3.48651e-17)
(3.05303 8.38634 -3.33659e-18)
(-0.168473 -1.54087 5.96245e-16)
(-0.247189 4.39676 4.18533e-17)
(3.0904 -0.522683 -2.67437e-17)
(1.23662 5.35391 7.73404e-17)
(1.18741 -0.982367 6.10292e-16)
(4.02728 4.58461 -9.06254e-17)
(0.110865 1.59716 1.07774e-16)
(0.177563 1.42172 -3.5161e-16)
(0.0640165 2.10843 -2.05361e-16)
(0.00597263 2.51707 2.86633e-16)
(0.024331 2.0063 0)
(0.0955817 1.76084 1.65869e-16)
(0.671828 -1.9513 -2.07043e-17)
(0.276289 -2.19578 -2.05804e-16)
(-0.00073877 -1.55378 1.77601e-16)
(0.157129 -1.17849 -4.69102e-17)
(0.0768922 -0.196255 2.14981e-17)
(0.09733 1.00968 5.18757e-17)
(-0.0411697 1.44207 -6.5785e-17)
(0.0631565 0.889638 -6.13895e-17)
(-0.0853409 -0.122446 2.00149e-19)
(-0.0186684 -0.729053 1.47096e-16)
(0.0640764 -0.656627 -6.03734e-17)
(1.23613 7.08328 -3.11965e-17)
(-0.0465847 -0.100816 8.13661e-17)
(-0.15206 -0.805413 0)
(0.253399 0.0613211 -2.17521e-16)
(0.589271 0.13681 2.43943e-16)
(1.60965 8.96113 0)
(-0.938853 -0.409834 2.74216e-16)
(1.19616 9.72928 -2.06951e-17)
(-0.0334261 -0.141571 6.13969e-19)
(1.64405 7.76569 -3.27207e-16)
(-0.224744 0.508276 -1.24223e-16)
(2.32336 -0.354631 0)
(1.55915 -0.0980033 1.08758e-16)
(-0.0143856 0.391238 -1.50303e-16)
(1.39396 6.8862 -1.46511e-16)
(1.10097 3.56705 2.63685e-16)
(0.77488 -0.150204 6.17406e-16)
(2.90708 1.4831 -1.17433e-16)
(-0.683336 -1.32179 0)
(-1.31299 -0.758132 0)
(1.0161 0.95903 1.36366e-16)
(0.212924 0.169939 0)
(0.891272 -0.0140301 0)
(0.238605 0.157815 -1.84645e-16)
(-0.522358 0.0868378 4.07238e-16)
(0.586173 0.0355545 0)
(1.04021 4.58618 1.07604e-16)
(-0.0201577 0.143523 1.5186e-16)
(0.159266 0.0335281 1.01151e-21)
(-0.277487 0.561842 4.48601e-16)
(2.0667 0.435314 2.75192e-17)
(-0.348715 0.249137 -8.20953e-16)
(-0.245517 0.227843 4.29871e-16)
(0.643775 -0.107161 0)
(0.00856082 -0.471156 -6.01439e-20)
(-0.430184 -1.0345 5.80388e-16)
(-1.67793 10.2868 1.90733e-17)
(2.167 -0.0346212 -5.11264e-16)
(-0.0335911 -0.795116 -4.3212e-16)
(-0.526366 -0.671922 7.9061e-17)
(-0.0188702 -0.783363 -8.10421e-17)
(-0.00619428 -1.25703 3.32509e-16)
(0.029067 -0.140013 -3.77988e-16)
(-0.154002 -0.024534 4.92904e-17)
(0.235749 -0.538406 -1.01192e-16)
(0.905358 -0.282028 2.78899e-16)
(-1.17713 -0.556023 0)
(1.35093 -0.0299574 -3.08401e-16)
(0.910595 -0.303493 1.70458e-16)
(8.55152 0.0932589 8.03865e-17)
(2.19037 -0.0954304 0)
(1.05055 -0.524873 -1.02124e-16)
(1.71328 -0.420441 1.64356e-16)
(2.55747 -0.140104 5.29375e-21)
(1.60324 -0.746331 -1.26941e-16)
(0.043335 -0.323932 -5.17096e-17)
(8.75687 0.137318 3.65805e-17)
(0.060776 0.264783 -2.27911e-18)
(0.016974 -0.473388 6.27041e-18)
(0.428142 1.08807 0)
(-0.931118 1.86225 0)
(0.0096175 -0.429493 0)
(1.47662 -0.0858304 2.7198e-16)
(-0.318811 -1.47248 -4.82705e-16)
(0.0115317 -0.18064 -2.71874e-17)
(-0.348384 1.45732 -1.99355e-16)
(-0.544924 2.34173 5.64331e-16)
(1.07747 -0.988567 2.22947e-16)
(0.864395 -0.906551 -1.61331e-16)
(0.0729676 1.3284 -1.23308e-16)
(0.0577672 -0.152438 -4.11061e-17)
(0.224461 -0.0466159 -8.1775e-17)
(0.15773 1.17289 6.63191e-17)
(0.132554 -0.100137 1.70039e-16)
(0.300373 1.41714 -1.48044e-18)
(-0.496922 -1.36025 -6.24403e-16)
(0.456556 0.624615 7.08575e-19)
(1.08098 -0.088363 1.56995e-16)
(0.236069 -0.925264 9.08327e-19)
(0.420671 -1.01195 -2.44344e-16)
(0.468591 2.84064 0)
(0.578783 2.36312 0)
(1.43019 1.21492 -9.55046e-18)
(2.54137 7.48042 -9.17269e-17)
(-0.209806 4.83348 1.91555e-16)
(-0.124415 8.3014 -1.29411e-16)
(0.518437 2.78131 8.26321e-17)
(0.953117 1.60132 -3.27706e-17)
(6.85069 4.74396 -1.81711e-16)
(0.262367 -1.18877 -1.76253e-16)
(0.41394 -0.740502 2.30389e-16)
(0.573617 2.39443 -1.12898e-16)
(1.57472 5.10659 1.07107e-16)
(0.902628 1.095 1.41726e-16)
(-0.115028 7.71199 3.65854e-17)
(1.03057 -1.88781 -1.87798e-16)
(0.0199235 1.41852 1.18594e-16)
(0.569834 2.21162 0)
(-0.00871751 1.66884 2.74337e-17)
(-0.196321 3.57821 0)
(-0.028578 2.1429 6.43896e-18)
(4.52422 2.73482 0)
(-0.0592614 2.28843 6.38046e-17)
(-0.0522307 2.90672 0)
(-0.14767 3.93797 0)
(-0.390742 2.77719 -1.46247e-18)
(-0.0540322 -1.29691 2.63437e-16)
(0.0220812 1.27547 -2.59242e-16)
(0.0267349 3.50433 0)
(2.32389 8.06364 0)
(1.99679 -0.0653658 2.26521e-16)
(0.864826 -1.10814 1.21971e-16)
(-0.112177 2.61212 0)
(1.75837 -0.0557224 2.84852e-16)
(0.873457 2.10385 -1.52355e-17)
(0.150084 2.35058 5.50057e-17)
(-0.701445 9.28914 -6.66679e-17)
(-0.224539 3.59103 -8.81279e-17)
(-0.0376069 2.51659 -9.92081e-17)
(0.0737803 0.25541 -2.64383e-17)
(8.81654 0.141727 -3.39952e-16)
(8.14844 0.245556 8.55418e-18)
(2.02514 -1.07226 5.80303e-16)
(-0.107682 3.0316 -5.02912e-18)
(0.395925 0.0234468 3.1162e-16)
(0.111714 4.35756 6.3416e-18)
(5.78053 4.828 0)
(0.6846 2.53358 0)
(0.169997 0.6773 4.08719e-17)
(0.25993 0.217656 0)
(0.204665 -0.955204 -4.35053e-16)
(0.0851565 0.753355 -5.43033e-17)
(0.398634 3.19681 -1.07389e-16)
(0.429007 -0.506459 2.07654e-16)
(-1.19957 10.2995 -2.20912e-17)
(0.212672 0.757156 -2.66098e-16)
(-0.0152588 1.55277 0)
(-0.0858399 2.31562 0)
(0.154126 0.248781 -5.11581e-17)
(5.25485 6.16105 0)
(2.34522 6.64354 0)
(0.0324325 0.25479 0)
(-0.0417546 7.68988 -1.38668e-16)
(6.78382 5.47484 7.31014e-17)
(-0.620623 -1.1137 -2.54888e-16)
(0.15815 1.5272 -2.41764e-16)
(-0.0187795 1.43893 1.8329e-16)
(0.0351266 0.790927 6.72537e-17)
(4.5055 7.14773 -3.2949e-17)
(0.0263852 0.823598 1.98008e-18)
(6.58805 6.19977 -3.84366e-17)
(-0.219707 6.45667 -4.54768e-17)
(1.33748 -0.0098573 1.26104e-16)
(2.34049 -1.25765 2.03584e-16)
(0.48286 -1.16231 9.40791e-17)
(0.401378 -0.183398 -4.73045e-17)
(-0.0658532 2.2251 -9.69336e-18)
(-0.814748 9.7812 2.70654e-17)
(-0.160406 3.10036 1.49801e-16)
(-0.131941 2.72396 2.45955e-21)
(-0.0257046 1.48961 2.80089e-17)
(2.04422 -0.289317 1.31711e-16)
(7.48059 5.82081 -1.6377e-16)
(0.270083 3.5724 1.3223e-17)
(-0.407093 -0.556364 2.05275e-16)
(0.792823 -0.0529946 2.90072e-16)
(4.37242 4.74077 2.74726e-17)
(8.223 0.328482 -2.95845e-16)
(-0.0566898 0.566875 6.95577e-17)
(-0.0113573 1.4764 7.1338e-18)
(0.0101626 4.72545 -1.21704e-17)
(2.60581 4.92503 5.992e-17)
(-0.283833 5.32267 8.64999e-17)
(-0.313378 8.78711 1.86981e-17)
(-0.0295704 5.05465 0)
(0.811904 0.40847 0)
(3.85583 1.97778 4.86384e-16)
(0.993916 1.52097 -6.52559e-18)
(-0.556565 9.08735 4.8529e-17)
(8.74199 3.56368 -4.01913e-17)
(-0.221539 4.20434 2.26273e-17)
(-0.0985595 2.44114 -1.24469e-17)
(5.0735 -0.647236 2.55213e-16)
(1.25859 1.73737 -5.50365e-17)
(-0.32139 5.55204 -4.01299e-17)
(-0.180749 3.33601 9.09964e-17)
(0.160451 3.26751 -1.52036e-16)
(0.0209246 1.75508 2.00048e-16)
(0.916148 2.08417 6.30305e-17)
(-0.338509 9.3133 3.64717e-20)
(8.99179 1.83297 1.10318e-17)
(-0.0107707 1.83451 -1.641e-16)
(-0.0480376 0.617204 -1.10225e-16)
(-0.439714 7.96249 -7.68521e-17)
(5.51968 6.91851 0)
(-1.25073 -1.3653 0)
(-0.161619 3.19435 -9.54084e-17)
(0.213522 6.73487 2.31831e-19)
(-0.145286 6.61741 3.08351e-17)
(1.56169 5.44689 7.46526e-17)
(-0.507183 10.5769 5.03789e-18)
(1.58156 1.35759 2.35022e-18)
(-0.31931 8.62668 1.58986e-17)
(4.26507 2.33702 0)
(8.55182 4.69026 -5.37723e-18)
(8.32338 4.33573 -7.86996e-17)
(3.72331 8.13278 3.13649e-18)
(0.90409 3.75718 -7.0756e-17)
(-1.10133 -1.08649 -1.83085e-16)
(1.79515 -0.0352383 -2.06448e-16)
(0.771292 0.114205 -1.34737e-16)
(-0.782083 -0.934495 -1.03796e-16)
(-0.0765291 3.50609 0)
(0.50176 1.35003 7.34623e-18)
(0.120008 6.53275 0)
(6.35778 6.32413 0)
(5.81099 5.252 4.12693e-17)
(-0.00800647 6.35445 0)
(5.76897 3.92828 1.08332e-16)
(4.11468 2.10425 -1.31865e-16)
(5.55407 5.84005 4.86978e-17)
(7.3066 1.33794 0)
(-0.465914 9.45198 -6.72961e-18)
(4.34729 7.67209 1.13894e-17)
(0.41328 -0.904953 3.46855e-16)
(1.09617 -0.0654823 -1.48981e-16)
(7.319 5.41648 2.25583e-16)
(7.15125 0.110288 -5.64195e-18)
(-0.144811 3.0928 1.00213e-16)
(-0.430047 6.87104 1.01403e-16)
(-1.18015 -1.4181 1.06904e-16)
(-0.734661 -1.27556 -1.82893e-16)
(-0.286995 4.6449 0)
(1.3735 0.700633 -4.97344e-17)
(7.59828 3.48599 1.06745e-16)
(7.34525 1.67114 -1.10456e-16)
(7.64354 4.71315 6.36927e-17)
(-0.192904 4.08791 -4.87365e-17)
(9.04144 2.86387 5.70976e-17)
(-0.570344 9.37753 -9.39114e-19)
(-0.278517 8.88466 -2.1585e-17)
(2.82211 1.10742 3.90808e-16)
(-0.135372 9.05485 3.69281e-17)
(-0.226781 6.74782 4.59673e-17)
(0.519032 8.85295 2.92642e-17)
(0.127713 10.7072 5.31677e-18)
(0.649488 0.143119 2.15847e-16)
(-0.231313 5.213 -8.24741e-17)
(8.20845 5.17142 -9.57581e-17)
(-0.709315 -1.63522 1.06712e-16)
(-0.0282114 4.58251 0)
(-0.0612078 10.8118 2.37235e-18)
(5.00665 6.85526 -2.4077e-17)
(-0.168993 4.06652 -4.64228e-17)
(8.63034 0.379227 4.13849e-16)
(4.00048 0.309155 2.47777e-19)
(0.146087 -0.927085 2.62519e-16)
(0.142863 0.365633 2.26572e-16)
(-0.175502 4.71001 1.61181e-16)
(0.821677 -1.0142 1.65219e-16)
(-0.175842 6.35806 1.18973e-16)
(-0.0240769 -0.061085 3.7029e-16)
(9.41107 1.16284 6.82949e-17)
(0.256479 4.03855 -7.79236e-17)
(4.53247 0.00774727 4.98839e-18)
(0.138759 -0.700159 4.48485e-16)
(8.65195 4.14738 0)
(0.783988 0.571708 0)
(0.467923 0.262449 1.65719e-16)
(-0.539873 3.67852 1.06284e-18)
(1.93464 0.689514 0)
(2.8308 -0.285303 0)
(1.22977 -1.03149 0)
(0.178546 -0.815476 -4.72687e-17)
(0.554366 0.131416 5.67612e-17)
(2.46865 -1.3786 0)
(0.790446 0.253017 8.72711e-16)
(-0.685575 -0.908853 -9.0507e-16)
(-0.159678 -1.66788 1.36525e-16)
(-0.253734 0.0415561 -2.80319e-16)
(-0.464011 -0.144017 2.57275e-17)
(2.50733 -0.0139196 1.09345e-16)
(8.05973 3.02879 2.65993e-16)
(-0.138314 8.71609 3.75456e-18)
(-0.441915 -1.85651 -1.92175e-17)
(-0.427773 -0.00515021 8.9328e-16)
(0.0163445 -0.553122 0)
(-0.211974 0.102463 -3.89641e-16)
(0.350904 -0.0438687 2.7882e-16)
(0.516437 0.18985 0)
(-0.659458 0.049285 2.142e-16)
(1.9287 0.889212 1.0015e-17)
(-0.551371 0.0451045 0)
(-0.00257647 0.257182 1.18078e-16)
(8.13409 2.44533 -3.90284e-17)
(8.58047 3.63209 -1.78545e-16)
(2.03227 9.34733 -1.16491e-16)
(-0.00212637 0.125321 3.74424e-16)
(-0.715786 0.0472464 -7.42271e-16)
(1.78799 9.89435 -6.78995e-17)
(1.57659 -1.47478 -9.76409e-17)
(0.758995 0.191415 -5.65188e-18)
(0.293676 3.05851 8.29651e-17)
(-0.299407 6.58759 1.23658e-16)
(0.272834 0.152277 0)
(-0.605303 0.0465532 1.98431e-16)
(-0.0195812 -0.0478436 0)
(-0.0341657 2.99898 0)
(-0.0677064 2.57982 1.13873e-16)
(1.22924 0.310302 -1.76096e-16)
(0.107257 -0.686747 9.75347e-17)
(-0.769251 0.0401459 3.58851e-16)
(-0.0034378 2.42798 -9.82551e-17)
(0.231065 1.28806 0)
(0.214347 4.39365 1.00393e-18)
(1.79171 -0.476519 3.18838e-16)
(-0.192403 10.5428 1.95723e-17)
(-0.223092 6.97076 4.6956e-17)
(-0.230187 8.49808 1.18081e-16)
(4.28513 1.30848 -4.99456e-17)
(-0.0367686 3.60301 -1.68974e-19)
(-0.303403 -1.3357 -1.58598e-16)
(1.65405 0.606822 -1.18448e-16)
(6.57882 -0.0672289 6.11131e-17)
(3.43078 -0.416807 -1.68843e-16)
(-0.531033 0.0989145 0)
(-0.0289105 3.55908 0)
(-0.308552 6.65805 0)
(-0.307009 6.38 2.36063e-16)
(-0.133206 8.92248 -2.16539e-17)
(0.292063 0.527719 0)
(0.390072 -0.203051 0)
(-0.767453 -0.0761212 5.86482e-17)
(1.001 -1.62726 8.23092e-17)
(0.0117352 4.10051 1.76377e-16)
(-0.107469 -1.33807 3.54902e-16)
(-0.831889 -1.21314 0)
(1.03731 -0.453224 -4.82526e-17)
(3.10325 1.97417 6.84678e-16)
(-0.1188 6.81292 8.47093e-22)
(-0.317107 8.87693 0)
(-0.76916 0.73037 -2.46598e-16)
(-0.081371 6.15573 4.2382e-17)
(-0.32489 5.22751 7.52032e-17)
(1.73407 -0.0190649 1.13788e-16)
(-0.200488 4.5389 0)
(-2.10247 0.138319 1.40606e-16)
(0.254217 0.249256 6.7081e-16)
(0.0980007 0.243019 3.51553e-16)
(1.5003 0.171385 0)
(0.0468298 -0.750363 2.90595e-17)
(0.0721613 1.37092 -1.2403e-16)
(6.009 1.05859 -1.00311e-17)
(-0.126195 8.77497 -1.2147e-17)
(4.79545 -0.876867 -3.11796e-16)
(-0.33331 0.0417292 1.6187e-19)
(0.45416 0.726802 1.43035e-16)
(-0.211491 5.65127 2.33583e-16)
(2.45408 0.431172 -1.13481e-16)
(1.27171 6.0805 1.15496e-16)
(-0.142464 9.16167 0)
(8.43336 0.905742 -1.21786e-16)
(0.173827 2.65785 -8.78146e-17)
(-0.108278 5.29813 5.72607e-17)
(0.320787 -0.428363 1.99074e-16)
(1.02564 0.253331 -6.03674e-20)
(3.37531 1.30039 -4.25842e-17)
(0.500867 3.57601 -5.24998e-17)
(5.53336 2.66127 0)
(-0.138976 7.48112 -1.91301e-17)
(2.76703 3.09006 0)
(1.20609 -0.950211 0)
(-0.066212 5.33913 1.80928e-16)
(1.88169 -0.0291532 -7.74601e-17)
(0.259478 0.192616 -4.67428e-20)
(0.112305 -0.865881 2.63145e-16)
(-0.12284 -0.168393 1.93489e-16)
(-0.980948 0.365766 4.46851e-19)
(-0.117998 5.23315 -2.94887e-16)
(4.06626 1.88218 2.93077e-17)
(-0.373706 0.0758879 3.99991e-16)
(0.268989 0.921351 9.52329e-20)
(1.35258 6.43902 1.62778e-16)
(0.163811 0.327826 0)
(-0.112982 -0.567 3.87007e-17)
(-0.0786013 7.57847 2.49786e-17)
(1.77142 -0.156312 -2.13532e-17)
(-0.223282 -0.774997 -7.40068e-17)
(-0.359623 -1.59468 -2.24032e-16)
(0.288406 0.0762691 3.52128e-16)
(-0.274881 4.52275 0)
(-0.0711291 3.32102 5.55316e-17)
(2.30486 8.11726 -1.40964e-16)
(0.268346 0.974658 1.23174e-16)
(0.645422 0.0183951 -4.38239e-16)
(-0.139036 5.41497 0)
(0.204791 -0.406036 -4.89766e-16)
(2.84081 -0.103729 -1.02354e-17)
(8.26002 1.47036 -6.11334e-17)
(-0.449908 8.04542 7.82277e-17)
(5.87372 -0.0988648 8.43117e-18)
(-1.29564 -0.438876 -2.25749e-16)
(0.347753 0.0456555 -5.57402e-17)
(-0.0646824 -1.09688 -2.82421e-16)
(-0.37248 -0.87245 -1.67941e-16)
(-0.373093 6.77887 7.98177e-17)
(-0.668781 -1.86173 -2.53433e-16)
(5.85916 2.62319 1.97952e-16)
(0.932494 -0.0425191 -3.4849e-16)
(-0.0734622 -0.641858 1.89165e-16)
(8.41231 0.503007 8.17226e-17)
(-1.6157 0.235245 3.43218e-19)
(-0.0909266 9.15277 7.64128e-17)
(-0.0676424 7.00229 4.42313e-17)
(-0.175118 8.30363 -5.73514e-17)
(-0.196933 5.64333 3.79104e-18)
(-0.11424 7.03044 9.27481e-17)
(1.26677 0.419674 -1.02379e-19)
(-1.69749 -1.20727 1.95197e-16)
(1.00977 -0.230629 -8.04607e-17)
(-0.12192 7.53847 0)
(-0.10634 -0.00764727 -1.92679e-16)
(-0.489268 8.93987 -4.77557e-17)
(4.6197 0.628426 -6.88902e-17)
(-0.0348302 4.05074 2.57986e-19)
(-0.618222 0.462368 -2.7168e-16)
(2.65987 1.09508 -9.93934e-17)
(0.393188 -0.258993 1.99308e-16)
(0.23748 0.0469622 1.87755e-16)
(-0.0954047 3.54406 0)
(8.72212 1.42317 0)
(8.14369 1.05017 4.48166e-17)
(-0.0969658 5.64101 0)
(3.34555 0.821661 0)
(2.01256 0.711515 -2.11106e-16)
(0.135857 0.434603 0)
(1.55842 -0.325464 9.63791e-17)
(2.94927 0.033821 1.6274e-16)
(0.0431886 0.689881 6.80725e-19)
(-0.905857 0.651006 -1.03998e-16)
(-0.481904 0.0570897 -4.04426e-16)
(0.140811 -0.252815 -1.00454e-19)
(0.0533488 -0.0823418 0)
(0.00423084 0.528218 -7.21541e-17)
(-0.115138 5.42535 8.46797e-17)
(0.165543 3.89008 2.57492e-17)
(2.24578 -0.220615 -4.78119e-19)
(0.732499 -1.09261 0)
(2.10085 8.65821 2.75858e-18)
(1.70885 0.138775 -1.54794e-16)
(-0.426469 7.13059 1.45653e-16)
(4.37939 -0.056326 0)
(-0.779941 -1.14158 -6.43328e-16)
(3.07105 -1.00049 1.68727e-16)
(5.52178 0.303107 4.11228e-17)
(0.0637238 9.46569 -4.93047e-17)
(0.0987732 1.38634 0)
(0.0601406 0.0572631 1.47756e-16)
(1.21922 0.105184 6.3293e-16)
(2.6727 0.373333 -9.3615e-19)
(4.01536 0.105711 4.4824e-16)
(3.25429 0.0582798 5.90961e-17)
(-0.506173 10.4599 -9.70276e-17)
(0.574439 2.8121 -3.23238e-16)
(-0.36781 5.91457 -2.93474e-16)
(8.65556 0.240503 6.42168e-19)
(0.606639 0.0354835 -5.89133e-16)
(-0.20786 -0.0413514 -1.27462e-17)
(1.09394 -0.193474 1.87194e-16)
(0.0157912 9.42177 5.31341e-17)
(-0.54614 7.02668 -1.89457e-16)
(3.00035 -0.0621023 2.36612e-16)
(-0.02165 2.04746 5.31856e-17)
(-0.0191418 0.710846 -8.12358e-17)
(-0.57569 0.0549262 5.30364e-16)
(-1.09814 -1.03501 -9.55795e-17)
(-0.0977743 0.0445881 -6.76457e-17)
(0.563656 1.94789 -1.22248e-16)
(0.477386 0.23401 2.86297e-19)
(0.0719979 4.20211 0)
(0.0803552 6.14123 0)
(0.049229 6.07576 0)
(0.0651363 6.09787 -3.79269e-17)
(-0.162963 6.03113 2.25683e-17)
(0.00082201 5.93277 0)
(-0.171488 6.44506 0)
(-0.0770391 5.89959 0)
(0.0982962 7.44246 -7.83572e-17)
(0.0645341 6.12854 0)
(0.167793 5.88592 0)
(0.155555 7.13546 7.90363e-17)
(0.0194485 7.48558 0)
(-0.0431739 7.43581 -3.60212e-17)
(0.191501 6.77914 1.92811e-17)
(-0.035176 6.16623 0)
(0.303492 5.3764 -1.01871e-16)
(0.221193 5.96135 -3.73051e-17)
(0.221219 6.3853 2.27289e-17)
(0.450329 4.59541 1.13872e-16)
(0.547228 3.60936 3.48598e-17)
(0.646482 1.83139 1.89045e-17)
(0.600368 2.68444 -2.0613e-17)
(-0.063169 7.37981 3.75613e-17)
(-0.0624506 7.3631 0)
(-0.0508923 7.34818 0)
(0.0123843 6.01748 3.79129e-17)
(4.6437 -0.0696058 4.36998e-17)
(8.35417 0.0281994 -2.40826e-18)
(-0.777841 -0.016533 -3.08187e-16)
(-0.509903 -1.54913 -8.89114e-17)
(0.935412 0.766294 -1.85548e-16)
(-1.40091 0.578095 -2.02769e-16)
(1.21529 -0.734013 2.92614e-16)
(0.18508 -1.00296 2.49369e-16)
(-1.64222 0.00271264 0)
(-0.270678 6.74535 -1.46667e-16)
(0.211347 5.97653 -6.7681e-17)
(-0.293204 6.13218 -4.36638e-17)
(-1.32686 0.280331 -4.23041e-16)
(1.27069 0.18991 0)
(8.76426 2.18184 -1.03995e-17)
(0.452774 -0.604744 -1.50911e-16)
(0.772908 -0.234021 1.72474e-16)
(-1.27771 -1.14852 8.15003e-17)
(1.47366 -0.0626285 8.41528e-16)
(0.0348083 8.38859 1.01176e-16)
(3.13334 -0.0924708 0)
(2.34526 9.74304 3.13956e-16)
(-0.0705121 5.3843 0)
(-1.85012 -0.230104 0)
(-0.0552218 7.34955 0)
(-1.20367 -0.230105 7.8733e-17)
(-0.549708 -0.680677 1.74138e-16)
(8.93212 0.914628 -2.63212e-16)
(-0.851313 0.0355579 -2.09058e-16)
(8.78488 0.576288 -8.04141e-17)
(0.114124 1.71751 0)
(1.79099 0.086478 0)
(-1.67106 -0.887658 -1.11794e-16)
(-0.389358 7.91963 1.65589e-16)
(-1.11412 0.971801 0)
(0.319241 0.14864 -3.46935e-16)
(0.148223 0.199445 0)
(-1.12695 -1.21655 0)
(0.0442704 0.147848 3.73593e-17)
(4.4748 0.280549 5.80671e-19)
(-0.336034 7.68339 -3.92314e-17)
(-0.960607 0.17455 -3.8748e-16)
(-0.95594 -0.0220898 2.72706e-16)
(2.71835 0.143638 -1.51422e-16)
(-0.0266105 5.32913 0)
(6.8824 0.16757 3.29512e-17)
(8.40503 1.89883 0)
(2.1325 0.917633 -3.54785e-16)
(1.61036 0.340003 -2.75242e-16)
(3.21679 1.03059 -3.21355e-16)
(0.854092 0.312481 -1.89446e-16)
(2.61435 0.999717 -1.69127e-16)
(1.008 -1.36484 -5.59822e-16)
(-0.222505 -0.141355 -1.40331e-17)
(1.8053 -0.182415 5.62655e-17)
(3.11836 -0.0982286 -1.25821e-17)
(4.32145 0.267878 1.57284e-17)
(-0.157513 5.81107 9.11598e-17)
(4.70828 2.48888 2.72231e-16)
(-0.0659915 7.05762 1.89722e-17)
(1.86182 0.0976925 6.21396e-19)
(-0.0579035 5.15204 -2.10483e-19)
(-0.507099 1.9328 -1.69855e-18)
(0.838849 0.356723 2.65273e-16)
(3.3625 -0.342034 2.24278e-16)
(0.419231 0.548498 1.51488e-16)
(-1.16138 -0.910018 -4.02107e-16)
(-1.73271 -0.187061 2.4074e-16)
(-0.152148 4.96819 3.17307e-16)
(-1.86114 -0.0832997 0)
(-0.117942 5.20494 -1.90064e-16)
(3.61559 -0.0971381 -4.39465e-16)
(4.40879 -0.13365 -2.83421e-17)
(1.1087 0.146741 -5.79561e-16)
(-0.314201 8.71594 4.87943e-17)
(2.17581 0.0570077 -1.04652e-16)
(-0.161871 -0.0237541 -6.46227e-16)
(2.21377 -0.703648 1.15314e-16)
(-0.0429469 5.50383 4.67052e-17)
(-0.368757 2.50229 -2.75561e-16)
(-0.247303 5.15267 -2.3598e-17)
(8.46926 0.138564 -3.92567e-17)
(-0.0687115 7.19011 1.80802e-17)
(-0.161376 5.65427 3.47951e-17)
(4.10164 -0.16306 9.54351e-17)
(-0.570837 0.926961 2.9681e-16)
(0.0044254 4.29065 -1.93798e-16)
(-0.529841 -0.0150842 3.51891e-16)
(0.631004 -0.50263 2.88596e-17)
(-0.76981 -0.451694 0)
(2.4341 9.08233 -9.22055e-17)
(-0.09031 4.08298 -7.31959e-17)
(0.57812 2.76055 1.41141e-16)
(3.4106 1.32969 -4.48287e-16)
(-0.713562 -0.853379 2.51977e-16)
(-1.68012 -0.264867 1.54991e-18)
(-1.71805 0.610123 -6.03101e-17)
(0.150711 0.99571 1.4749e-21)
(2.20442 -0.0912531 6.76486e-17)
(0.170816 -1.09839 2.07727e-16)
(8.43953 0.690107 -1.15084e-17)
(0.353425 -0.288063 -1.9938e-16)
(-0.636404 0.207711 4.53306e-16)
(-0.581227 0.108251 1.59958e-16)
(1.08252 0.181014 2.85871e-16)
(-1.34605 -0.636126 6.14588e-17)
(8.03616 0.0481573 -1.53576e-16)
(0.148091 2.09561 2.38101e-16)
(-0.563847 -0.599252 5.95393e-16)
(-0.796726 -0.582396 4.20332e-16)
(-0.78448 -0.0101887 2.33231e-16)
(0.305121 5.08023 -6.00753e-18)
(0.650831 0.611402 -3.37648e-16)
(-1.5116 -0.329187 -1.30755e-16)
(0.590402 -0.0699981 9.60996e-17)
(5.09684 -0.154871 -3.06683e-16)
(-0.411035 7.55045 -1.33845e-16)
(0.110926 5.34639 2.7086e-17)
(-1.17763 -0.40356 5.17591e-16)
(-1.13023 0.0257397 -2.98067e-16)
(1.70422 3.24687 0)
(-0.31787 8.75108 -9.28631e-17)
(-0.0575373 5.50589 -2.74301e-17)
(-0.0175341 5.79783 1.79313e-17)
(0.248422 6.11564 -3.80528e-17)
(-0.0783095 7.20922 -5.80102e-17)
(-0.139836 -0.469289 2.31954e-16)
(-0.263689 -0.0117216 -4.16638e-17)
(0.435635 7.12094 1.02962e-16)
(1.87948 0.119782 0)
(-0.330659 0.0839629 -2.08467e-17)
(1.80844 0.8296 3.98503e-17)
(-1.99395 -0.453777 0)
(2.3627 0.436696 -3.97318e-16)
(-0.0141261 -0.163503 0)
(1.70479 -0.616773 -2.21405e-19)
(8.66205 0.281371 1.62718e-16)
(2.52877 0.340435 2.83202e-16)
(2.15169 0.0977278 -6.85906e-17)
(-1.43154 -0.441183 0)
(-0.210877 -0.556941 9.76532e-16)
(1.9472 0.0690261 -1.91918e-17)
(-0.142015 -0.832903 5.61298e-16)
(0.102129 -0.446925 1.77817e-19)
(-0.61607 -0.0149877 0)
(1.01771 1.34022 2.04338e-16)
(-0.247382 6.55181 -8.1066e-17)
(-0.330577 -0.668036 5.04719e-16)
(0.199037 -1.02375 8.71399e-16)
(-0.447856 -0.0264845 1.79516e-16)
(-0.315048 8.73023 -5.67202e-19)
(2.35167 0.0658488 -3.0785e-17)
(1.41832 -0.640011 -2.65584e-16)
(2.04635 0.032935 0)
(1.93027 3.0063 0)
(0.0355268 -0.027329 -2.88839e-16)
(4.39158 0.114742 3.79633e-16)
(0.910803 -0.112612 -2.16286e-16)
(9.7534 1.75962 0)
(1.02494 0.189135 1.35553e-18)
(2.00145 0.0783351 1.55307e-16)
(-0.492653 -0.0474314 -8.04362e-17)
(-0.343203 8.45735 1.70481e-16)
(0.481924 0.430657 4.37124e-16)
(0.320079 -0.583146 -7.32022e-16)
(0.555444 -1.11618 7.48658e-16)
(-0.20685 -0.0916644 3.79346e-17)
(1.7817 0.338927 -1.80451e-16)
(0.36445 0.425527 2.58088e-16)
(-0.709451 -0.0243076 2.31581e-17)
(0.504 -0.0542305 2.45238e-16)
(-0.820793 0.007358 3.40544e-16)
(2.41528 -0.0836974 -8.68332e-17)
(9.5706 1.86462 0)
(-0.796953 0.0050478 -6.54818e-16)
(-0.844166 -0.000261214 0)
(-0.221736 -1.0155 1.41353e-19)
(0.336647 -0.812434 -2.23489e-16)
(8.73913 0.14563 0)
(-0.0585095 6.97492 -7.29328e-17)
(-0.757458 -0.00630317 -2.5835e-17)
(-0.784384 0.0101876 3.88347e-16)
(-0.719589 -0.00869011 0)
(-0.778486 0.00107573 -2.61275e-17)
(2.38424 0.0570926 -7.34431e-18)
(2.37455 0.0250651 7.41896e-18)
(-0.88691 0.0270442 0)
(-0.898763 0.0190603 0)
(-0.88919 0.00152361 0)
(-0.87105 0.00400414 -2.09531e-17)
(1.8425 -0.0192472 7.35216e-17)
(0.377138 -0.591204 1.23313e-16)
(-1.29647 -0.821047 9.92401e-17)
(1.8215 0.216231 -3.1895e-16)
(0.415284 -0.0720687 2.09786e-16)
(-0.0591303 3.22832 -8.28384e-17)
(-0.191068 5.87689 0)
(3.18885 -0.175393 -1.78615e-16)
(-0.0875874 5.55135 2.2638e-17)
(0.00392527 5.74627 -5.53657e-17)
(0.150727 0.438501 -2.70211e-16)
(-0.27667 0.109855 1.79606e-16)
(-0.188314 -0.110563 -1.99407e-16)
(-0.883812 1.05009 0)
(-0.0331019 7.04276 1.37952e-16)
(4.72505 1.31477 0)
(-0.307241 7.14773 -5.57053e-17)
(0.0170989 1.12465 -2.81973e-16)
(-0.818259 0.0359872 0)
(0.449905 4.94704 7.69107e-17)
(4.68143 -0.0620748 1.57705e-16)
(1.1322 0.449081 1.41046e-16)
(0.197455 -0.503357 -2.66593e-16)
(3.88021 -0.212183 -1.83667e-16)
(4.38869 -0.112639 4.4067e-17)
(0.0964142 6.85753 0)
(-0.925142 -0.199782 -2.37044e-17)
(2.2601 4.83501 -2.20161e-16)
(0.766068 0.286459 -3.14143e-19)
(1.35794 6.35878 -1.46968e-17)
(-0.0282415 5.67202 2.20147e-17)
(-0.123462 5.74312 0)
(8.84437 1.01744 4.15206e-17)
(1.06213 -0.793768 -9.75367e-17)
(-0.0250409 -0.0515207 -7.38277e-17)
(1.96695 0.425479 0)
(1.22001 0.190077 9.49538e-17)
(5.27613 0.190456 -2.20215e-16)
(3.28021 0.308958 -6.78462e-18)
(2.48178 -0.340663 -2.70189e-16)
(1.96364 -0.479048 1.69055e-16)
(0.231772 0.761238 -4.80359e-17)
(0.196888 -0.577972 0)
(0.743272 0.339337 -1.3443e-16)
(5.19044 -0.78805 -4.86901e-16)
(-0.438776 8.1443 -3.93066e-17)
(2.33859 -0.353042 -3.63083e-16)
(-0.280875 5.72423 -8.46114e-17)
(0.356575 -0.361437 -5.09785e-16)
(1.11245 -0.337536 0)
(-1.63659 -0.323435 -3.10564e-17)
(4.65657 2.5217 -1.60742e-16)
(1.00446 8.36883 3.9231e-17)
(0.116649 0.53976 3.15934e-16)
(0.302929 -0.116928 0)
(-0.192556 -0.860608 3.77678e-17)
(2.64896 9.36446 1.92323e-16)
(-0.219544 4.99939 -6.50759e-17)
(2.35694 -0.0045609 -5.69243e-17)
(2.29149 -0.0332135 6.12699e-17)
(-0.357065 7.79002 -2.06916e-17)
(-0.44158 0.0557714 -3.0909e-16)
(-2.66023 0.709792 3.14715e-18)
(4.67604 0.212818 -1.70332e-16)
(4.1467 0.163801 7.84466e-19)
(3.90289 0.774729 -1.08278e-18)
(-0.345512 7.10777 1.56485e-16)
(8.42048 0.0821488 3.41314e-16)
(3.53606 2.92141 3.91816e-17)
(-0.0969851 5.62115 0)
(-0.00465147 5.6613 -2.09652e-17)
(-0.171107 3.32686 0)
(0.367628 0.945589 3.7645e-16)
(6.29639 2.36738 -1.26869e-16)
(1.34286 -0.935762 -4.6553e-18)
(0.932323 6.12923 1.71729e-16)
(-0.375011 -0.219536 1.08199e-16)
(-0.451732 0.0671583 2.46706e-17)
(-0.0416752 -0.0974004 1.02229e-19)
(0.10893 1.17408 5.64433e-17)
(-1.2712 -0.509969 -9.16141e-16)
(-0.0135801 -0.478858 9.22339e-16)
(-0.499695 -0.809218 3.68896e-16)
(4.84563 0.595665 -3.85398e-17)
(1.01891 -0.911672 -1.8934e-16)
(2.94476 -0.459577 2.12701e-16)
(1.05575 -0.308714 7.53442e-20)
(0.493009 1.48195 -2.51178e-16)
(7.69115 0.0371786 0)
(3.68582 0.341244 -2.70939e-16)
(-0.188053 7.1326 -4.23487e-17)
(6.01386 -0.649388 2.40031e-16)
(-0.142427 2.52114 9.92873e-21)
(-0.335603 7.49301 -1.91121e-16)
(-0.218252 -1.03865 0)
(0.378381 -0.034143 0)
(2.74969 -0.49982 -2.74781e-17)
(3.29634 -1.2898 4.99044e-17)
(-0.173565 0.634631 -1.02327e-17)
(0.263319 -0.692208 -1.37087e-16)
(1.64338 0.308244 2.75471e-19)
(0.465943 -0.0284918 -1.59621e-16)
(4.01791 -0.130462 -4.96354e-17)
(0.431633 9.63746 -1.04417e-17)
(8.32771 0.206654 -2.49e-17)
(-0.0978245 0.0940311 -1.10539e-19)
(-0.158935 0.0303455 4.24363e-16)
(4.46821 1.90363 1.5771e-16)
(-0.52611 0.0252705 -2.23353e-16)
(-0.982 0.415342 3.70225e-16)
(6.16113 1.89051 -9.24103e-17)
(6.16937 2.69153 -2.05165e-19)
(0.901006 -0.0875828 0)
(1.64234 3.13019 0)
(7.62142 0.110527 -1.94197e-16)
(0.966481 0.24393 2.5722e-16)
(0.270671 0.23285 -1.22595e-16)
(0.24444 -0.217555 -2.17938e-16)
(-0.465853 0.0338381 6.83478e-17)
(3.25086 0.782978 -9.29122e-17)
(-0.975 -0.462883 0)
(-0.265686 -0.868027 -1.92937e-16)
(9.1697 0.700225 -4.9588e-18)
(2.91233 -0.355605 1.92879e-16)
(1.87138 0.000101788 -7.43319e-17)
(0.0149219 7.82923 0)
(-0.335419 6.56142 -1.86766e-16)
(-0.110354 4.14402 -2.92022e-16)
(-2.39627 0.0875788 -1.94864e-16)
(1.23855 8.98774 1.13467e-17)
(8.98928 1.20543 -1.8378e-17)
(1.27881 0.186394 0)
(3.38152 -0.404043 1.31493e-16)
(0.122163 -0.616558 -2.17523e-17)
(0.320692 -0.384557 -4.99267e-16)
(3.80945 -0.318846 -5.68147e-16)
(-0.715988 -0.489127 -2.55492e-16)
(1.20395 -0.370616 2.12328e-16)
(2.36755 0.817235 6.74541e-16)
(0.227583 -0.0824239 -1.23671e-16)
(-0.125481 3.99594 -7.57966e-17)
(-0.449367 -0.967587 -6.00067e-16)
(0.447639 -0.343614 8.18151e-17)
(3.86891 -0.313577 8.50963e-17)
(-0.78517 0.399151 2.21396e-16)
(0.391531 -1.01008 0)
(-0.899257 -0.211394 1.20254e-16)
(0.191878 0.713875 -1.49268e-16)
(-0.291199 -0.3514 1.98078e-16)
(0.407898 0.535125 8.19422e-17)
(-0.130558 9.8821 2.18897e-16)
(-0.579169 0.0159815 4.12802e-16)
(1.26864 2.99904 0)
(-0.881844 -1.02503 -4.15188e-16)
(1.20492 0.126816 -3.84634e-16)
(-0.257821 7.57008 0)
(2.01655 0.00194643 4.54992e-17)
(8.79829 0.766427 0)
(-0.380039 6.90098 -1.21882e-16)
(-0.391352 8.69981 -3.33547e-18)
(5.04371 1.06072 2.70465e-16)
(-0.256255 7.7079 1.83653e-17)
(6.96359 0.129132 -9.36705e-17)
(1.09616 -0.436345 -4.34379e-17)
(4.944 -0.519283 1.428e-16)
(-0.341836 8.72884 0)
(0.34271 -0.0163654 -3.25051e-16)
(2.42883 0.435798 3.89239e-17)
(3.15639 -0.0205696 -1.79793e-16)
(-0.0276243 3.96703 1.07315e-16)
(1.94932 0.583662 3.46673e-16)
(0.918363 -0.291551 1.47252e-16)
(0.395246 3.79138 1.8221e-16)
(3.41343 -0.368607 -1.32708e-16)
(0.0774958 6.86092 -4.75204e-17)
(-0.328383 8.97548 -5.23622e-17)
(-0.420642 6.9057 9.30806e-17)
(8.49463 0.21444 -7.3318e-17)
(4.42397 -0.165491 2.84055e-16)
(2.07837 0.738501 -2.22064e-19)
(-0.869498 0.0333993 1.86209e-16)
(-0.115133 5.17158 0)
(0.662216 -0.315712 3.922e-16)
(4.47305 0.6584 -1.873e-19)
(-0.0740695 4.54471 3.06768e-16)
(1.60473 -0.0407114 0)
(-0.311475 3.9546 0)
(-0.105719 6.45208 -1.01368e-19)
(9.52377 1.4939 -7.47525e-18)
(-0.138393 1.54639 1.41997e-16)
(3.35409 0.0363289 -2.76929e-16)
(-0.384116 -0.282737 0)
(7.21524 0.0737121 -3.09111e-17)
(1.15229 0.519168 -3.39351e-16)
(0.226974 0.44756 -7.85113e-18)
(-0.135361 -0.673132 0)
(0.414769 0.551953 -1.29111e-16)
(-0.233437 6.13134 -1.20516e-16)
(-2.1334 -0.22921 1.60039e-16)
(1.98476 8.94256 -1.60714e-16)
(0.517653 -0.367371 1.24e-17)
(-0.317728 -0.837552 -9.70202e-17)
(0.196645 5.60743 6.92472e-18)
(-0.0821864 3.12839 1.48966e-16)
(-0.171593 -0.0465645 -4.82836e-16)
(2.12608 -0.050334 -6.70701e-17)
(0.892722 5.4702 5.39452e-17)
(-0.124168 6.55753 5.35579e-17)
(0.459684 6.65137 -5.62231e-17)
(1.61922 -0.27721 0)
(-0.297311 1.12587 -1.08033e-16)
(3.06662 -0.284883 1.12327e-16)
(8.98436 0.44096 0)
(-0.0684521 5.89594 -9.01441e-17)
(-0.448377 3.06316 0)
(-0.182187 3.11844 4.35481e-17)
(0.835691 -1.16563 8.79883e-17)
(-0.02454 -1.22384 2.47752e-16)
(0.380798 -0.354452 2.5739e-16)
(-1.24439 -0.0558431 -5.28643e-17)
(-0.798064 -0.575652 -4.94017e-17)
(1.28026 -0.0968355 0)
(0.812665 -0.0513608 -3.16657e-16)
(-0.0761452 3.41338 -4.41244e-20)
(9.07304 1.51351 3.35187e-18)
(-0.663124 0.00504544 -4.67856e-16)
(3.23899 -0.825353 -7.31554e-18)
(0.77621 0.0530243 0)
(3.71622 0.213976 0)
(-0.110778 5.09914 -1.36651e-16)
(2.72017 0.147488 0)
(-0.298042 -0.31606 1.37539e-16)
(4.60569 0.0668177 1.81914e-17)
(0.133916 -0.601842 2.81291e-16)
(8.55816 0.426753 0)
(-1.2905 -0.694481 -4.40804e-16)
(-0.10331 0.559041 0)
(-0.197803 -0.274745 3.41533e-17)
(1.59582 1.37387 1.14067e-16)
(-0.740565 -0.00738803 0)
(-0.0821223 4.22854 -8.99091e-17)
(0.240166 0.59437 5.82672e-17)
(-0.0290172 -0.699926 -6.744e-17)
(-1.70018 0.514275 2.45448e-16)
(-1.42184 0.191234 2.03176e-18)
(0.570414 6.0314 -6.67741e-17)
(0.627565 0.705852 0)
(-0.393126 -0.0426528 -3.13765e-17)
(0.0477449 2.12607 2.64994e-16)
(-0.441338 -0.0491296 0)
(3.29094 -0.745373 3.66241e-17)
(3.55324 -0.0853007 -1.31156e-16)
(-1.49698 9.26566 -9.86612e-17)
(1.70419 0.495797 2.27188e-16)
(0.70023 0.275788 0)
(1.99831 0.332925 -2.1937e-17)
(0.0819803 0.126919 -2.25366e-17)
(3.06605 -0.0534344 0)
(0.0220253 -0.0586497 1.44358e-16)
(0.339531 0.189126 -1.69525e-16)
(-0.296839 9.04812 -7.14233e-17)
(-1.85562 0.531599 -4.46909e-16)
(4.24963 1.54941 -8.38841e-17)
(4.55147 0.333062 -9.94745e-17)
(3.96641 0.629349 5.37416e-16)
(2.33112 0.399034 3.80194e-18)
(1.21577 0.390954 -1.10547e-16)
(-0.2767 7.77413 4.03159e-17)
(4.29887 0.00205553 1.39477e-16)
(-0.605683 9.9224 1.05961e-17)
(-0.11023 -0.480979 -2.26262e-17)
(5.22626 1.76775 0)
(0.213784 6.00044 4.83031e-17)
(2.89641 -0.0058292 4.39925e-18)
(-0.27258 -0.506832 -1.72131e-16)
(-0.102047 -0.35988 -2.44711e-16)
(-0.652731 0.00426439 -3.42323e-17)
(-0.230314 0.0861325 3.09794e-16)
(-0.0214352 3.72402 0)
(3.77853 0.144748 1.35471e-16)
(2.87042 0.70388 -9.10865e-16)
(0.378046 8.19891 1.07725e-17)
(0.600285 0.867701 0)
(4.40167 -0.0769305 -4.08497e-17)
(1.37198 -0.703712 -2.72928e-17)
(3.22376 1.2043 3.34428e-18)
(5.52035 -0.357519 -1.37139e-16)
(5.92378 -0.25594 -5.32739e-20)
(0.744962 0.112707 -1.16296e-16)
(2.06216 0.487688 -3.14487e-16)
(-0.479633 -0.137085 0)
(-0.688817 0.034394 0)
(0.00375197 1.6835 0)
(-0.035147 7.75458 0)
(-1.91181 0.488251 -1.56626e-16)
(1.3587 3.89517 -1.28905e-16)
(0.322807 -0.287108 1.9066e-16)
(-0.170929 7.57989 0)
(1.25967 4.84941 1.74358e-16)
(-0.117372 7.40834 -6.42619e-17)
(0.0141776 7.70228 -1.53859e-17)
(-0.0133723 7.78771 -3.30405e-17)
(4.58986 -0.0378249 -8.52505e-17)
(0.52071 6.33262 -1.00017e-17)
(0.360074 -0.524688 -2.65996e-16)
(-0.4691 -1.07744 4.89921e-16)
(-0.487267 -0.0229885 -2.03302e-16)
(0.700511 -0.713878 0)
(-1.76756 -0.155658 -9.96083e-20)
(-0.526854 0.00763296 -6.29603e-16)
(4.07453 -1.11645 -2.29695e-16)
(3.83394 0.156275 3.905e-16)
(-0.207704 6.16817 7.00652e-17)
(-0.101988 7.03816 0)
(2.33499 3.95593 0)
(-0.174043 7.32067 -7.45891e-17)
(0.0214065 7.10006 1.78766e-17)
(-0.427324 -0.0442352 7.91382e-17)
(-0.346557 7.8665 1.77051e-18)
(-0.405247 -0.248976 -6.83863e-17)
(1.13936 -0.184458 -3.85938e-16)
(-3.09668 0.367836 0)
(0.606822 5.64131 -2.47835e-16)
(3.22687 -0.30922 -6.06636e-20)
(2.0062 0.0251832 -2.21136e-16)
(2.29579 0.0634313 -4.92276e-17)
(2.9851 0.348047 0)
(3.8502 -0.132976 -3.29145e-16)
(1.17441 5.30257 -7.048e-18)
(2.70403 -0.116271 -4.00532e-17)
(4.11183 0.0345243 -8.73974e-17)
(-0.444543 -0.0273459 -6.54286e-17)
(7.99593 0.193723 -8.08739e-17)
(4.09657 1.25335 0)
(0.295141 6.24919 -6.18839e-17)
(3.96121 -0.748477 -1.3102e-16)
(-0.0993335 -0.0139776 -1.74571e-17)
(4.18789 0.67435 4.73027e-16)
(4.36776 -0.246289 9.49901e-17)
(4.22571 -0.0970389 -2.8984e-16)
(-2.44198 -0.174309 -9.66846e-17)
(7.07595 -0.0149976 1.51659e-16)
(-0.694651 -0.326049 9.77031e-16)
(3.21562 -0.156904 4.02454e-16)
(3.81791 -0.393343 -2.59152e-16)
(0.285657 -0.1799 -1.02139e-15)
(0.999379 -0.306381 -5.18297e-16)
(-0.302252 0.693151 -2.34013e-16)
(0.0984168 -0.244056 -1.02506e-15)
(-0.514399 0.918499 -1.6272e-16)
(0.837343 1.74299 -6.34342e-18)
(-0.0986075 0.102103 0)
(0.227933 0.482464 0)
(4.72415 0.165809 1.15331e-16)
(-0.420875 2.2507 1.00253e-16)
(0.783533 2.40062 -9.21884e-16)
(0.107566 -0.343347 1.19288e-15)
(5.21411 0.446047 -5.26386e-17)
(4.62347 -0.120811 0)
(5.24202 0.0153396 9.4036e-17)
(6.24691 0.0283249 3.36482e-16)
(7.31117 0.0348822 -1.54848e-17)
(-2.04049 -0.0553039 1.52896e-16)
(2.88085 -0.0207196 2.23571e-17)
(-1.6129 -0.170406 1.25927e-18)
(3.80518 0.404448 0)
(-1.47963 -0.0742882 1.11331e-16)
(-1.20881 0.138961 0)
(5.03469 0.344023 -1.12322e-17)
(-2.24145 0.0554136 -2.8945e-18)
(4.9169 -0.218464 2.3538e-16)
(3.906 0.0493678 -3.94932e-16)
(4.38048 -0.0442066 0)
)
;

boundaryField
{
    frontAndBack
    {
        type            empty;
    }
    wallOuter
    {
        type            noSlip;
    }
    inlet
    {
        type            fixedValue;
        value           nonuniform 0();
    }
    outlet
    {
        type            zeroGradient;
    }
    wallInner
    {
        type            noSlip;
    }
    procBoundary1to0
    {
        type            processor;
        value           nonuniform List<vector> 
29
(
(-0.949488 0.357534 -2.14073e-16)
(-0.949488 0.357534 -2.14073e-16)
(-1.42018 0.194329 0)
(-0.310575 0.349019 1.98579e-16)
(-0.322951 0.654751 -1.16145e-16)
(-2.21951 0.44854 -1.18364e-16)
(4.18525 -0.153883 2.51553e-16)
(2.98448 -0.0884195 0)
(6.31994 0.37285 0)
(0.8222 0.266786 -1.82084e-16)
(2.47559 0.061986 -2.73591e-16)
(-2.21951 0.44854 -1.18364e-16)
(-1.42018 0.194329 0)
(-1.38687 0.233228 0)
(6.9175 0.021989 9.67098e-17)
(8.6212 0.15841 0)
(-0.322951 0.654751 -1.16145e-16)
(0.86873 0.695027 0)
(-0.310575 0.349019 1.98579e-16)
(-0.214046 0.423078 -1.24652e-18)
(8.7721 0.143458 -3.18283e-17)
(8.08298 0.0927853 -1.52842e-17)
(5.19387 0.24554 -1.34062e-16)
(6.91529 0.0755272 1.82256e-16)
(6.91529 0.0755272 1.82256e-16)
(5.19387 0.24554 -1.34062e-16)
(8.80097 0.0412261 -6.50362e-17)
(1.72892 0.0214707 0)
(8.80097 0.0412261 -6.50362e-17)
)
;
    }
    procBoundary1to2
    {
        type            processor;
        value           uniform (0.987495 0.160943 -2.04012e-16);
    }
    procBoundary1to3
    {
        type            processor;
        value           nonuniform List<vector> 
48
(
(-0.301298 5.57131 0)
(-0.235427 8.29608 -9.03955e-20)
(-0.401086 7.66647 1.09725e-16)
(-0.401086 7.66647 1.09725e-16)
(-0.0915793 5.36562 -6.79948e-17)
(-0.116826 6.18796 4.23806e-16)
(-0.116826 6.18796 4.23806e-16)
(0.37643 0.16223 0)
(-0.198904 3.43634 0)
(-0.218136 -1.03278 0)
(-0.4177 0.156912 -3.08353e-16)
(-0.218136 -1.03278 0)
(-0.0867053 -1.65116 3.14713e-16)
(1.01751 -0.220368 2.84972e-16)
(0.7491 -0.0781185 -1.78553e-16)
(-0.0867053 -1.65116 3.14713e-16)
(-0.167731 -1.65695 -1.08923e-18)
(-0.167731 -1.65695 -1.08923e-18)
(-0.186183 -1.08599 0)
(-0.186183 -1.08599 0)
(0.997068 -0.931009 2.11927e-17)
(0.934654 -1.00886 1.62652e-16)
(-0.339681 -0.401235 -1.96651e-16)
(-0.307894 1.57304 8.10505e-16)
(-0.307894 1.57304 8.10505e-16)
(-0.0638563 0.509956 0)
(0.648094 -1.06082 0)
(0.648094 -1.06082 0)
(0.515282 -0.577777 4.01795e-16)
(-0.0828051 2.72837 -2.48224e-16)
(-0.372532 1.08361 -1.39424e-16)
(0.515282 -0.577777 4.01795e-16)
(0.37643 0.16223 0)
(-0.0435396 2.37137 -4.01806e-16)
(0.125684 0.0125199 -1.98727e-16)
(-0.0828051 2.72837 -2.48224e-16)
(0.183572 1.03701 -2.67137e-16)
(-0.4177 0.156912 -3.08353e-16)
(-0.286575 4.43598 0)
(-0.163172 7.00652 1.42645e-17)
(0.677098 -0.509286 4.20635e-16)
(0.0664987 1.68902 1.92878e-16)
(-0.0435396 2.37137 -4.01806e-16)
(0.125684 0.0125199 -1.98727e-16)
(0.95864 0.0302469 7.42986e-17)
(-0.06729 5.57118 4.51709e-21)
(-0.13557 6.57405 0)
(0.677098 -0.509286 4.20635e-16)
)
;
    }
}


// ************************************************************************* //
