/*--------------------------------*- C++ -*----------------------------------*\
| =========                 |                                                 |
| \\      /  F ield         | OpenFOAM: The Open Source CFD Toolbox           |
|  \\    /   O peration     | Version:  v1912                                 |
|   \\  /    A nd           | Website:  www.openfoam.com                      |
|    \\/     M anipulation  |                                                 |
\*---------------------------------------------------------------------------*/
FoamFile
{
    version     2.0;
    format      ascii;
    class       labelList;
    location    "constant/polyMesh";
    object      cellProcAddressing;
}
// * * * * * * * * * * * * * * * * * * * * * * * * * * * * * * * * * * * * * //


1431
(
3
4
7
9
11
13
14
16
17
18
25
26
27
31
37
44
46
47
56
57
59
63
68
72
74
75
77
84
85
86
91
94
98
101
103
104
105
110
111
114
117
120
123
124
126
130
132
133
135
139
141
142
143
145
148
149
153
154
155
157
159
160
162
168
169
176
177
178
180
181
185
186
188
189
191
195
196
197
198
202
204
206
208
217
225
227
228
234
235
236
243
244
245
246
247
250
252
255
259
265
266
268
270
271
280
286
287
295
307
309
310
317
320
322
323
327
334
335
336
337
347
349
351
353
355
356
359
361
364
365
368
369
372
377
378
385
393
398
402
403
404
411
415
416
417
420
426
432
434
436
440
443
446
450
458
463
466
467
471
473
476
477
482
483
488
491
492
493
495
500
501
504
515
519
522
532
534
543
547
550
552
555
559
560
564
573
574
576
581
583
588
594
602
606
607
610
611
612
614
619
627
635
636
638
639
643
646
654
656
657
658
661
665
668
672
674
675
678
684
692
693
704
706
707
712
717
721
724
730
731
736
738
746
754
758
761
763
766
770
772
774
778
781
786
789
793
795
799
810
815
816
823
827
828
829
834
835
837
849
850
852
856
861
863
865
866
869
874
877
880
881
892
896
899
914
915
919
921
924
925
935
936
938
940
944
946
950
954
955
961
964
973
996
1001
1003
1004
1012
1014
1016
1018
1026
1032
1035
1036
1040
1042
1052
1075
1081
1085
1089
1096
1109
1110
1115
1121
1122
1127
1137
1140
1152
1166
1168
1177
1183
1185
1191
1196
1198
1205
1211
1214
1221
1223
1228
1230
1237
1238
1239
1240
1245
1256
1261
1265
1267
1269
1272
1274
1278
1287
1298
1305
1307
1311
1313
1314
1315
1317
1318
1325
1328
1332
1334
1335
1348
1358
1360
1368
1370
1371
1373
1419
1421
1426
1432
1433
1434
1448
1450
1452
1457
1460
1462
1465
1468
1472
1473
1476
1506
1509
1510
1512
1515
1517
1518
1520
1522
1525
1531
1533
1534
1542
1553
1557
1561
1563
1570
1571
1577
1580
1581
1582
1583
1584
1590
1592
1594
1595
1600
1601
1603
1605
1610
1611
1613
1622
1625
1627
1629
1631
1642
1643
1646
1648
1650
1651
1654
1656
1657
1658
1661
1662
1664
1665
1678
1680
1697
1699
1703
1704
1711
1713
1714
1719
1723
1725
1726
1728
1730
1731
1733
1734
1739
1741
1744
1746
1748
1749
1752
1754
1755
1761
1762
1764
1766
1767
1773
1774
1789
1795
1807
1811
1822
1846
1851
1857
1858
1861
1868
1875
1877
1882
1888
1890
1895
1896
1900
1902
1908
1909
1910
1913
1917
1919
1923
1924
1928
1931
1932
1933
1935
1937
1939
1942
1943
1944
1953
1955
1959
1971
1984
1986
1987
1989
1997
2003
2014
2024
2025
2027
2039
2042
2052
2064
2067
2089
2090
2107
2113
2140
2143
2146
2154
2167
2168
2169
2175
2176
2184
2185
2186
2196
2200
2201
2203
2208
2215
2221
2228
2232
2246
2249
2254
2255
2256
2259
2261
2267
2269
2273
2290
2301
2305
2306
2308
2314
2316
2330
2334
2339
2344
2351
2361
2366
2368
2374
2377
2380
2381
2385
2390
2394
2398
2400
2412
2413
2423
2427
2432
2433
2434
2439
2440
2442
2460
2461
2470
2473
2476
2484
2487
2496
2504
2506
2507
2509
2513
2523
2531
2532
2555
2556
2557
2558
2560
2566
2567
2575
2581
2584
2585
2594
2604
2612
2613
2621
2622
2623
2624
2634
2641
2655
2656
2658
2672
2680
2681
2685
2687
2692
2693
2698
2702
2703
2707
2714
2721
2723
2726
2727
2733
2739
2745
2757
2759
2766
2767
2768
2770
2779
2781
2782
2784
2789
2791
2799
2805
2807
2809
2810
2813
2815
2819
2822
2826
2827
2836
2846
2849
2850
2857
2858
2861
2865
2868
2871
2872
2877
2878
2884
2887
2891
2901
2903
2907
2911
2918
2921
2923
2941
2953
2965
2968
2969
2970
2978
2979
2980
2984
2990
2991
2994
2996
3004
3011
3012
3014
3020
3022
3023
3025
3034
3038
3048
3050
3051
3052
3053
3054
3060
3063
3065
3066
3074
3076
3082
3084
3085
3087
3088
3093
3097
3098
3102
3106
3109
3114
3125
3131
3133
3134
3136
3137
3138
3140
3142
3144
3145
3147
3148
3160
3163
3164
3165
3167
3171
3177
3189
3190
3191
3193
3196
3201
3202
3204
3210
3226
3231
3233
3235
3238
3239
3243
3252
3258
3259
3261
3264
3265
3272
3281
3286
3290
3294
3296
3302
3306
3313
3314
3316
3324
3332
3337
3338
3345
3347
3348
3353
3359
3360
3361
3363
3367
3373
3375
3378
3380
3385
3390
3392
3393
3394
3395
3403
3411
3413
3415
3417
3418
3419
3430
3435
3436
3438
3439
3444
3445
3446
3452
3453
3456
3457
3461
3463
3468
3469
3479
3486
3494
3496
3503
3523
3527
3529
3542
3544
3545
3546
3550
3554
3555
3558
3575
3576
3582
3583
3591
3599
3601
3613
3614
3620
3623
3626
3627
3629
3631
3646
3647
3648
3649
3650
3651
3652
3654
3655
3656
3657
3658
3659
3660
3661
3662
3663
3664
3682
3685
3697
3701
3702
3703
3704
3707
3720
3729
3735
3739
3747
3749
3761
3762
3766
3776
3778
3779
3781
3782
3800
3810
3824
3830
3838
3845
3846
3851
3852
3855
3858
3863
3867
3873
3880
3881
3883
3888
3889
3890
3893
3898
3903
3910
3913
3915
3916
3920
3923
3925
3927
3928
3939
3944
3948
3954
3955
3956
3961
3962
3969
3977
3978
3983
3985
3988
3990
3992
3994
3995
3999
4018
4019
4025
4028
4029
4030
4036
4037
4039
4049
4057
4063
4069
4071
4072
4076
4077
4080
4083
4085
4093
4103
4107
4108
4110
4116
4117
4127
4129
4133
4147
4161
4165
4167
4169
4172
4176
4177
4181
4185
4188
4192
4196
4197
4202
4203
4205
4206
4209
4213
4218
4221
4224
4226
4232
4233
4238
4240
4242
4249
4253
4259
4265
4276
4278
4279
4285
4287
4291
4296
4308
4310
4311
4314
4316
4317
4318
4320
4331
4333
4336
4339
4357
4366
4370
4371
4377
4378
4383
4385
4387
4388
4389
4390
4397
4399
4404
4406
4407
4408
4410
4411
4412
4415
4421
4422
4423
4424
4425
4426
4430
4433
4434
4449
4452
4461
4462
4465
4471
4472
4473
4475
4478
4480
4482
4486
4492
4493
4495
4499
4507
4514
4515
4520
4523
4527
4529
4533
4540
4544
4545
4550
4552
4553
4554
4555
4556
4557
4575
4576
4580
4587
4588
4589
4591
4600
4605
4611
4624
4627
4638
4644
4646
4651
4671
4678
4679
4683
4687
4693
4698
4708
4709
4711
4714
4716
4720
4729
4734
4736
4740
4746
4757
4762
4763
4770
4772
4774
4782
4794
4797
4800
4801
4812
4815
4816
4817
4823
4826
4836
4837
4840
4841
4846
4848
4850
4854
4871
4872
4874
4879
4881
4882
4883
4887
4888
4891
4902
4917
4922
4923
4928
4936
4937
4941
4942
4943
4948
4957
4960
4961
4962
4963
4970
4976
4982
4985
4993
4996
5004
5005
5007
5008
5012
5015
5024
5028
5034
5035
5040
5043
5047
5049
5059
5062
5065
5067
5069
5073
5074
5075
5077
5081
5085
5089
5090
5096
5097
5108
5112
5115
5124
5125
5127
5128
5130
5136
5140
5142
5143
5157
5159
5161
5166
5169
5170
5176
5182
5183
5193
5196
5199
5200
5202
5203
5207
5208
5213
5216
5218
5232
5233
5251
5252
5253
5256
5260
5263
5267
5269
5272
5279
5280
5289
5290
5293
5297
5299
5302
5314
5319
5320
5324
5326
5329
5342
5343
5345
5346
5349
5356
5359
5360
5364
5367
5374
5383
5384
5391
5392
5393
5402
5408
5414
5417
5418
5420
5422
5425
5426
5430
5434
5440
5443
5444
5445
5456
5460
5462
5463
5489
5491
5496
5502
5503
5505
5508
5517
5522
5523
5527
5529
5533
5538
5545
5549
5561
5566
5567
5569
5571
5581
5589
5592
5593
5595
5598
5599
5600
5604
5607
5608
5611
5615
5621
5623
5626
5627
5628
5629
5636
5637
5638
5644
5646
5648
5650
5656
5657
5658
5659
5671
5674
5681
5682
5684
5685
5687
5694
5696
5698
5704
5710
5712
5713
5736
5737
5738
5739
5742
5743
5744
5745
5748
5749
5750
5751
5752
5753
5754
5755
5756
5757
5758
5759
5760
5761
5780
5781
5782
5783
5784
5785
)


// ************************************************************************* //
