/*--------------------------------*- C++ -*----------------------------------*\
| =========                 |                                                 |
| \\      /  F ield         | OpenFOAM: The Open Source CFD Toolbox           |
|  \\    /   O peration     | Version:  v1912                                 |
|   \\  /    A nd           | Website:  www.openfoam.com                      |
|    \\/     M anipulation  |                                                 |
\*---------------------------------------------------------------------------*/
FoamFile
{
    version     2.0;
    format      ascii;
    class       volVectorField;
    location    "0.39";
    object      U;
}
// * * * * * * * * * * * * * * * * * * * * * * * * * * * * * * * * * * * * * //

dimensions      [0 1 -1 0 0 0 0];


internalField   nonuniform List<vector> 
1466
(
(4.07861 -0.296691 -1.26428e-16)
(4.78989 -0.107746 -3.43569e-19)
(-3.05183 -0.0911073 3.97883e-16)
(0.387894 9.42331 -3.17012e-17)
(0.492427 -0.942016 -5.17124e-16)
(-2.12953 0.112039 -8.02995e-16)
(-1.13389 0.679329 1.50781e-16)
(3.97502 -0.338328 1.04073e-16)
(7.26487 0.110222 -8.67738e-19)
(4.88165 -0.178623 1.19594e-16)
(6.0775 -0.19049 -1.56995e-16)
(5.1164 -0.498477 0)
(8.26643 0.0644054 0)
(0.36746 -1.41492 -1.16924e-16)
(-1.17182 0.129799 0)
(4.83378 -0.476384 1.20657e-16)
(3.16085 -1.58151 -6.74692e-17)
(0.0347808 5.3437 -2.22838e-17)
(0.925 5.58687 -7.19257e-17)
(-0.024469 8.13316 1.03883e-16)
(0.115439 7.65611 5.06281e-17)
(-1.99615 0.0250721 4.71704e-18)
(0.0184919 6.1818 -4.99646e-17)
(-0.136168 7.92219 -1.11728e-17)
(8.14771 0.141296 6.65722e-17)
(-0.39951 0.0926455 -2.45413e-16)
(-1.29395 0.523145 -1.07724e-16)
(-0.0491969 7.84017 0)
(-1.74486 -0.413825 0)
(4.83152 2.42743 4.57601e-17)
(6.32832 -0.543263 1.03843e-16)
(-0.525958 -0.04291 1.50889e-16)
(-0.941857 -1.18366 1.7648e-16)
(-0.169299 6.80678 1.11714e-16)
(4.46881 -0.197474 8.27248e-17)
(-0.873649 1.00072 1.85283e-16)
(-0.123709 6.42043 0)
(2.95873 -0.698653 -2.02603e-16)
(5.30759 0.188785 -2.35674e-16)
(3.04047 0.003504 -2.54133e-16)
(-2.94984 -0.174399 -9.90985e-17)
(-2.85176 0.0166603 -2.65106e-16)
(-2.93816 -0.10118 1.4588e-16)
(-2.00308 -0.4528 9.91796e-19)
(2.58167 0.221678 -2.81834e-18)
(4.88113 0.148358 0)
(6.20088 0.130723 5.95945e-18)
(2.21607 0.0267553 0)
(-1.85923 -0.339656 1.12242e-16)
(0.692656 -0.327961 0)
(-1.19553 0.305823 -9.04977e-17)
(4.69484 -0.0631498 -3.10276e-16)
(-2.27698 -0.093867 5.34405e-16)
(1.18047 -0.614648 4.75809e-16)
(-1.55939 -0.658916 -8.09433e-17)
(6.30568 -0.0448966 1.1065e-16)
(4.74787 -0.308198 -1.33089e-17)
(5.92211 0.0350257 0)
(0.0748457 -0.185126 9.66255e-18)
(4.81874 0.0180799 0)
(0.355755 -0.085211 2.29541e-19)
(-1.55416 -0.38443 -7.9659e-17)
(3.10369 -0.0794075 1.09567e-16)
(4.1542 -0.200616 1.20588e-16)
(1.36334 5.57005 -1.55246e-16)
(2.5144 0.639886 1.70762e-16)
(-0.316589 1.94786 0)
(-0.125169 5.74825 2.10889e-17)
(7.37131 0.541225 2.59637e-17)
(-2.15534 0.0474522 -1.33953e-16)
(1.24244 0.771912 1.05395e-15)
(-0.112938 6.02065 0)
(-0.0713737 6.57659 0)
(8.05985 0.214853 -1.36994e-16)
(0.0561672 -0.451767 2.57817e-16)
(6.14174 -0.0478889 -1.00284e-16)
(-1.33388 -0.560651 6.96288e-17)
(3.29483 0.222814 -6.35594e-17)
(-0.845566 -0.154786 0)
(3.84789 0.822687 0)
(4.43383 0.00397945 -1.10967e-16)
(5.01243 -0.319534 -1.46701e-16)
(-1.69057 1.28562 -2.06137e-16)
(0.908325 3.22968 2.31195e-16)
(-0.114977 5.80963 8.92235e-17)
(0.609178 5.87808 3.60765e-17)
(-0.295453 7.9339 0)
(3.6574 0.291172 1.48305e-18)
(5.08051 0.104593 2.18582e-16)
(-0.150739 0.423352 -2.74916e-16)
(-0.126473 0.0973639 -8.7301e-17)
(-1.96348 0.341863 -1.92683e-16)
(0.517674 7.68208 -3.4371e-17)
(3.08477 -0.215928 -1.37683e-16)
(2.20707 -0.412509 0)
(-2.41853 -0.350665 -2.66041e-16)
(4.57468 -0.129772 2.71855e-16)
(6.28291 -0.011439 -6.18336e-18)
(6.46888 -0.123398 2.77044e-16)
(0.0738874 -0.233811 8.25348e-17)
(-1.82723 0.259579 4.43287e-16)
(-0.537831 0.0259435 0)
(1.79781 0.0167373 2.83893e-16)
(-1.05697 -0.530936 2.92986e-16)
(-2.85012 -0.142674 -1.09218e-16)
(4.30768 0.245425 4.85307e-17)
(-2.34483 -0.175896 -2.02326e-17)
(1.8939 -0.308826 0)
(5.40198 -0.395114 1.49883e-16)
(4.01397 -0.169705 4.85736e-17)
(0.193253 -0.0303011 -2.45798e-16)
(4.88759 -0.0809794 3.27549e-17)
(4.15575 -0.778445 -2.15929e-17)
(-3.07412 -0.0182194 -3.35212e-17)
(4.29431 -0.339663 0)
(0.506437 0.09654 8.01321e-17)
(-2.68012 0.149747 1.23688e-16)
(3.84898 -0.008667 0)
(-2.09268 0.246839 1.00592e-16)
(2.66245 -0.570516 -3.95991e-16)
(0.110602 8.79082 -2.54985e-17)
(0.437355 -0.908179 2.29582e-16)
(2.24968 0.687194 -6.09705e-16)
(-1.45846 -0.421125 0)
(2.11637 0.045761 -5.35409e-16)
(-1.03602 1.24069 -8.12244e-19)
(6.53536 1.00418 4.17796e-17)
(-0.236216 5.79207 -5.4644e-17)
(-0.137955 7.75714 1.76273e-17)
(0.808785 0.469698 1.61301e-16)
(5.11617 -0.0315797 1.80657e-17)
(-2.35385 0.163308 0)
(-0.149019 6.31391 3.45414e-17)
(-0.185884 8.00321 2.33019e-17)
(-0.0722017 -0.0235507 -1.42791e-17)
(-2.65869 0.0807687 0)
(2.55302 -0.167945 0)
(1.23878 -0.639791 -8.21246e-18)
(-2.90015 -0.0029782 -5.98485e-17)
(2.9647 -0.225903 1.26432e-16)
(-0.292791 -0.426985 0)
(-0.0166841 7.82311 -4.92087e-17)
(-0.102697 7.10449 -2.11413e-17)
(0.359503 5.19961 -1.98802e-18)
(-1.48153 -0.42775 -1.94021e-16)
(0.972454 6.57632 7.63687e-17)
(-0.527163 -0.0458982 -2.59485e-16)
(0.492608 0.0780831 -4.10816e-16)
(1.50971 0.711269 -6.35699e-17)
(-0.996586 -1.05614 1.01666e-15)
(-0.019319 0.0741328 1.62944e-16)
(3.41291 -0.125179 -7.83992e-20)
(6.9714 0.863098 -1.41065e-19)
(1.12976 0.246508 0)
(1.55553 0.704041 0)
(-1.95565 0.107579 1.83031e-16)
(-0.0927469 7.87565 -1.1615e-17)
(-0.378275 8.73805 -1.05363e-16)
(-0.252619 0.0163559 9.83164e-16)
(5.44247 3.73158 5.85975e-17)
(-0.511171 -0.0022809 1.14407e-16)
(5.45102 1.35118 0)
(0.588392 3.06336 6.30563e-17)
(0.0142184 7.1854 -8.91585e-20)
(2.63059 2.59298 0)
(-2.52369 -0.203137 1.23252e-16)
(-0.107288 7.18236 0)
(-0.202331 4.84751 1.67735e-16)
(0.00163796 6.80261 -2.3939e-17)
(2.02864 8.74012 5.04844e-17)
(-0.0332566 6.89544 1.63862e-16)
(-0.454628 0.0734033 -1.09741e-16)
(1.16658 -0.155662 3.96845e-17)
(7.2784 0.701906 -1.35273e-17)
(3.91831 -0.00785375 -2.12527e-16)
(7.57219 0.142925 -2.63778e-16)
(5.17563 2.99592 1.46666e-16)
(3.66624 1.70251 -6.70167e-17)
(0.0339245 0.0154961 -3.31391e-16)
(0.963129 1.09241 -2.21764e-16)
(8.5359 0.165987 3.24079e-16)
(3.987 -0.141296 -2.19671e-17)
(-0.0212099 4.85551 -1.53725e-16)
(1.14252 0.315621 2.39276e-16)
(3.94777 0.207562 -3.75159e-17)
(0.206547 5.59068 -2.37293e-18)
(-0.00845952 5.75133 -8.87007e-17)
(1.99358 4.52744 -1.27713e-16)
(7.2306 0.36717 6.39786e-17)
(-0.876513 -0.244526 3.66687e-16)
(-0.0139308 6.9863 -1.10561e-16)
(0.403318 -0.167396 2.17904e-19)
(0.960221 4.68708 5.61532e-18)
(0.795808 6.20853 2.00133e-16)
(5.81575 3.26133 -3.43284e-17)
(0.324142 0.11527 0)
(-1.5309 0.303473 2.74033e-18)
(3.53582 1.21677 -3.17774e-16)
(1.32955 2.26901 -2.34587e-16)
(1.73631 5.92237 -4.05228e-16)
(0.76932 3.73515 0)
(1.12505 0.552343 0)
(5.44194 2.23017 -8.73015e-22)
(0.535833 2.69639 0)
(1.40294 0.581263 1.82863e-16)
(1.70021 1.81077 -1.67822e-16)
(0.597417 6.94409 -8.96477e-17)
(6.77256 3.63867 0)
(-0.100253 0.0873015 1.25009e-16)
(-0.0397718 8.03937 1.45734e-19)
(0.553594 5.99173 6.68928e-17)
(-0.102207 5.79546 -8.41843e-17)
(-0.245337 2.32729 0)
(-0.0627561 7.35348 1.19012e-16)
(0.260308 7.43069 -3.13632e-17)
(0.0198693 7.05017 6.99404e-19)
(0.0150606 5.59689 2.53985e-18)
(0.150284 5.4969 -8.08466e-17)
(3.61464 4.10299 1.2965e-16)
(-0.15136 7.577 1.60744e-16)
(-0.26746 5.39385 -1.26975e-16)
(0.529465 0.0310285 -1.12939e-16)
(0.0855947 6.77576 -1.70218e-16)
(0.59533 0.14816 2.20617e-16)
(0.058356 6.7331 7.40877e-17)
(3.56185 3.57723 -1.35948e-16)
(-0.800561 -1.34979 4.40974e-16)
(0.891095 0.904162 -2.06993e-16)
(-0.0100269 0.0922913 -2.68432e-16)
(0.484688 -0.0146039 -3.5452e-20)
(0.728538 0.298948 -5.60186e-16)
(4.25264 0.106685 2.00631e-16)
(1.03866 5.06215 1.01291e-16)
(0.482581 3.20161 1.80349e-16)
(-0.923355 0.782372 4.92251e-17)
(2.12266 1.32917 -6.6121e-16)
(-0.0994996 7.10414 3.09769e-17)
(0.0194884 4.9913 1.59355e-17)
(0.560722 0.265265 2.26723e-16)
(0.00869614 6.66027 2.08977e-17)
(0.297392 1.89379 0)
(4.26119 0.768988 4.26227e-17)
(5.75451 3.14822 7.78798e-17)
(2.36965 4.40921 1.83906e-16)
(0.0874653 0.192603 0)
(5.87394 1.24316 0)
(-0.488729 -0.0353509 0)
(8.45455 0.336434 0)
(2.92438 0.831526 -1.12495e-16)
(5.99852 3.60092 -7.07338e-17)
(-0.0274771 6.24316 -4.60445e-17)
(1.1736 5.97336 -2.21926e-16)
(6.92971 4.22048 3.35145e-18)
(4.06384 -0.57837 -8.78709e-17)
(-0.539023 0.0497524 2.80158e-16)
(0.327577 0.0153215 -2.55477e-16)
(-0.15703 8.10108 0)
(8.85552 3.94284 -1.64921e-16)
(0.0237297 4.1773 -5.79458e-17)
(-0.0822524 2.43098 9.84912e-17)
(0.0104032 -0.584433 0)
(-0.191564 6.43158 -2.18874e-17)
(-0.182373 7.98972 -2.95218e-17)
(0.504241 -0.0644794 6.1702e-22)
(4.27711 3.81115 9.08679e-18)
(0.993192 0.0150269 -2.60736e-16)
(4.12543 -0.0790701 2.16534e-16)
(1.52997 0.776239 -1.12326e-16)
(0.504503 6.76758 -1.63353e-17)
(9.17751 3.56954 -7.98747e-17)
(1.82718 4.21542 -1.06437e-16)
(0.0151098 4.19233 0)
(-0.26469 -0.679703 6.27911e-18)
(-0.0414558 0.103356 -1.60401e-16)
(-0.153241 0.0120336 -3.60744e-16)
(0.77129 0.195433 4.25137e-16)
(0.242877 0.118047 -2.31315e-16)
(2.66592 5.26303 -1.13015e-16)
(-0.0624664 6.37537 -1.08502e-16)
(1.98559 0.860838 1.72593e-16)
(0.347341 -0.0538186 2.04351e-16)
(1.82417 -0.979334 2.17095e-17)
(2.43108 3.71375 0)
(5.35023 0.553176 -3.79844e-17)
(-0.0878698 -1.57561 4.13127e-16)
(0.676997 -0.608713 -1.48072e-16)
(2.62818 1.29164 0)
(2.70058 1.26895 -3.11478e-16)
(0.0494711 -0.0779665 0)
(7.80969 4.06439 -2.64874e-16)
(7.67509 1.21245 1.35193e-16)
(3.02623 -0.154028 -1.34425e-18)
(8.44998 0.123931 -3.40712e-16)
(-0.0909149 -0.0861399 0)
(3.82158 5.77826 9.82973e-17)
(0.993549 2.3916 -3.49526e-16)
(0.183873 4.11736 1.03346e-16)
(0.583556 -0.850565 3.66482e-17)
(2.54775 1.24686 7.64072e-17)
(0.31212 -0.0537748 -2.48763e-16)
(0.470528 -0.919493 0)
(-0.748228 -0.0609731 1.72797e-16)
(-0.500759 -0.2512 0)
(8.64663 0.397632 -2.05005e-16)
(-0.442024 8.84776 0)
(1.11926 1.34945 8.50239e-17)
(1.08889 -0.288769 1.29268e-16)
(0.70882 -1.69814 -1.95035e-17)
(3.20926 8.38066 -2.55234e-17)
(0.0794195 7.03205 6.21308e-17)
(7.07771 1.92844 1.47307e-16)
(-0.373224 4.36802 0)
(-0.159904 7.18423 -3.57402e-19)
(3.08449 0.359171 -1.37374e-16)
(3.88088 1.90481 -1.81975e-16)
(4.90478 2.91988 -2.73311e-16)
(-0.173467 0.0523963 0)
(5.33251 3.56547 2.06723e-16)
(0.293498 -1.02691 0)
(-0.594446 0.17173 2.86773e-16)
(0.0168757 -1.33601 0)
(0.0414994 4.24038 -1.08293e-16)
(0.0763796 1.90742 -6.04054e-17)
(0.196272 -0.0310223 3.19881e-16)
(-0.155603 8.72359 -1.70603e-17)
(7.75959 5.22081 -8.31252e-17)
(0.84562 -0.44497 -7.49089e-17)
(4.8601 3.75917 -2.07111e-16)
(-0.0867346 -0.0542113 -2.61665e-16)
(3.07618 0.116338 1.64628e-16)
(0.0642843 5.7892 8.93805e-17)
(7.83556 4.63868 5.02505e-16)
(-1.71651 -0.782627 -3.12516e-16)
(3.52934 7.14433 2.13133e-17)
(2.3555 2.7069 -1.44831e-16)
(7.09669 1.75111 6.05325e-17)
(2.44489 1.4313 -3.76465e-16)
(0.599693 0.164012 3.96232e-16)
(1.67155 0.376579 -1.87688e-16)
(-0.0808355 -0.6883 -1.73067e-16)
(2.22879 0.587036 1.46906e-18)
(6.55204 3.2011 6.60027e-17)
(2.15603 -1.67076 3.29073e-17)
(3.22677 3.30538 -3.29011e-17)
(1.64145 8.64616 -5.46907e-17)
(-0.747928 -0.162811 -8.70044e-17)
(5.61014 0.450631 -1.78108e-17)
(3.86553 6.08654 -7.64523e-17)
(6.94553 0.241043 2.3781e-17)
(2.81674 2.26023 1.56998e-16)
(6.24474 4.55452 -2.14255e-18)
(8.51067 2.73658 -4.59891e-17)
(0.123697 10.2463 -5.53985e-17)
(0.840644 0.934697 1.14583e-17)
(-0.871319 -0.895973 0)
(0.939063 1.62139 2.04118e-16)
(-0.406445 3.97946 -1.79729e-16)
(3.51367 0.449318 6.46269e-18)
(9.43439 2.49364 0)
(3.49939 7.37627 2.28585e-17)
(-0.357736 -0.296448 0)
(1.31237 2.89563 9.68229e-17)
(1.8952 4.9064 1.00661e-16)
(0.146666 2.80208 0)
(0.169342 -0.57069 -2.64497e-16)
(0.0295866 2.01994 4.83681e-19)
(7.11816 2.98638 5.26112e-17)
(7.30803 2.55354 4.56773e-17)
(-1.00145 -2.0209 1.48268e-16)
(2.78162 6.84491 3.66355e-18)
(3.03134 8.86644 0)
(0.702292 2.39249 1.03518e-16)
(1.37773 2.97301 -3.16841e-17)
(3.01559 8.36255 -2.96902e-18)
(0.0460578 -1.39513 4.91381e-16)
(0.168003 5.03345 3.50457e-17)
(3.13583 -0.510595 -2.37337e-17)
(1.22716 5.39006 7.0189e-17)
(2.8164 -0.644913 3.99581e-16)
(4.0101 4.61146 -7.93436e-17)
(0.551594 1.76008 9.50057e-17)
(0.986026 2.00539 -3.02872e-16)
(0.58247 2.33627 -1.79444e-16)
(0.582778 2.84783 2.48844e-16)
(0.874899 3.05801 0)
(0.948222 2.56004 1.40099e-16)
(1.33478 -2.1663 -1.62228e-17)
(0.658606 -2.46051 -1.64393e-16)
(0.318468 -1.94699 1.42647e-16)
(0.316171 -1.39551 -3.83683e-17)
(-0.0932639 -0.407921 1.97216e-17)
(0.437482 1.92609 4.67164e-17)
(-0.00612941 1.54951 -5.66857e-17)
(0.376329 2.01944 -5.48128e-17)
(-0.108096 -0.220412 3.89863e-19)
(-0.120023 -0.740362 1.30848e-16)
(0.219716 -0.767742 -5.04869e-17)
(1.22109 7.09698 -2.82286e-17)
(-0.134701 -0.229074 7.23847e-17)
(-0.134851 -0.503721 0)
(0.31111 0.030709 -1.86011e-16)
(0.701076 0.119598 2.07268e-16)
(1.67463 8.9264 0)
(-0.692038 -1.05356 2.23329e-16)
(1.26386 9.62291 -1.85565e-17)
(0.0755247 -0.163194 7.60607e-19)
(1.68398 7.74949 -2.91985e-16)
(-0.218364 0.455376 -1.11036e-16)
(2.466 -0.327325 0)
(1.74697 -0.129775 9.28125e-17)
(0.0273545 0.401222 -1.33289e-16)
(1.45124 6.88418 -1.30722e-16)
(1.13986 3.56645 2.35252e-16)
(0.913409 -0.175433 5.27439e-16)
(2.98558 1.48337 -1.03626e-16)
(-0.50192 -1.47599 0)
(-0.787252 -1.11966 0)
(1.06485 0.945179 1.20845e-16)
(0.269875 0.169849 0)
(3.37514 -0.449984 0)
(0.365299 0.11425 -1.5946e-16)
(-0.404383 0.0518921 3.56155e-16)
(2.91347 -0.20893 0)
(1.06769 4.58242 9.58855e-17)
(1.30398 -0.0712457 9.5615e-17)
(1.14514 -0.68652 2.95319e-19)
(-0.171478 0.491721 3.92301e-16)
(2.08887 0.494456 2.52791e-17)
(0.302109 0.47847 -5.80629e-16)
(1.34016 -0.921782 2.59888e-16)
(0.697441 -0.132133 0)
(-0.0902648 -0.610859 -9.17608e-20)
(-0.390358 -1.07597 5.00686e-16)
(-1.57141 10.2875 1.66958e-17)
(2.15251 -0.0325694 -4.61769e-16)
(-0.0527681 -0.576213 -3.87559e-16)
(-0.207608 -0.664319 6.98316e-17)
(-0.230609 -0.858134 -6.93613e-17)
(-0.14972 -0.842789 2.79923e-16)
(0.0827129 -0.163983 -3.33674e-16)
(-0.0147108 -0.0468269 4.38175e-17)
(0.317682 -0.440717 -8.53831e-17)
(0.955758 -0.305343 2.46035e-16)
(-0.667542 -0.416641 0)
(1.31196 -0.0310565 -2.79062e-16)
(2.81957 -0.998257 1.10686e-16)
(8.58957 0.0965826 7.17306e-17)
(2.17657 -0.100664 0)
(2.82269 -0.949343 -6.68025e-17)
(1.76754 -0.430675 1.45235e-16)
(2.55428 -0.151723 5.25574e-20)
(3.24987 -0.744882 -8.73645e-17)
(-0.0196019 0.168121 -4.14639e-17)
(8.65813 0.13314 3.29259e-17)
(-0.0169814 0.547913 -2.21518e-18)
(-0.0724146 -0.442276 5.06637e-18)
(0.679564 1.17905 0)
(-0.754511 2.02227 0)
(-0.00253296 -0.807191 0)
(1.44146 -0.0946335 2.4563e-16)
(-0.298953 -1.81904 -3.96222e-16)
(-0.227262 -0.286655 -2.442e-17)
(-0.182764 1.54349 -1.61072e-16)
(-0.545749 2.27994 4.67055e-16)
(1.12337 -0.966997 1.97199e-16)
(2.25822 -0.878149 -1.0934e-16)
(1.26676 3.17065 -9.33907e-17)
(0.0750853 -0.109423 -3.61288e-17)
(2.08534 1.45118 -5.0711e-17)
(1.47844 2.75067 5.11041e-17)
(0.71271 1.02578 1.30858e-16)
(0.515768 1.53563 -1.71663e-18)
(-0.436196 -1.33362 -5.57908e-16)
(0.437252 1.06528 9.19938e-19)
(1.0407 -0.0991539 1.41252e-16)
(1.35531 -0.797651 1.18689e-18)
(1.82713 0.906503 -1.5643e-16)
(0.725591 3.07806 0)
(0.573748 2.2202 0)
(1.63099 1.21278 -7.7006e-18)
(2.50285 7.46466 -8.11111e-17)
(-0.253221 5.3452 1.4763e-16)
(-0.231621 8.9942 -1.00397e-16)
(0.600364 2.67174 6.95724e-17)
(1.02381 1.49817 -2.72299e-17)
(6.82407 4.75746 -1.64389e-16)
(1.26207 -0.761306 -1.42528e-16)
(1.69042 0.923174 1.41018e-16)
(0.494507 2.41182 -9.60593e-17)
(1.52454 5.11201 9.41973e-17)
(0.856336 0.957315 1.18023e-16)
(-0.0544643 7.92613 3.07036e-17)
(1.48878 -1.85651 -1.48607e-16)
(1.02627 3.39756 9.21727e-17)
(0.883397 2.63982 0)
(0.565748 3.38665 2.32297e-17)
(0.249542 4.73622 0)
(0.773691 3.44746 5.1351e-18)
(4.60551 2.80889 0)
(0.0762181 2.41113 5.36878e-17)
(0.529835 3.36263 0)
(0.328591 4.07307 0)
(-0.10401 3.18697 -1.53769e-18)
(0.00645907 -1.27157 2.35323e-16)
(-0.0827488 1.55332 -1.96366e-16)
(0.192096 3.7111 0)
(2.28595 8.05496 0)
(1.9783 -0.0757939 2.04106e-16)
(2.19599 -0.510213 9.44352e-17)
(0.426322 4.24048 0)
(1.73024 -0.0514227 2.58571e-16)
(1.06823 2.09712 -1.25345e-17)
(0.288567 2.71436 4.60347e-17)
(-0.620812 9.62611 -5.66117e-17)
(0.183105 4.87979 -7.03088e-17)
(0.075186 2.70975 -8.30613e-17)
(0.80878 1.58962 -2.0997e-17)
(8.69874 0.140912 -3.06251e-16)
(8.20367 0.268021 7.66133e-18)
(2.62047 -1.01884 4.40707e-16)
(0.488993 3.68271 -3.49503e-18)
(2.99768 1.6627 1.8965e-16)
(0.201031 4.21849 5.44394e-18)
(5.75349 4.84239 0)
(0.948392 2.6632 0)
(1.85882 2.77962 2.80943e-17)
(2.35341 2.03869 0)
(0.25908 -0.967915 -3.73895e-16)
(1.37435 2.88067 -3.99292e-17)
(0.54917 3.16013 -8.99344e-17)
(0.516744 -0.430306 1.69934e-16)
(-1.11698 10.4097 -1.92208e-17)
(0.17653 0.830218 -2.23755e-16)
(0.642743 3.40586 0)
(0.572463 3.90764 0)
(1.5563 2.10223 -3.61073e-17)
(5.20835 6.16262 0)
(2.30628 6.65572 0)
(0.25198 1.04457 0)
(-0.0805301 8.45653 -1.07022e-16)
(6.7274 5.46727 6.58126e-17)
(-0.574845 -1.1087 -2.26833e-16)
(0.160103 1.75989 -1.8552e-16)
(-0.0126949 1.61405 1.56815e-16)
(0.905354 2.69748 5.32226e-17)
(4.45352 7.13916 -2.93616e-17)
(0.541227 2.36419 1.67961e-18)
(6.52321 6.18618 -3.41676e-17)
(-0.125816 6.25813 -3.97666e-17)
(1.31297 -0.00835979 1.13325e-16)
(2.29609 -1.00493 1.73711e-16)
(1.49228 -0.468914 7.5866e-17)
(1.30917 1.1018 -3.39304e-17)
(0.665858 3.72084 -7.74456e-18)
(-0.733596 9.99756 2.3081e-17)
(0.232444 4.70778 1.20236e-16)
(0.357603 4.3911 -5.1155e-20)
(0.0699567 1.56368 2.43676e-17)
(2.04117 -0.277851 1.14602e-16)
(7.40259 5.80312 -1.47e-16)
(0.451145 3.61428 1.09809e-17)
(-0.481798 -0.482763 1.70082e-16)
(0.741556 -0.0589932 2.62177e-16)
(4.34762 4.75982 2.4968e-17)
(8.24711 0.350815 -2.65188e-16)
(-0.105937 0.560973 6.16503e-17)
(0.80158 3.4505 5.72433e-18)
(0.136535 4.625 -1.03871e-17)
(2.57527 4.95484 5.49869e-17)
(0.095701 5.56442 7.20849e-17)
(-0.103471 8.64343 1.55324e-17)
(0.1175 4.98998 0)
(0.76107 0.406307 0)
(3.9348 2.04556 4.38362e-16)
(1.5042 1.98765 -4.97879e-18)
(-0.235844 8.83378 4.25121e-17)
(8.66779 3.5561 -3.56667e-17)
(0.227618 4.76092 1.90455e-17)
(0.497811 4.06101 -1.03954e-17)
(5.39597 -0.494151 2.13993e-16)
(1.62601 1.89575 -4.37323e-17)
(0.02323 5.85397 -3.3507e-17)
(0.327673 4.44701 7.68623e-17)
(0.34161 3.53159 -1.28042e-16)
(0.241848 1.82959 1.7441e-16)
(1.31801 2.41868 5.00266e-17)
(0.0712826 9.01856 5.51631e-20)
(8.89497 1.84248 9.92126e-18)
(0.513162 3.51219 -1.42605e-16)
(-0.0282231 0.615169 -9.93627e-17)
(-0.360443 8.23409 -6.04709e-17)
(5.45608 6.89976 0)
(-1.32756 -1.32403 0)
(0.386185 4.217 -7.91119e-17)
(0.228839 6.83254 2.37581e-19)
(-0.0370464 7.20577 2.42446e-17)
(1.57188 5.42924 6.69283e-17)
(-0.39423 10.3886 4.51929e-18)
(2.14016 1.68139 1.8432e-18)
(-0.242644 8.40196 1.40643e-17)
(4.30595 2.39864 0)
(8.46827 4.67985 -5.35996e-18)
(8.25432 4.32855 -6.92674e-17)
(3.67176 8.10972 2.81866e-18)
(0.938642 3.78118 -6.26903e-17)
(-1.0687 -1.03856 -1.53425e-16)
(1.76878 -0.0301025 -1.87225e-16)
(0.97495 0.65635 -9.69216e-17)
(-0.713449 -0.91792 -9.27322e-17)
(0.35434 3.60469 0)
(0.795525 1.82527 5.83095e-18)
(0.569766 7.20651 0)
(6.28879 6.30349 0)
(5.77565 5.25779 3.62169e-17)
(0.00436953 7.14217 0)
(5.80269 3.97376 9.75434e-17)
(4.20204 2.178 -1.18491e-16)
(5.49647 5.83054 4.42303e-17)
(7.39877 1.38985 0)
(-0.0795357 9.18772 -5.7655e-18)
(4.28667 7.64737 1.02336e-17)
(0.50976 -1.16839 2.85033e-16)
(1.05541 -0.0614172 -1.35377e-16)
(7.25949 5.40852 2.0056e-16)
(7.3203 0.123997 -5.01299e-18)
(0.437134 3.97199 8.15741e-17)
(-0.437478 7.8393 8.10345e-17)
(-1.23779 -1.35639 8.85319e-17)
(-0.855942 -1.21357 -1.49406e-16)
(0.0934052 5.34473 0)
(1.40721 0.61237 -4.00039e-17)
(7.60021 3.5188 9.58069e-17)
(7.42244 1.72137 -9.88436e-17)
(7.58935 4.70953 5.62858e-17)
(0.275478 4.52976 -4.05295e-17)
(8.9655 2.87104 5.07189e-17)
(-0.320168 9.10139 -4.6549e-19)
(-0.196472 8.6519 -1.90967e-17)
(2.85503 1.13943 3.53767e-16)
(0.0484687 9.29871 3.07448e-17)
(-0.106223 6.56394 4.01505e-17)
(0.621386 8.79909 2.6285e-17)
(0.252815 10.5465 4.61602e-18)
(0.662308 0.160939 1.91484e-16)
(0.158975 5.11518 -7.08032e-17)
(8.13026 5.15855 -8.58109e-17)
(-0.892111 -1.56578 8.68315e-17)
(0.155916 4.64604 0)
(0.0596044 10.6108 2.09614e-18)
(4.94076 6.83304 -2.1831e-17)
(0.302257 4.36807 -3.78569e-17)
(8.56906 0.389996 3.72154e-16)
(4.0593 0.336894 2.31933e-19)
(0.138778 -1.21238 2.17236e-16)
(-0.0122046 0.360253 1.92235e-16)
(0.192417 4.64075 1.39316e-16)
(1.68474 -0.0650117 1.30061e-16)
(-0.23315 7.43915 9.1666e-17)
(-0.0801167 -0.0612118 3.32801e-16)
(9.29859 1.16718 6.10946e-17)
(0.293203 3.87815 -6.7092e-17)
(4.73855 0.0264874 4.41889e-18)
(0.0218067 -0.606627 3.90807e-16)
(8.57356 4.14384 0)
(0.644604 0.441507 0)
(0.40985 0.254173 1.51475e-16)
(-0.256523 4.15328 9.70107e-19)
(1.9252 0.705149 0)
(2.88667 -0.261199 0)
(2.43681 -0.0715866 0)
(0.880797 -1.0955 -3.69068e-17)
(0.500151 0.137512 5.1792e-17)
(2.33417 -1.15507 0)
(0.858717 0.367939 6.77271e-16)
(-0.679566 -0.908253 -8.05354e-16)
(-0.127344 -1.40847 1.09682e-16)
(-0.20261 0.0225366 -2.47789e-16)
(-0.570598 -0.192675 2.26444e-17)
(5.14194 -0.257475 6.61612e-17)
(8.04669 3.05776 2.38099e-16)
(-0.0959907 9.21981 2.96731e-18)
(-0.41326 -2.04732 -1.56094e-17)
(-0.529478 0.0230492 7.93011e-16)
(0.0713346 -0.538055 0)
(-0.279511 0.0993352 -3.47872e-16)
(0.41562 -0.00226512 2.37745e-16)
(0.45279 0.191161 0)
(-0.700356 0.047838 1.92104e-16)
(2.27782 1.02778 7.98981e-18)
(-0.604996 0.0418343 0)
(-0.117075 0.308187 9.85973e-17)
(8.12763 2.48004 -3.50336e-17)
(8.51952 3.63959 -1.60389e-16)
(2.05636 9.3076 -1.03874e-16)
(-0.0709817 0.121015 3.38095e-16)
(-0.751661 0.0482371 -6.66028e-16)
(1.83541 9.81928 -6.06156e-17)
(1.41214 -1.24004 -8.51852e-17)
(0.704683 0.195993 -5.1406e-18)
(0.511371 3.33914 6.78092e-17)
(0.0680811 6.29956 1.06842e-16)
(0.20684 0.147943 0)
(-0.652712 0.0437736 1.77775e-16)
(-0.0798048 -0.0504828 0)
(0.340873 3.08595 0)
(0.12265 2.67081 9.7254e-17)
(1.1894 0.314772 -1.60198e-16)
(-0.0541408 -0.740757 8.58451e-17)
(-0.804336 0.0439527 3.22098e-16)
(0.29908 2.50935 -8.51173e-17)
(0.356558 1.6727 0)
(0.23521 4.39914 1.03242e-18)
(3.3947 -0.258538 2.15488e-16)
(-0.000289178 10.4312 1.70194e-17)
(-0.0803475 6.80279 4.05839e-17)
(-0.245977 9.13278 9.1897e-17)
(4.26362 1.31463 -4.36192e-17)
(0.126722 3.73174 -1.71886e-19)
(-0.518165 -1.29366 -1.28648e-16)
(1.63406 0.615994 -1.07544e-16)
(6.80963 -0.0510625 5.39301e-17)
(3.63876 -0.394464 -1.43586e-16)
(-0.493292 0.0859732 0)
(-0.0977622 3.92701 0)
(-0.337894 7.73806 0)
(0.0354029 6.32375 1.98149e-16)
(0.00718621 9.28593 -1.7836e-17)
(2.26213 2.37609 0)
(0.940086 0.262224 0)
(-0.913295 -0.103512 5.1637e-17)
(0.732317 -1.4856 7.10122e-17)
(0.0645924 4.78245 1.34853e-16)
(-0.233251 -1.1884 3.00995e-16)
(-0.152341 -1.45286 0)
(1.09914 -0.433346 -4.27551e-17)
(3.1533 1.95191 6.10845e-16)
(-0.0789784 7.32159 -3.3499e-20)
(-0.206833 8.65708 0)
(-0.766306 -0.107526 -2.06505e-16)
(-0.0163463 5.94913 3.73233e-17)
(-0.0293872 5.88334 5.97393e-17)
(1.79814 -0.0401402 1.00819e-16)
(0.252939 4.65271 0)
(-1.37069 -0.25741 1.26614e-16)
(0.752482 -1.05786 4.4424e-16)
(1.5925 0.509463 2.12971e-16)
(1.49611 0.183029 0)
(0.0383091 -0.873846 2.56766e-17)
(0.0994901 1.63841 -1.04658e-16)
(6.16195 1.11887 -8.94093e-18)
(-0.028904 9.22194 -9.77101e-18)
(5.05636 -0.63688 -2.59156e-16)
(-0.425454 0.0738684 1.20059e-19)
(0.591832 0.924686 1.19011e-16)
(0.175545 6.28316 1.84334e-16)
(2.50316 0.460559 -1.00789e-16)
(1.31109 6.16814 9.86002e-17)
(0.0786448 9.27122 0)
(8.4252 0.932482 -1.09023e-16)
(0.166647 2.59861 -7.80646e-17)
(-0.126716 5.79804 4.45228e-17)
(0.176253 -0.446093 1.69463e-16)
(1.05316 0.259282 -7.0157e-20)
(3.4382 1.34989 -3.84144e-17)
(0.444884 3.45858 -4.5527e-17)
(5.63644 2.73704 0)
(-0.041584 7.7786 -1.58431e-17)
(2.84323 3.09761 0)
(1.26607 -0.923089 0)
(-0.029353 5.39704 1.54723e-16)
(1.85546 -0.0248084 -7.03729e-17)
(0.244039 0.238763 6.0999e-20)
(1.95536 0.450677 1.65579e-16)
(0.878152 -0.929815 1.39473e-16)
(-0.878942 0.316286 4.82345e-19)
(0.00672418 5.3315 -2.51038e-16)
(4.14762 1.95391 2.63961e-17)
(-0.43729 0.0727618 3.57438e-16)
(1.62118 2.19967 1.30313e-18)
(1.36461 6.43147 1.45052e-16)
(0.210662 0.356283 0)
(-0.15959 -0.67898 3.51613e-17)
(-0.0312591 7.73803 2.11501e-17)
(2.36652 0.0394713 -1.63422e-17)
(-0.398289 -0.734451 -5.97449e-17)
(-0.141408 -1.74685 -1.81455e-16)
(0.341223 0.0635868 3.10729e-16)
(0.0291019 5.49822 0)
(0.115163 3.42192 4.6696e-17)
(2.27563 8.07786 -1.25368e-16)
(1.00284 1.42806 1.06494e-16)
(0.439348 -0.0687797 -3.64363e-16)
(0.0400223 5.57255 0)
(0.0631109 -0.517664 -4.22236e-16)
(2.84946 -0.101862 -9.23293e-18)
(8.26582 1.50359 -5.4892e-17)
(-0.250987 7.85724 6.77083e-17)
(6.16135 -0.0846328 7.13739e-18)
(-1.21353 -0.263572 -1.87231e-16)
(1.42109 0.987121 -4.26727e-17)
(0.45831 -0.694425 -2.48535e-16)
(-0.280738 -0.869822 -1.42977e-16)
(-0.0897164 6.85359 6.57038e-17)
(-0.612614 -1.90727 -2.04937e-16)
(5.82721 2.62567 1.73198e-16)
(1.14249 -0.0925651 -2.86091e-16)
(-0.0974915 -0.730063 1.68144e-16)
(8.41084 0.524169 7.31926e-17)
(-1.49989 0.197267 1.43239e-19)
(0.184174 9.21746 6.43255e-17)
(-0.0352651 7.42242 3.59204e-17)
(-0.103753 8.08766 -5.13847e-17)
(-0.184236 5.649 3.37317e-18)
(-0.190848 7.76253 7.03111e-17)
(1.30425 0.410132 -1.03603e-19)
(-1.90072 -1.15679 1.58344e-16)
(1.05263 -0.22385 -6.86923e-17)
(-0.0427546 7.79542 0)
(-0.161229 0.0116053 -1.71634e-16)
(-0.32796 8.71232 -4.11694e-17)
(4.71925 0.622128 -6.12629e-17)
(0.14171 4.1742 2.35319e-19)
(-0.373879 0.662 -2.48915e-16)
(2.69462 1.12938 -8.97651e-17)
(1.09161 -0.339298 1.23644e-16)
(1.90479 -0.649501 1.09296e-16)
(0.0860263 3.63828 0)
(8.66794 1.44459 0)
(8.17433 1.08641 4.00617e-17)
(-0.0851984 5.66072 0)
(3.42062 0.861611 0)
(2.04419 0.716897 -1.80773e-16)
(0.0779097 0.491076 0)
(1.69686 -0.331555 8.2365e-17)
(5.40394 0.0229518 9.72927e-17)
(0.0571503 0.677134 6.8973e-19)
(-0.896249 0.681038 -9.25972e-17)
(-0.540689 0.0537593 -3.61703e-16)
(0.0260343 -0.389257 -3.19165e-19)
(-0.0479005 -0.200641 0)
(-0.0762135 0.546218 -6.33142e-17)
(0.161745 5.32542 7.22981e-17)
(0.349642 3.98246 2.16553e-17)
(4.56363 -0.608361 -9.50621e-19)
(0.671139 -0.90793 0)
(2.09026 8.63841 2.58082e-18)
(1.72542 0.151318 -1.3897e-16)
(-0.189799 7.25823 1.17938e-16)
(4.44357 -0.055747 0)
(-0.725724 -1.17899 -5.48652e-16)
(3.10982 -0.78131 1.43278e-16)
(5.70223 0.338877 3.66951e-17)
(0.464028 9.65059 -4.04332e-17)
(0.526876 2.60322 0)
(0.27312 0.113451 1.33584e-16)
(1.175 0.111791 5.75693e-16)
(2.72018 0.399416 -8.41575e-19)
(4.05778 0.0993611 4.02189e-16)
(3.34078 0.0418439 5.20318e-17)
(-0.226089 10.4325 -8.15627e-17)
(0.485603 2.78918 -2.78315e-16)
(-0.0715941 6.25146 -2.38144e-16)
(8.56617 0.247171 6.46291e-19)
(1.70675 0.989656 -4.4874e-16)
(-0.271183 -0.0658156 -1.12275e-17)
(1.37129 -0.126746 1.52178e-16)
(0.383641 9.691 4.38351e-17)
(-0.518839 7.8323 -1.54674e-16)
(3.01486 -0.0579802 2.13807e-16)
(0.435081 3.78047 4.68985e-17)
(0.0814648 0.729648 -7.3927e-17)
(-0.724479 0.0783107 4.68607e-16)
(-1.04442 -1.04006 -8.01807e-17)
(-0.153862 0.053734 -6.08512e-17)
(0.48487 1.81239 -1.04046e-16)
(2.52033 1.80396 2.65755e-18)
(0.252111 4.30157 0)
(0.0666448 6.9733 0)
(0.0448182 6.88488 0)
(0.0429272 6.91827 -2.86516e-17)
(-0.135137 6.70234 1.76279e-17)
(0.0052605 6.70509 0)
(-0.133852 7.04026 0)
(-0.0626471 6.63251 0)
(0.100979 7.57303 -6.74434e-17)
(0.0687613 6.16915 0)
(0.17291 5.92433 0)
(0.157939 7.25634 6.8063e-17)
(0.0222779 7.62398 0)
(-0.0396425 7.58245 -3.07502e-17)
(0.193389 6.89251 1.66923e-17)
(-0.0312557 6.20987 0)
(0.310893 5.41007 -9.12415e-17)
(0.221861 6.06442 -3.25176e-17)
(0.222599 6.49267 1.98654e-17)
(0.461871 4.6201 1.02008e-16)
(0.563348 3.61951 3.14161e-17)
(0.668392 1.79534 1.71525e-17)
(0.620145 2.67516 -1.86711e-17)
(-0.0585765 7.53938 3.20384e-17)
(-0.0569169 7.53628 0)
(-0.0417295 7.53789 0)
(-0.0191244 6.80862 2.867e-17)
(4.87204 -0.0564958 3.86572e-17)
(8.23245 0.0278058 -2.16921e-18)
(-0.948423 -0.0240695 -2.71993e-16)
(-0.691103 -1.4702 -7.37292e-17)
(1.47508 1.2012 -1.41253e-16)
(-1.3812 0.582092 -1.80579e-16)
(2.70286 0.461636 1.96129e-16)
(1.0321 -0.883971 1.89472e-16)
(-1.60583 -0.00836102 0)
(0.0153656 6.5419 -1.27678e-16)
(0.217984 6.02556 -5.98467e-17)
(0.0705617 6.02805 -3.67111e-17)
(-1.30619 0.288462 -3.76384e-16)
(1.24808 0.200036 0)
(8.70386 2.20057 -9.31777e-18)
(0.514741 -0.602786 -1.32741e-16)
(2.6629 1.13206 1.16511e-16)
(-1.26991 -1.13296 6.75498e-17)
(1.43853 -0.0602728 7.63038e-16)
(0.328222 8.74553 8.47886e-17)
(3.15015 -0.0942641 0)
(2.34801 9.69251 2.80275e-16)
(0.0901269 5.33365 0)
(-1.69862 -0.223394 0)
(-0.0396821 7.57559 0)
(-0.863571 -0.664991 6.22581e-17)
(3.06737 0.472779 9.71489e-17)
(8.84981 0.915717 -2.33466e-16)
(-0.893692 0.0413134 -1.87474e-16)
(8.67653 0.581338 -7.24971e-17)
(0.24706 1.85809 0)
(1.86028 0.0740519 0)
(-1.64994 -0.895555 -9.32996e-17)
(-0.17102 7.89871 1.35422e-16)
(-0.768783 0.402765 0)
(0.845208 -0.892384 -2.18191e-16)
(1.68613 0.229523 0)
(-1.36244 -1.28181 0)
(-0.0125743 0.145113 3.37741e-17)
(4.52753 0.273405 6.00755e-19)
(-0.0547746 7.48589 -3.23361e-17)
(-1.22687 -0.137761 -2.70406e-16)
(2.51683 -0.396429 1.68009e-16)
(2.72409 0.152678 -1.37165e-16)
(-0.0207528 5.40854 0)
(7.06106 0.190509 2.93233e-17)
(8.39595 1.93255 0)
(2.17319 0.900424 -3.15698e-16)
(1.66127 0.342491 -2.43517e-16)
(3.28454 1.07294 -2.89299e-16)
(1.05489 0.262992 -1.61766e-16)
(3.14833 1.25807 -1.3501e-16)
(0.699078 -1.33553 -4.63649e-16)
(-0.283311 -0.189142 -1.23279e-17)
(1.86768 -0.203454 4.97983e-17)
(3.38679 -0.118881 -1.07074e-17)
(4.37213 0.344594 1.41784e-17)
(0.0218373 5.74127 7.81449e-17)
(4.73064 2.46596 2.41697e-16)
(-0.04106 7.38354 1.56343e-17)
(1.89887 0.110051 6.54548e-19)
(-0.0980094 5.64111 -3.40134e-19)
(-0.494784 1.89124 -1.68028e-18)
(1.04335 0.422704 2.22982e-16)
(3.43212 -0.360849 1.98452e-16)
(1.69262 1.59652 1.17822e-16)
(-1.18084 -0.840582 -3.39545e-16)
(-1.06616 -0.661986 2.21113e-16)
(0.155005 5.30916 2.55156e-16)
(-1.70896 -0.0993797 0)
(0.110618 5.43254 -1.54401e-16)
(3.64474 -0.107737 -3.95345e-16)
(4.4841 -0.138326 -2.54341e-17)
(1.11524 0.162345 -5.17353e-16)
(-0.289143 9.1009 3.82759e-17)
(2.75917 0.0803876 -8.02372e-17)
(-0.225757 -0.0286787 -5.73808e-16)
(4.04755 -0.588926 7.90741e-17)
(-0.0681229 6.01609 3.6167e-17)
(-0.364956 2.45243 -2.45664e-16)
(0.158408 5.32179 -1.98261e-17)
(8.47071 0.1505 -3.51753e-17)
(-0.0473146 7.46012 1.51218e-17)
(0.157302 5.49083 3.01993e-17)
(4.1512 -0.169686 8.58068e-17)
(-0.549159 0.899435 2.64127e-16)
(-0.041934 4.7058 -1.48841e-16)
(-0.606816 -0.00141469 3.13448e-16)
(0.741951 -0.0700168 2.29435e-17)
(-0.705254 -0.457292 0)
(2.40466 9.05324 -8.26257e-17)
(-0.068231 4.07145 -6.5094e-17)
(0.616484 2.77114 1.2487e-16)
(3.48427 1.38221 -4.02935e-16)
(-0.636627 -0.829048 2.1395e-16)
(-0.690044 -0.470656 1.01938e-18)
(-1.70496 0.639565 -5.35622e-17)
(0.511414 1.13108 -4.22701e-20)
(2.30405 -0.0143782 5.57802e-17)
(-0.0961724 -1.0971 1.67578e-16)
(8.43226 0.71354 -1.03347e-17)
(0.380301 -0.404588 -1.79905e-16)
(-0.427583 0.165196 3.28717e-16)
(1.98459 -0.696584 9.77592e-17)
(1.71322 0.673001 2.03837e-16)
(-1.30456 -0.633274 5.46999e-17)
(7.92333 0.0481163 -1.38265e-16)
(0.143909 2.31027 1.84017e-16)
(-0.537574 -0.609849 5.27304e-16)
(-0.190311 -0.442204 4.03364e-16)
(-0.938134 -0.0104022 2.03883e-16)
(0.517961 5.52915 -6.7757e-18)
(0.811407 0.747461 -2.82093e-16)
(-1.39326 -0.292882 -1.13939e-16)
(0.54242 -0.0666205 8.7396e-17)
(5.168 -0.13496 -2.75289e-16)
(-0.148067 7.30942 -1.16113e-16)
(0.112485 5.44106 2.38667e-17)
(-1.13421 -0.511167 4.44949e-16)
(-1.00424 -0.00567524 -2.60542e-16)
(1.76154 3.2593 0)
(-0.0553559 8.48451 -7.97685e-17)
(-0.0507579 5.57459 -2.43129e-17)
(-0.060439 6.38719 1.36912e-17)
(0.252162 6.12173 -3.38718e-17)
(-0.0819774 7.93653 -4.43586e-17)
(1.92445 0.0808752 1.41345e-16)
(0.692642 -0.75544 -2.8335e-17)
(0.448897 7.213 8.90185e-17)
(1.8765 0.120248 0)
(-0.385319 0.0772541 -1.86814e-17)
(2.51779 1.22905 3.01789e-17)
(-1.89043 -0.434067 0)
(2.36463 0.451893 -3.60622e-16)
(-0.0395818 -0.221309 0)
(1.58049 -0.61984 -1.33661e-19)
(8.53559 0.283064 1.4682e-16)
(2.54548 0.338109 2.53638e-16)
(2.24879 0.109295 -6.07744e-17)
(-1.12244 -0.463318 0)
(2.18856 0.145828 5.60268e-16)
(2.00361 0.0809413 -1.70504e-17)
(0.161348 -0.653393 4.59999e-16)
(0.103689 -0.572859 2.00053e-19)
(-0.703849 0.0097133 0)
(1.42974 1.59421 1.64046e-16)
(-0.0387605 6.43293 -6.99843e-17)
(0.532831 -0.837831 3.85168e-16)
(2.32099 0.789782 5.05686e-16)
(-0.513061 -0.0309911 1.58981e-16)
(-0.367555 9.2905 -7.74298e-19)
(2.47068 0.076588 -2.72267e-17)
(3.66363 0.235123 -1.71007e-16)
(2.02725 0.0389842 0)
(1.96635 2.98904 0)
(-0.0215375 -0.0232585 -2.62416e-16)
(4.45146 0.111411 3.40865e-16)
(1.36229 0.110704 -1.62778e-16)
(9.65787 1.75805 0)
(0.985109 0.196505 1.22942e-18)
(2.0752 0.0902974 1.38175e-16)
(-0.610323 -0.0707328 -7.07878e-17)
(-0.0162707 8.11096 1.47008e-16)
(0.526843 0.373665 3.98831e-16)
(1.68014 -0.989761 -5.15088e-16)
(1.64941 0.79966 4.91901e-16)
(-0.222212 -0.0892761 3.42614e-17)
(1.87312 0.331946 -1.44132e-16)
(1.00524 0.838805 2.21395e-16)
(-0.775731 -0.000887091 2.05744e-17)
(0.617265 0.0727287 2.00847e-16)
(-0.884916 0.00685234 3.04135e-16)
(4.96047 -0.433474 -5.50659e-17)
(9.46233 1.86573 0)
(-0.858965 0.00509235 -5.85025e-16)
(-0.911051 0.00134871 0)
(0.616587 -0.730759 -2.3868e-19)
(2.03278 0.760065 -1.38955e-16)
(8.62244 0.142664 0)
(-0.0333255 7.3417 -5.97785e-17)
(-0.80532 -0.00729086 -2.31223e-17)
(-0.842872 0.0092457 3.46741e-16)
(-0.767795 -0.00445617 0)
(-0.831677 -0.000236304 -2.33509e-17)
(2.51787 0.0663651 -6.4862e-18)
(2.5191 0.0323235 6.54748e-18)
(-0.943564 0.0314418 0)
(-0.961633 0.0218786 0)
(-0.955016 0.00342452 0)
(-0.937755 0.00529923 -1.87115e-17)
(2.00072 -0.0170257 6.45181e-17)
(0.136525 -0.628597 1.01701e-16)
(-1.27274 -0.864061 8.24542e-17)
(1.79549 0.22206 -2.89674e-16)
(0.363624 -0.0736156 1.9019e-16)
(0.474715 3.6282 -6.90153e-17)
(0.0482419 5.77286 0)
(3.20689 -0.185709 -1.60749e-16)
(-0.0824345 5.60956 2.00595e-17)
(-0.0298544 6.38021 -4.21324e-17)
(0.437981 0.560109 -2.39373e-16)
(0.398839 -0.317755 1.17367e-16)
(1.66285 -0.473883 -1.10405e-16)
(-0.755026 1.20187 0)
(-0.00532195 7.15753 1.17291e-16)
(4.8544 1.38158 0)
(-0.131594 6.98555 -4.80447e-17)
(0.172359 1.18445 -2.49064e-16)
(-0.855917 0.0410547 0)
(0.467737 4.97023 6.78921e-17)
(4.75349 -0.0581654 1.41677e-16)
(1.08972 0.448159 1.28582e-16)
(0.210139 -0.627685 -2.33731e-16)
(4.11094 -0.211254 -1.61042e-16)
(4.62699 -0.111956 3.86287e-17)
(0.11322 6.95937 0)
(-0.613098 -0.0698254 -2.17542e-17)
(2.28477 4.8247 -1.96204e-16)
(0.802049 0.240595 -3.11308e-19)
(1.43543 6.36713 -1.31257e-17)
(-0.0662554 6.36338 1.65797e-17)
(-0.119496 5.79598 0)
(8.74536 1.02681 3.73829e-17)
(1.54369 -0.67591 -7.40455e-17)
(-0.0903341 -0.0517989 -6.59572e-17)
(1.96351 0.441963 0)
(1.26474 0.190882 8.41158e-17)
(5.46441 0.221633 -1.9582e-16)
(3.37824 0.338368 -6.06494e-18)
(2.54156 -0.359368 -2.38974e-16)
(3.84861 -0.688331 1.08953e-16)
(0.914267 1.68051 -4.0043e-17)
(0.67151 -0.239263 0)
(0.689621 0.333566 -1.2278e-16)
(5.35312 -0.623104 -4.14063e-16)
(-0.264167 8.21478 -3.18081e-17)
(2.52282 -0.360133 -3.09771e-16)
(0.101997 5.61131 -7.21421e-17)
(0.687214 -0.1843 -4.08596e-16)
(1.84677 0.15028 0)
(-1.5925 -0.330331 -2.76349e-17)
(4.70521 2.4955 -1.4534e-16)
(1.0388 8.22056 3.4988e-17)
(0.135806 0.550146 2.81213e-16)
(0.733032 -0.039594 0)
(-0.176597 -0.787086 3.49303e-17)
(2.62177 9.32102 1.71668e-16)
(0.205416 5.10404 -5.36953e-17)
(2.5103 0.00147878 -5.01402e-17)
(2.44785 -0.0294553 5.38654e-17)
(-0.104285 7.68045 -1.66562e-17)
(-0.495131 0.0579552 -2.77496e-16)
(-2.71365 0.810463 3.87208e-18)
(4.72861 0.205544 -1.52869e-16)
(4.24181 0.144998 7.67126e-19)
(3.97368 0.837288 -1.11147e-18)
(0.00670189 6.81304 1.34118e-16)
(8.43042 0.0936011 3.05437e-16)
(3.62654 2.96441 3.23451e-17)
(-0.0932317 5.67733 0)
(-0.0368775 6.3184 -1.58841e-17)
(0.125061 3.45268 0)
(0.212369 0.892111 3.20448e-16)
(6.39768 2.43946 -1.13306e-16)
(1.33728 -0.763058 -4.00818e-18)
(0.91079 6.00745 1.51481e-16)
(2.00822 -0.231302 6.03524e-17)
(0.0861982 -0.521651 1.71561e-17)
(0.0404945 -0.129779 1.23805e-19)
(0.533073 2.16894 5.04626e-17)
(-0.975953 -0.318882 -8.05178e-16)
(1.94557 0.277638 5.48104e-16)
(-0.499916 -0.698155 3.14647e-16)
(5.0016 0.642482 -3.4367e-17)
(0.764765 -0.953656 -1.55324e-16)
(3.05655 -0.349643 1.81973e-16)
(1.15601 -0.283067 7.58153e-20)
(0.363578 1.38103 -2.13313e-16)
(7.82281 0.0495621 0)
(3.71395 0.333171 -2.43203e-16)
(-0.0144465 7.6048 -3.38195e-17)
(6.21936 -0.570092 2.04167e-16)
(-0.120529 2.50459 2.22301e-20)
(-0.0224347 7.22349 -1.62816e-16)
(0.0318659 -0.83512 0)
(1.52674 0.520172 0)
(2.94318 -0.282359 -2.31844e-17)
(3.30542 -0.993094 4.2274e-17)
(-0.0195898 0.769877 -8.89487e-18)
(0.282326 -0.579392 -1.17975e-16)
(1.66489 0.31448 2.59006e-19)
(2.45451 -0.882085 -9.23362e-17)
(4.09717 -0.145616 -4.38931e-17)
(0.513601 9.50186 -9.33395e-18)
(8.35041 0.221885 -2.22466e-17)
(-0.159404 0.0860282 -1.1277e-19)
(-0.213697 0.0273843 3.72591e-16)
(4.57395 1.9784 1.41268e-16)
(-0.585583 0.0322011 -2.00785e-16)
(-0.960505 0.431414 3.2958e-16)
(6.28106 1.96218 -8.2352e-17)
(6.26171 2.76086 -2.18539e-19)
(0.856275 -0.0859731 0)
(1.68831 3.16848 0)
(7.51737 0.112431 -1.7485e-16)
(1.47817 0.560567 1.93717e-16)
(0.210473 0.225209 -1.11931e-16)
(2.36094 0.74377 -1.38524e-16)
(-0.582221 0.0354639 6.04386e-17)
(3.30445 0.822657 -8.41079e-17)
(-0.454739 -0.738104 0)
(2.69235 0.615158 -1.00455e-16)
(9.05604 0.706492 -4.4427e-18)
(2.96574 -0.357329 1.70767e-16)
(2.02168 0.00233941 -6.52012e-17)
(-0.0184729 8.74966 0)
(-0.0187055 6.57187 -1.55074e-16)
(0.208903 4.12404 -2.51726e-16)
(-2.51318 0.249116 -1.59306e-16)
(1.3247 8.94462 1.0076e-17)
(8.88133 1.21261 -1.65077e-17)
(1.19935 0.0801752 0)
(4.06757 -0.129538 1.02154e-16)
(-0.17302 -0.0802402 -1.7912e-17)
(0.376613 -0.40129 -4.38906e-16)
(3.86811 -0.329526 -5.02495e-16)
(-0.644447 -0.412221 -2.2028e-16)
(1.01766 -0.436393 1.73629e-16)
(2.38659 0.842497 6.09817e-16)
(0.247396 -0.112476 -1.09087e-16)
(-0.106623 4.34914 -5.86246e-17)
(-0.144675 -0.626799 -5.58149e-16)
(1.85892 0.485416 6.0403e-17)
(4.02227 -0.232959 7.27824e-17)
(-0.768315 0.389259 1.97506e-16)
(0.69712 -0.603991 0)
(-0.839546 -0.22331 1.0684e-16)
(0.305844 0.885354 -1.25655e-16)
(-0.202347 -0.310464 1.71626e-16)
(0.610266 0.857192 6.5929e-17)
(0.0477999 10.2022 1.83639e-16)
(-0.640763 0.0238657 3.70483e-16)
(1.29567 2.98538 0)
(-0.866714 -1.01824 -3.70604e-16)
(1.42366 0.328383 -2.87522e-16)
(0.121702 7.21449 0)
(2.77216 0.303716 3.39353e-17)
(8.69083 0.773495 0)
(-0.249399 7.2938 -9.64535e-17)
(-0.289128 8.86673 -2.61682e-18)
(5.09425 1.04568 2.42352e-16)
(-0.168337 8.27469 1.45427e-17)
(7.13869 0.147602 -8.31378e-17)
(1.16952 -0.366681 -3.73276e-17)
(5.00321 -0.520888 1.2637e-16)
(-0.205124 8.80565 0)
(0.336423 0.0241459 -2.75859e-16)
(2.9074 0.695228 3.10358e-17)
(3.1693 -0.0311236 -1.61873e-16)
(0.0623532 4.02325 9.1139e-17)
(1.98265 0.579099 3.08534e-16)
(1.02478 -0.289806 1.26021e-16)
(0.380007 3.64048 1.57801e-16)
(4.08302 -0.16751 -1.03105e-16)
(0.0477616 7.93829 -3.69799e-17)
(-0.206536 9.47147 -4.39334e-17)
(-0.298667 7.5274 7.64324e-17)
(8.36899 0.214495 -6.61558e-17)
(4.48447 -0.167363 2.55112e-16)
(2.14398 0.738091 -2.22738e-19)
(-0.918209 0.0388295 1.66741e-16)
(0.0863975 5.16738 0)
(3.39305 0.941697 2.35889e-16)
(4.61288 0.707802 -1.91558e-19)
(0.127387 4.58933 2.58647e-16)
(4.56225 -0.288928 0)
(-0.290154 3.93006 0)
(-0.197015 7.08409 -2.26798e-19)
(9.41078 1.49903 -6.70223e-18)
(0.118718 1.63772 1.21523e-16)
(3.38456 0.0415729 -2.4992e-16)
(-0.46787 -0.365074 0)
(7.3813 0.0864011 -2.74151e-17)
(1.54288 0.567509 -2.64463e-16)
(0.752157 0.699064 -7.12512e-18)
(-0.0591103 -0.692066 0)
(0.472746 0.558812 -1.14609e-16)
(0.122349 5.8918 -1.04924e-16)
(-2.0345 -0.316886 1.38272e-16)
(1.96435 8.93558 -1.43405e-16)
(1.12963 0.0572623 1.01985e-17)
(-0.314021 -0.536528 -9.12812e-17)
(0.197504 5.70687 6.0805e-18)
(-0.0936645 3.41155 1.15271e-16)
(-0.155076 -0.0667474 -4.25957e-16)
(2.27529 -0.0496352 -5.8909e-17)
(0.896141 5.43964 4.80557e-17)
(-0.0878942 7.16938 4.13368e-17)
(0.478347 6.74538 -4.80916e-17)
(1.67333 -0.299863 0)
(0.183226 1.19797 -9.44359e-17)
(3.29514 -0.293104 9.5545e-17)
(8.86697 0.447555 0)
(-0.135227 6.46152 -6.85188e-17)
(-0.429554 3.02631 0)
(0.283323 3.33688 3.56652e-17)
(1.27711 -1.03713 6.95646e-17)
(0.721706 -0.729971 2.13995e-16)
(1.61264 0.88171 1.77114e-16)
(-1.05273 -0.657634 -4.09457e-17)
(3.24196 0.424796 -3.03703e-17)
(3.81017 -0.628082 0)
(0.761693 -0.0514934 -2.87158e-16)
(0.177943 3.46107 -5.13882e-19)
(8.97676 1.52391 2.99497e-18)
(-0.793593 0.0244426 -4.13037e-16)
(3.52424 -0.531877 -6.04081e-18)
(3.52853 0.199222 0)
(3.8553 0.243992 0)
(0.121341 5.0625 -1.17696e-16)
(3.01062 0.0936487 0)
(-0.332399 -0.360923 1.21901e-16)
(4.80601 0.0915162 1.61184e-17)
(0.136811 -0.719802 2.47395e-16)
(8.44321 0.431761 0)
(-0.422073 -1.0462 -3.77187e-16)
(0.136135 0.750217 0)
(-0.253442 -0.353979 2.99969e-17)
(1.64912 1.39619 1.00937e-16)
(-0.849936 0.0126907 0)
(0.153724 4.23862 -7.6109e-17)
(0.94738 1.22864 4.95964e-17)
(0.22868 -0.568038 -6.17034e-17)
(-1.6801 0.686846 2.04767e-16)
(-1.11106 -0.51617 5.04855e-19)
(0.572283 5.86377 -5.89073e-17)
(0.802063 0.911771 0)
(-0.458337 -0.0444434 -2.79771e-17)
(0.12643 2.14003 2.26391e-16)
(-0.506597 -0.0491921 0)
(3.36321 -0.580678 3.16325e-17)
(3.77779 -0.0736238 -1.11582e-16)
(-1.38046 9.24282 -9.04974e-17)
(1.68563 0.511167 2.05975e-16)
(0.639746 0.272746 0)
(2.77874 0.708157 -1.63554e-17)
(0.0179047 0.11951 -2.04322e-17)
(3.11108 -0.0545618 0)
(-0.0362487 -0.0560546 1.30382e-16)
(0.27438 0.182943 -1.55004e-16)
(0.0333488 8.72658 -6.12005e-17)
(-1.36232 -0.0351625 -3.88971e-16)
(4.35736 1.61608 -7.50889e-17)
(4.65307 0.31398 -8.77878e-17)
(4.00627 0.617355 4.81563e-16)
(2.35224 0.420745 3.42756e-18)
(1.17334 0.395701 -1.00452e-16)
(0.106301 7.38113 3.53614e-17)
(4.35651 -0.00264543 1.25379e-16)
(-0.501665 9.76263 9.56734e-18)
(-0.143662 -0.598744 -1.99351e-17)
(5.35436 1.84305 0)
(0.245793 5.80231 4.24206e-17)
(3.48254 0.314837 3.50388e-18)
(-0.325999 -0.619675 -1.51487e-16)
(-0.127418 -0.383326 -2.19105e-16)
(-0.701446 0.0172483 -3.05989e-17)
(-0.28867 0.0782484 2.77876e-16)
(0.0964203 3.80259 0)
(3.94434 0.172165 1.20392e-16)
(2.90133 0.695784 -8.14027e-16)
(0.430118 8.01008 9.59984e-18)
(0.623842 0.805796 0)
(4.47294 -0.0806772 -3.67372e-17)
(1.40411 -0.58591 -2.34361e-17)
(3.26822 1.18873 3.27513e-18)
(5.79255 -0.342516 -1.16612e-16)
(6.20286 -0.245836 -4.57067e-20)
(3.69009 0.611176 -6.46963e-17)
(2.38652 0.400855 -2.62496e-16)
(-0.374043 -0.147729 0)
(-0.518063 0.212387 0)
(0.16499 1.82461 0)
(-0.0127616 7.89205 0)
(-1.91095 0.509568 -1.3899e-16)
(1.38276 3.89423 -1.15505e-16)
(0.345121 -0.402001 1.68371e-16)
(-0.109662 8.23948 0)
(1.27735 4.85685 1.56053e-16)
(-0.0366186 8.08683 -4.8757e-17)
(0.0271883 7.82145 -1.31887e-17)
(0.00375488 7.91475 -2.82335e-17)
(4.80729 -0.0210583 -7.53189e-17)
(0.53038 6.39915 -8.73493e-18)
(1.88527 0.65134 -1.7982e-16)
(0.13666 -0.675839 4.35144e-16)
(-0.550645 -0.0265871 -1.79962e-16)
(1.50605 -0.317625 0)
(-1.72666 -0.166957 -1.0135e-19)
(-0.591315 0.014549 -5.63226e-16)
(4.2231 -0.819766 -1.90073e-16)
(3.88232 0.165124 3.52173e-16)
(-0.202595 6.18336 6.22107e-17)
(-0.149918 7.81439 0)
(2.36923 3.9427 0)
(-0.0354103 7.86807 -5.84894e-17)
(0.0422352 7.20942 1.52733e-17)
(-0.491326 -0.0391921 7.05146e-17)
(0.0154137 7.46051 1.54668e-18)
(-0.307288 -0.240371 -5.95311e-17)
(3.29115 -0.905118 -2.36741e-16)
(-3.24896 0.477939 0)
(0.623058 5.6826 -2.17484e-16)
(3.8758 0.00906881 -8.94701e-20)
(4.91788 0.0500505 -1.24822e-16)
(5.03105 0.262856 -2.92488e-17)
(3.05855 0.376611 0)
(3.89514 -0.133682 -2.95908e-16)
(1.26928 5.30958 -6.33688e-18)
(2.70616 -0.113112 -3.62015e-17)
(4.15746 0.0274984 -7.85265e-17)
(-0.505368 -0.0299895 -5.81273e-17)
(7.88783 0.191506 -7.28284e-17)
(4.20508 1.31282 0)
(0.301025 6.31207 -5.43879e-17)
(4.42432 -0.47723 -1.04276e-16)
(-0.157335 -0.0159856 -1.54712e-17)
(4.2747 0.69624 4.22342e-16)
(4.71767 -0.191094 7.90643e-17)
(4.30198 -0.10196 -2.60741e-16)
(-2.29716 -0.200123 -8.46587e-17)
(7.00481 -0.0115787 1.3484e-16)
(-0.687091 -0.140247 8.52565e-16)
(3.61811 -0.0952698 3.32855e-16)
(4.34028 -0.248083 -2.07194e-16)
(1.35195 0.175812 -7.02623e-16)
(3.01165 -0.000539213 -3.54785e-16)
(-0.258208 0.84898 -1.85371e-16)
(0.102793 -0.295168 -8.12554e-16)
(0.525372 0.459246 -1.50019e-16)
(0.993773 1.99676 -5.54292e-18)
(0.0134731 0.234888 0)
(0.285821 0.519679 0)
(4.82156 0.17887 1.0205e-16)
(-0.328628 2.30075 9.1125e-17)
(0.776074 2.37063 -8.17499e-16)
(0.104382 -0.365363 1.0601e-15)
(5.24969 0.437153 -4.69807e-17)
(4.67236 -0.0782865 0)
(5.16267 0.0160122 8.45509e-17)
(6.1678 0.0311132 3.02124e-16)
(7.22844 0.0405802 -1.38478e-17)
(-2.65151 -0.346679 1.11875e-16)
(4.90613 -0.184629 1.52334e-17)
(2.89187 0.157536 8.81257e-19)
(4.54577 0.568855 0)
(-0.862035 -0.20213 9.94571e-17)
(-1.01096 -0.0028788 0)
(5.13352 0.357821 -9.98278e-18)
(-2.3981 0.118111 -2.37869e-18)
(4.99002 -0.203919 2.1145e-16)
(3.96651 0.0471257 -3.55412e-16)
(4.44666 -0.0475881 0)
)
;

boundaryField
{
    frontAndBack
    {
        type            empty;
    }
    wallOuter
    {
        type            noSlip;
    }
    inlet
    {
        type            fixedValue;
        value           nonuniform 0();
    }
    outlet
    {
        type            zeroGradient;
    }
    wallInner
    {
        type            noSlip;
    }
    procBoundary1to0
    {
        type            processor;
        value           nonuniform List<vector> 
29
(
(1.86271 -0.792767 -1.44176e-16)
(1.86271 -0.792767 -1.44176e-16)
(-2.28454 0.404638 0)
(0.612893 0.870465 1.37004e-16)
(-0.202789 0.578658 -1.02512e-16)
(-2.15151 0.41046 -1.02373e-16)
(4.44098 -0.147545 2.20772e-16)
(4.62159 0.26857 0)
(6.30384 0.423127 0)
(3.76416 0.982488 -9.2441e-17)
(4.84708 0.463812 -1.68842e-16)
(-2.15151 0.41046 -1.02373e-16)
(-2.28454 0.404638 0)
(2.30289 -0.385911 0)
(7.13605 0.0323098 8.54746e-17)
(8.64155 0.151459 0)
(-0.202789 0.578658 -1.02512e-16)
(1.15121 0.605994 0)
(0.612893 0.870465 1.37004e-16)
(1.20513 -0.923556 -2.76447e-18)
(8.65404 0.133838 -2.86506e-17)
(7.96212 0.0882895 -1.37678e-17)
(5.51463 0.297445 -1.12326e-16)
(6.81777 0.0757326 1.63739e-16)
(6.81777 0.0757326 1.63739e-16)
(5.51463 0.297445 -1.12326e-16)
(8.68475 0.0369256 -5.85958e-17)
(1.8906 0.0216561 0)
(8.68475 0.0369256 -5.85958e-17)
)
;
    }
    procBoundary1to2
    {
        type            processor;
        value           uniform (0.109286 -1.04777 -1.62786e-16);
    }
    procBoundary1to3
    {
        type            processor;
        value           nonuniform List<vector> 
48
(
(-0.163598 6.38344 0)
(-0.373475 8.94397 1.08174e-19)
(-0.406942 8.13383 8.46669e-17)
(-0.406942 8.13383 8.46669e-17)
(-0.203908 5.88315 -5.21395e-17)
(-0.235333 6.78941 3.29374e-16)
(-0.235333 6.78941 3.29374e-16)
(1.01222 1.36435 0)
(0.121041 4.98109 0)
(-0.204729 -1.39481 0)
(-0.441287 -0.790279 -2.39582e-16)
(-0.204729 -1.39481 0)
(-0.600378 -1.58825 2.55528e-16)
(0.32734 -0.477651 2.27817e-16)
(0.402923 -0.627598 -1.32628e-16)
(-0.600378 -1.58825 2.55528e-16)
(-0.683952 -1.42907 -2.69797e-18)
(-0.683952 -1.42907 -2.69797e-18)
(-0.539064 -0.576733 0)
(-0.539064 -0.576733 0)
(0.728053 0.40892 1.66347e-17)
(0.631777 0.610208 1.27083e-16)
(-0.715676 0.0914346 -1.42271e-16)
(-0.453852 1.16545 7.00173e-16)
(-0.453852 1.16545 7.00173e-16)
(-0.424398 0.892509 0)
(1.29414 0.906301 0)
(1.29414 0.906301 0)
(1.19508 1.05172 2.8339e-16)
(-0.192165 3.04889 -1.89403e-16)
(-0.583184 1.37454 -1.0484e-16)
(1.19508 1.05172 2.8339e-16)
(1.01222 1.36435 0)
(0.319918 4.16326 -3.29726e-16)
(-0.0840115 0.644524 -1.41995e-16)
(-0.192165 3.04889 -1.89403e-16)
(0.679797 2.16079 -2.21934e-16)
(-0.441287 -0.790279 -2.39582e-16)
(-0.0559816 5.57908 0)
(-0.257584 7.71759 1.08872e-17)
(0.841937 -0.0443443 2.85615e-16)
(0.407098 3.17995 1.61228e-16)
(0.319918 4.16326 -3.29726e-16)
(-0.0840115 0.644524 -1.41995e-16)
(0.150056 -0.891393 5.66187e-17)
(-0.119858 6.07731 7.57751e-21)
(-0.2492 7.2188 0)
(0.841937 -0.0443443 2.85615e-16)
)
;
    }
}


// ************************************************************************* //
