/*--------------------------------*- C++ -*----------------------------------*\
| =========                 |                                                 |
| \\      /  F ield         | OpenFOAM: The Open Source CFD Toolbox           |
|  \\    /   O peration     | Version:  v1912                                 |
|   \\  /    A nd           | Website:  www.openfoam.com                      |
|    \\/     M anipulation  |                                                 |
\*---------------------------------------------------------------------------*/
FoamFile
{
    version     2.0;
    format      ascii;
    class       volVectorField;
    location    "0.7";
    object      U;
}
// * * * * * * * * * * * * * * * * * * * * * * * * * * * * * * * * * * * * * //

dimensions      [0 1 -1 0 0 0 0];


internalField   nonuniform List<vector> 
1431
(
(0.0242395 -0.47561 -3.37681e-17)
(-0.0185857 -1.06867 -1.36652e-16)
(6.04285 0.912496 9.89254e-17)
(-2.94852 1.82838 -4.74042e-17)
(-0.107078 -0.391362 -1.77214e-16)
(1.91078 -0.0764686 3.07915e-16)
(-1.4548 0.29551 -1.98726e-16)
(9.78621 0.599717 -2.20087e-16)
(-0.125534 3.66069 0)
(-0.523704 3.47951 -1.0169e-16)
(0.541771 2.99699 0)
(0.861545 -0.230352 6.86758e-17)
(-0.705819 0.438304 0)
(9.13731 0.481848 1.92879e-18)
(0.253542 0.598884 -2.56428e-16)
(-0.159161 3.7906 0)
(0.402569 2.02505 -3.25109e-16)
(2.02126 0.643531 0)
(0.849967 -0.207269 1.31886e-16)
(0.725579 2.94012 3.66528e-17)
(0.0984889 -0.689271 -2.0691e-17)
(-0.575745 2.36568 1.98456e-19)
(1.11291 0.468991 -5.24121e-17)
(8.85673 0.531843 -3.12151e-17)
(1.68073 3.18634 -1.27509e-16)
(0.853411 2.66887 -1.03473e-16)
(-1.55011 4.65948 1.19164e-16)
(9.38808 0.432638 -2.35262e-20)
(10.8524 0.590454 6.18548e-18)
(1.36895 -0.473786 -5.09463e-16)
(7.72888 0.284523 2.37331e-16)
(7.29415 -0.181918 -1.75288e-16)
(-1.82557 0.408314 -1.16213e-16)
(-1.00989 0.20265 0)
(-1.36191 0.399331 1.02508e-16)
(2.08313 8.68069 1.25988e-16)
(0.349732 0.460417 1.31896e-16)
(9.76821 -0.00934281 0)
(0.62528 0.122752 -1.88423e-16)
(9.686 -0.00509513 0)
(5.13322 0.121787 1.33666e-16)
(-0.368061 -0.209031 -7.90752e-17)
(-0.979687 0.379685 0)
(-1.36238 0.660318 -6.6557e-17)
(-1.01958 0.714843 1.54559e-16)
(0.205404 -0.600383 -4.43738e-16)
(1.47291 4.57129 2.23506e-16)
(7.32764 1.17569 -5.79707e-17)
(9.04548 0.52808 1.5994e-16)
(9.53129 0.089711 3.68551e-17)
(1.52073 -0.356941 -8.65696e-17)
(-0.465702 3.5509 1.04707e-16)
(-0.0340578 4.87056 4.95009e-17)
(-0.663598 0.326367 -1.7928e-17)
(-1.17819 0.745431 -1.32889e-16)
(8.09578 1.69815 0)
(-0.278566 2.33588 7.10766e-17)
(-0.0382942 3.91559 -2.29216e-16)
(-0.508405 6.23284 0)
(0.0585532 -0.608104 -8.32232e-16)
(0.679886 1.8699 0)
(1.24663 1.50348 -1.4876e-16)
(1.44191 7.49012 -1.41038e-16)
(10.5986 0.119189 0)
(10.0258 0.301339 -1.84114e-17)
(1.02945 0.0232472 0)
(6.58883 0.426656 0)
(1.92156 -0.0783726 0)
(0.408811 -0.886887 1.39845e-16)
(10.7839 0.08742 0)
(-0.671194 0.245562 9.47796e-17)
(-0.685951 0.345987 -1.00267e-16)
(0.0148253 0.750369 0)
(1.60019 -0.0201737 -3.09051e-16)
(-0.0827921 1.5137 2.0378e-21)
(-0.963247 0.32175 2.81075e-16)
(0.00218669 -0.571888 5.96223e-17)
(3.95308 0.753176 3.13356e-16)
(10.0113 0.164078 1.30957e-17)
(0.924281 -3.03602 -2.18485e-17)
(9.95884 0.0970087 -2.556e-16)
(1.75523 -0.336637 -2.11552e-18)
(0.176455 0.00735131 2.56467e-16)
(1.16547 0.318487 -8.68717e-17)
(-2.79276 1.41693 4.80186e-17)
(-0.149905 -0.57617 -5.8986e-16)
(-0.0776367 -0.528735 -1.21392e-16)
(-0.59576 0.713661 1.84718e-16)
(8.50219 0.57544 9.3831e-17)
(1.20191 2.42428 -4.92248e-17)
(1.38154 0.617168 1.89248e-16)
(-1.05824 0.657918 2.80861e-16)
(-0.183556 -0.601262 0)
(9.83072 0.0317136 0)
(2.019 -0.0965724 2.09176e-18)
(0.0136478 -0.789747 -7.8009e-20)
(-0.111758 1.43276 -3.07446e-20)
(10.3906 0.531829 3.31838e-18)
(0.00109689 -0.49962 2.41017e-16)
(8.95191 0.49402 -4.51092e-16)
(0.279591 -0.576588 -1.48555e-16)
(9.93013 0.164763 -6.76865e-17)
(0.698809 0.182583 0)
(0.00391729 -0.343253 4.35627e-20)
(-0.806424 2.17364 1.86028e-16)
(-0.226528 0.0877496 9.07132e-17)
(10.039 0.0645996 -1.06758e-16)
(4.80361 -0.0305407 7.66667e-17)
(6.98 0.0292835 9.65118e-17)
(-0.0515509 -0.531156 9.46291e-17)
(-0.796609 -2.51501 1.91115e-16)
(0.356412 -0.0710882 -8.53921e-17)
(9.73317 0.821484 0)
(1.61568 1.86392 -1.41216e-16)
(-0.325202 2.37968 0)
(0.0278719 -0.322447 0)
(1.57121 0.590773 0)
(0.34116 -0.119193 5.83703e-20)
(8.05202 0.59468 -6.44303e-17)
(-1.56549 0.65965 -1.55196e-16)
(9.95755 0.257984 -2.03964e-17)
(-0.0918493 5.11609 -1.3782e-16)
(-0.390063 3.45544 -4.65995e-16)
(8.90196 0.819239 -1.19286e-16)
(10.1351 0.165836 0)
(-0.0730803 0.276664 -1.13099e-16)
(7.52077 0.583929 1.69963e-17)
(0.0200842 0.89663 6.75751e-17)
(0.0151723 -0.535026 1.12512e-16)
(10.6582 0.423451 -7.40874e-17)
(0.0177998 -0.0117574 -1.5994e-16)
(4.24642 -0.149017 2.50798e-16)
(7.27877 0.278974 0)
(1.23743 0.839114 -1.71626e-16)
(-0.313864 -0.704789 -1.16029e-17)
(-1.89331 0.878581 -2.91963e-16)
(0.146037 0.835628 0)
(0.301069 -0.313351 1.3848e-16)
(0.514423 -0.12599 5.31882e-17)
(3.4781 -0.0714368 -4.11134e-16)
(-0.0292342 3.82653 0)
(-0.510953 -0.602025 3.42199e-17)
(10.545 0.0565791 -7.70989e-18)
(9.00445 0.383291 -2.06047e-17)
(8.68311 0.168306 0)
(11.3975 0.281645 4.48579e-17)
(10.3747 0.35493 3.45786e-17)
(4.58309 -0.0579448 0)
(0.416981 1.09465 -1.23086e-16)
(9.39711 0.924314 -5.2915e-17)
(10.8824 0.0435416 8.02911e-17)
(9.94008 0.419413 -1.59548e-17)
(-0.228903 -1.26838 -1.75757e-16)
(0.520014 -0.207786 1.08239e-16)
(0.790436 0.689669 1.6373e-16)
(-0.00387055 0.878149 -4.64179e-17)
(10.1025 0.109194 8.8258e-17)
(1.74416 1.49401 -3.5325e-16)
(9.62787 0.926913 0)
(9.53009 1.14706 -9.79314e-17)
(2.14202 0.462545 -1.32496e-19)
(0.697842 2.15024 3.58694e-17)
(0.392554 -0.155189 0)
(-0.248091 1.21761 -4.27606e-17)
(0.0363727 -0.423573 -2.73137e-16)
(-0.99911 -0.297249 -1.94547e-16)
(-0.0496954 -0.648157 -1.34035e-16)
(9.88802 0.104205 0)
(1.42096 -0.392114 4.00295e-16)
(0.754614 0.502215 -1.74461e-16)
(9.76759 0.912685 -1.37405e-17)
(0.0644852 2.55334 2.68827e-17)
(8.59964 0.558033 -1.16809e-16)
(11.0749 0.0497186 0)
(10.529 0.0377234 1.46219e-17)
(0.241092 -0.216471 0)
(0.0498366 0.240691 9.43081e-17)
(9.38978 0.602695 -1.81395e-17)
(1.21776 -0.556993 3.19585e-16)
(9.54913 1.08122 1.00412e-16)
(9.75744 0.295701 4.20013e-17)
(0.521848 0.622516 1.20626e-16)
(8.90037 1.69706 0)
(1.35878 1.97456 2.94053e-16)
(11.2623 0.114483 9.8012e-17)
(9.92658 1.09063 -1.36802e-17)
(9.8856 0.687748 1.04245e-16)
(-2.80626 4.34931 -1.34924e-16)
(0.811457 2.09936 1.53842e-16)
(10.2871 0.104483 -2.63172e-20)
(0.858947 -1.52657 -3.49783e-19)
(0.648653 2.08425 -1.23252e-16)
(0.0590459 -0.736677 -3.76013e-16)
(10.0832 0.0423202 -6.45371e-17)
(-0.228069 2.32768 1.14441e-20)
(10.1028 0.417786 4.0508e-17)
(10.0405 0.0851744 0)
(7.37126 2.09615 -1.07664e-16)
(0.512484 0.595263 0)
(0.268197 0.096171 0)
(-0.0110004 -0.302842 -2.19654e-16)
(2.84776 2.57901 -2.84653e-16)
(9.40228 1.02718 -2.76267e-17)
(3.77209 0.129247 -4.64838e-16)
(10.0589 0.0517908 3.54793e-17)
(-2.4843 2.51021 -3.03439e-16)
(-0.115347 -0.732135 1.01765e-15)
(9.80136 0.210432 2.52278e-17)
(0.0578396 1.63163 1.53791e-17)
(9.29091 0.242874 0)
(10.1477 0.0661994 8.00613e-18)
(9.95762 0.32945 6.33743e-17)
(8.09771 0.66591 1.39169e-17)
(9.87668 0.193824 2.42455e-17)
(-0.108996 0.541838 0)
(0.0313031 0.713176 3.90284e-16)
(9.51659 1.02293 0)
(0.971903 -1.52846 0)
(-0.205524 -0.69735 0)
(10.1264 0.23249 -6.33732e-17)
(9.89949 0.165284 0)
(0.137061 1.12146 1.49638e-16)
(11.1433 0.029172 -1.28895e-16)
(4.50337 1.29327 -7.49535e-17)
(10.7296 0.35 0)
(9.40874 0.90829 0)
(9.48967 0.937093 -7.34868e-17)
(1.38487 1.42419 0)
(10.5885 0.626974 0)
(7.77824 0.227615 -7.25739e-17)
(-0.106737 -0.493407 0)
(-2.33385 1.90431 3.49427e-16)
(10.6436 0.0867612 6.29785e-20)
(9.92931 0.479454 -1.90217e-16)
(9.81509 0.418025 8.74713e-17)
(9.84055 0.372622 4.92456e-17)
(10.5099 0.246353 -2.6584e-17)
(0.0658641 -0.417447 2.43245e-16)
(9.86939 0.106545 0)
(-0.483656 -0.235422 2.01877e-16)
(9.56542 0.188374 -3.22111e-17)
(9.47813 1.11539 8.30224e-17)
(-0.0184766 2.7189 -2.22939e-16)
(0.975487 4.25629 -2.96879e-16)
(-0.204059 0.937986 2.86803e-20)
(-0.363952 0.849588 4.81588e-20)
(10.544 0.270782 -1.79481e-16)
(-1.82644 0.231381 0)
(-1.19138 0.0859997 0)
(10.0771 0.884005 0)
(10.1289 0.948877 -9.45868e-17)
(-0.0596591 3.12566 0)
(-0.585226 3.26537 1.02513e-16)
(6.43545 3.18216 2.11097e-17)
(1.34789 5.3862 -1.64707e-16)
(8.20905 0.0501641 -4.49839e-17)
(1.14425 -0.0546791 1.84033e-17)
(-0.450888 -0.554258 4.25845e-19)
(8.35155 0.00328553 6.91857e-20)
(8.30168 0.0176162 8.72753e-17)
(8.17203 0.0673696 8.64647e-17)
(-0.465935 0.740524 3.10832e-17)
(0.0488417 -0.465072 4.9429e-16)
(0.079931 3.97845 -4.26545e-17)
(9.80065 0.307942 -7.69649e-17)
(10.7009 0.531803 6.8089e-18)
(8.23117 0.00861799 -8.09137e-17)
(9.95481 0.869745 0)
(8.50106 2.68374 2.80474e-17)
(0.0914341 3.0377 -1.41222e-17)
(9.8558 1.00658 0)
(9.21274 0.725843 3.05828e-16)
(10.2668 0.823898 2.75269e-17)
(10.31 0.721937 0)
(8.12837 0.076607 -5.34764e-17)
(10.0512 0.626727 1.08635e-18)
(1.09396 0.474945 -1.14291e-16)
(1.03465 -0.451547 1.31806e-19)
(0.801363 -0.22881 -3.92566e-17)
(-0.442373 3.68528 1.7289e-16)
(-0.254876 4.31601 0)
(-0.488087 0.100042 -4.1859e-17)
(-0.170124 -0.799849 0)
(1.62227 1.04461 2.61013e-16)
(8.29205 -0.00786877 -4.42085e-17)
(-3.36755 3.21654 6.07874e-17)
(-0.172362 -0.568261 1.22371e-16)
(9.22867 1.1571 5.17996e-17)
(10.2956 0.81655 2.06359e-19)
(9.67998 0.175686 6.72357e-17)
(11.1725 0.433913 1.53606e-16)
(9.60033 0.00928674 -6.02475e-17)
(9.46276 1.01922 0)
(1.17577 -1.00851 0)
(10.0914 1.02522 -4.39889e-17)
(9.49605 1.33787 4.72389e-18)
(0.0630367 -0.662142 0)
(9.13675 2.0193 1.56875e-18)
(-0.454494 -0.799717 -1.86645e-16)
(9.57015 1.13541 2.82757e-17)
(9.68174 0.348561 2.87478e-17)
(9.3021 0.815173 7.36967e-17)
(0.39288 0.227892 0)
(8.1064 0.144576 0)
(1.66519 1.48303 -2.04993e-16)
(-0.422722 -1.03328 1.59209e-16)
(9.94227 0.121997 8.15549e-17)
(8.25859 0.0320036 -8.82191e-17)
(8.31146 0.00897289 -8.49188e-17)
(-0.279379 -0.25456 1.90856e-16)
(9.68739 0.239219 -1.34419e-17)
(10.818 0.206614 5.4277e-17)
(0.654653 -0.117822 -1.78445e-17)
(-0.223593 -0.559918 -1.88742e-17)
(-0.530694 0.19688 -4.52468e-19)
(-0.340011 -1.08403 -1.54342e-16)
(-0.37715 3.77194 -4.63756e-17)
(-0.509921 0.439545 -8.07401e-17)
(9.84125 0.317195 -4.61187e-17)
(-0.165803 -0.967485 -1.38464e-16)
(-0.48096 -0.743615 -2.53294e-16)
(-0.141742 -1.12754 2.19993e-16)
(-0.0240748 3.87783 8.95023e-20)
(-0.576364 0.061052 -3.95378e-20)
(0.224394 0.882007 -1.46756e-16)
(-0.112654 -0.701864 -7.36792e-17)
(9.86812 0.0729756 1.74729e-16)
(0.0820977 -0.5433 -6.55686e-17)
(7.81804 0.471847 0)
(9.79167 0.171249 -6.76044e-17)
(0.259299 -0.341781 -1.03109e-16)
(-0.0330319 -0.485148 0)
(-0.328631 0.117324 0)
(1.01054 -1.32255 1.79179e-16)
(10.309 0.113394 0)
(0.0635246 1.50317 -1.26827e-16)
(1.33247 -0.287728 -5.94377e-17)
(-0.302927 -0.982602 0)
(1.48752 -0.221345 -1.68576e-17)
(-0.843305 0.0646511 1.67147e-16)
(0.164024 -0.112466 0)
(9.84941 0.088628 -7.87927e-17)
(-0.115349 -0.35177 7.63176e-17)
(10.07 0.208775 3.33978e-17)
(6.66792 3.4988 -2.61257e-16)
(-0.247045 -0.0243214 1.93969e-16)
(10.527 0.238369 1.44601e-17)
(0.112866 -0.0607013 1.80482e-16)
(-0.358265 0.107988 -8.50013e-17)
(-0.851369 0.0104377 -7.43971e-17)
(0.162275 0.0479051 -1.32706e-16)
(0.220526 -0.0141164 -4.58095e-16)
(0.379544 -0.0469583 0)
(1.64842 0.0603461 -1.4158e-16)
(-0.383568 -0.00489706 0)
(0.047617 0.058853 0)
(0.317227 -0.00367395 0)
(-0.283305 0.0299128 -3.89778e-16)
(1.21062 0.15423 0)
(0.321524 0.11131 4.95615e-16)
(1.00897 -0.0550729 -1.8362e-17)
(-0.413279 0.0492451 1.40421e-16)
(1.62312 -0.0140703 2.19815e-18)
(-0.0362944 -0.0272813 -9.53225e-17)
(-0.679947 0.107646 2.59938e-16)
(0.206825 -0.0363795 -1.75377e-16)
(1.30697 -0.070953 0)
(-0.104582 0.119834 0)
(0.0336033 -0.266595 -2.61823e-17)
(0.402474 0.00136437 0)
(-0.133926 -1.19861 5.03379e-16)
(-0.363947 -0.181514 1.36853e-16)
(0.0348155 -1.03619 -1.24953e-16)
(10.0386 1.07728 5.11598e-17)
(1.27065 -0.999785 0)
(-0.779191 -1.68909 1.88361e-16)
(0.266349 -0.380705 9.77952e-17)
(9.82783 0.283291 3.12324e-17)
(10.0043 0.031759 8.17731e-17)
(0.913438 0.186076 5.91205e-16)
(0.0870954 -0.074608 2.93891e-17)
(0.246189 -0.00141041 4.14867e-17)
(-0.838208 0.0735224 -2.42792e-16)
(0.335056 -0.000634155 0)
(-0.313478 0.0973205 1.33819e-16)
(1.48218 -0.0630717 0)
(0.151873 0.0924244 0)
(-0.317982 0.000160243 1.93456e-16)
(1.5014 0.122787 1.33955e-16)
(-0.118607 0.0491478 1.71323e-16)
(-0.0443952 -0.0964798 0)
(2.51412 5.26422 1.76172e-16)
(9.77614 1.05145 -2.774e-17)
(9.98773 0.00071314 0)
(0.0931629 -0.859414 3.79186e-19)
(-0.0390055 -0.167127 -1.83215e-16)
(-0.339393 -0.650514 -1.58783e-16)
(9.96292 0.188753 0)
(0.286751 0.36601 0)
(10.4634 0.0761831 0)
(0.452768 0.0285658 -6.08212e-17)
(0.151082 -0.506313 1.72644e-16)
(10.0243 0.205969 2.7462e-17)
(1.66172 -0.226596 2.98396e-17)
(0.0599102 -0.539828 1.18582e-17)
(10.0594 0.840478 0)
(-0.461234 0.412821 1.11718e-16)
(8.84934 0.0223325 1.63886e-16)
(-0.258484 -0.118893 -3.24483e-17)
(0.368149 -0.129049 -1.46214e-16)
(9.73454 0.0783921 6.42982e-17)
(0.0521407 -0.842178 0)
(0.612806 -0.0469855 6.55097e-21)
(2.23343 7.72085 -3.86634e-16)
(8.86415 0.234505 -2.18282e-17)
(1.78558 4.51202 6.55502e-17)
(0.176609 -0.618374 -1.5013e-16)
(0.075686 3.58933 1.89522e-16)
(-0.510462 0.0695924 -2.32058e-17)
(-0.310951 -0.403743 6.19179e-20)
(-0.550831 0.320409 4.56988e-17)
(0.514617 -0.847906 1.41061e-16)
(-0.0245171 0.68348 5.03424e-17)
(-0.0888778 -1.69647 -2.45941e-16)
(0.357731 -0.645416 0)
(0.200759 -0.611653 1.49313e-16)
(-0.0372236 -1.68744 4.09282e-17)
(0.310065 -0.953316 9.77422e-18)
(-0.260469 0.644251 -1.16788e-16)
(0.189587 -1.03836 -3.191e-16)
(1.00341 0.67526 0)
(-0.0990954 -1.34036 -1.90715e-16)
(-0.0866092 -0.761291 0)
(0.495792 -1.12059 2.26519e-16)
(-0.486796 0.348902 -9.24603e-18)
(0.226233 -0.776929 0)
(0.560041 -0.819672 -2.0151e-16)
(0.405131 -1.30499 2.35639e-18)
(0.0040109 -1.7748 5.15109e-16)
(-0.35634 0.168479 1.98458e-16)
(-0.693274 0.477434 -1.60737e-18)
(0.0198632 3.07767 -3.91418e-17)
(0.533819 -1.3567 0)
(0.485701 -1.56744 4.42883e-17)
(-0.1431 -0.313584 0)
(0.54386 -0.396288 8.39354e-18)
(0.428613 -0.0448786 -4.60387e-18)
(-0.00436738 -1.36746 -1.14315e-16)
(0.621729 -0.930634 0)
(0.379459 -0.754251 1.47001e-16)
(0.477561 -0.827937 -9.46177e-17)
(0.118602 0.0977265 3.87762e-16)
(0.466563 -0.306151 -1.42379e-16)
(-0.121001 0.787772 -1.29374e-16)
(0.406748 -0.957476 7.45804e-17)
(-0.180586 0.702025 -1.86593e-16)
(0.110431 -0.0136747 -2.8366e-16)
(0.237451 -0.361473 -6.03841e-18)
(-0.034439 0.351555 0)
(-0.493358 0.458031 0)
(2.85668 2.41064 2.75766e-16)
(0.649056 -1.22135 0)
(0.0397694 0.230297 0)
(0.445729 0.436621 -2.34656e-16)
(-0.50325 0.412238 2.01483e-16)
(-0.468338 0.280373 -4.50047e-16)
(-0.127694 -0.00623619 -1.7732e-16)
(1.9039 3.2225 1.04794e-16)
(0.0432131 0.502858 -2.52911e-16)
(-0.50933 0.21205 -5.82445e-16)
(1.85987 5.36802 1.59218e-16)
(1.62877 -0.0860043 0)
(8.15142 0.0963743 -1.52346e-17)
(1.07221 7.06421 -5.74369e-17)
(-0.268691 0.761899 3.29981e-16)
(-0.472101 0.0583454 -1.92355e-16)
(2.5268 7.39347 -2.69116e-16)
(2.2527 7.93566 2.46338e-16)
(1.05343 3.97265 1.71275e-16)
(0.0644401 -0.299171 0)
(0.262008 -0.838756 -4.57867e-17)
(1.53171 -0.276025 0)
(0.691588 8.47906 -4.72587e-17)
(9.98236 0.358878 -1.81431e-17)
(8.83482 0.151142 -3.1747e-17)
(-0.588904 1.09236 -1.69065e-16)
(0.252757 0.780832 -1.51761e-16)
(0.145502 0.495635 1.22112e-16)
(0.341887 -0.79248 -9.38902e-17)
(0.173175 -0.434511 0)
(-0.0380904 -0.179896 -1.27604e-17)
(0.257734 -0.799726 0)
(-0.496586 -0.071682 2.40339e-17)
(2.20258 6.77325 5.6871e-17)
(0.0987247 -0.452891 0)
(1.44772 -0.391752 0)
(-0.56652 3.83616 0)
(0.478182 -1.83721 3.75045e-17)
(9.93116 0.152021 -1.35461e-17)
(0.313285 -1.89543 0)
(0.159071 0.891345 -6.04816e-19)
(-1.25612 5.5317 1.34025e-17)
(0.266397 -1.02957 -3.74033e-21)
(0.228837 -0.951487 0)
(0.153303 -1.24667 1.85347e-16)
(0.344977 -1.46595 0)
(-0.443124 -0.0914009 7.51317e-21)
(0.070654 0.579441 -6.61655e-17)
(0.29662 -1.25146 -4.02812e-17)
(-0.0346684 3.15118 -7.53073e-17)
(-0.120962 3.02354 0)
(0.133898 -1.34908 3.29934e-17)
(9.71894 1.17704 0)
(-0.244486 -0.388267 4.30613e-17)
(10.5278 0.117322 -9.40436e-17)
(0.462746 -1.32231 0)
(1.56055 5.94302 -3.80663e-16)
(-0.780335 4.84745 7.71299e-18)
(0.246454 -1.05013 4.21344e-17)
(-0.374907 0.297046 0)
(0.655974 -1.58024 -9.69871e-21)
(0.0186302 -1.7587 -1.17266e-16)
(0.558917 -1.81502 5.71245e-17)
(-0.462911 -0.0632329 -1.72593e-16)
(0.868195 -0.436487 1.10556e-18)
(0.446276 -0.815277 0)
(-0.150659 -0.707629 1.54459e-16)
(0.351027 -1.10431 0)
(0.159531 -1.81937 3.79397e-17)
(0.391181 -1.68203 -9.46001e-17)
(8.79962 0.186942 4.37153e-17)
(8.06705 0.165075 -1.26678e-16)
(0.0934491 -1.85275 4.71745e-17)
(0.332251 -1.85272 -1.50813e-17)
(0.276678 -0.419428 1.86562e-17)
(0.354719 -1.05593 -3.73894e-17)
(0.169564 -0.589487 3.74934e-17)
(0.28102 -1.74763 0)
(0.594626 -0.600053 3.19728e-16)
(3.0403 3.96525 0)
(0.220684 -1.00954 -1.2179e-16)
(0.732681 2.38809 1.82584e-16)
(0.161524 -0.573446 1.58042e-16)
(-0.23714 1.28347 0)
(-0.0855474 -0.0995819 4.74304e-17)
(0.0327786 1.064 5.14805e-17)
(0.326329 -1.4119 2.37711e-17)
(9.81093 0.0984546 0)
(0.186439 0.0367367 0)
(-0.461411 -0.202978 4.33151e-21)
(0.182088 -1.89033 -4.08518e-17)
(-0.0248498 -0.131983 2.30204e-16)
(8.2195 -0.0477791 4.27207e-17)
(0.373238 -0.817776 7.05302e-17)
(-0.32901 0.346626 3.37775e-17)
(-0.0719893 -0.623896 -5.75592e-17)
(0.103631 -0.000574187 -7.96938e-17)
(0.268958 -0.386255 -1.76348e-16)
(8.13225 -0.0436902 -4.98954e-19)
(9.3326 1.17355 4.61641e-17)
(0.544355 -0.691901 -3.21184e-16)
(0.0481497 -1.72845 0)
(-0.0298992 0.857244 0)
(0.931342 3.63564 6.87976e-16)
(-2.17835 0.441693 -1.18211e-16)
(-0.423836 -0.305367 -4.87865e-16)
(0.667324 -0.713251 0)
(9.72348 0.932764 1.30799e-16)
(1.03493 0.80052 0)
(0.151752 -1.38262 1.21487e-16)
(-0.416215 -0.0855653 -6.12575e-16)
(0.194333 0.834255 1.66033e-16)
(1.92869 2.27058 0)
(0.109161 0.957464 9.08453e-18)
(1.63613 6.70975 0)
(1.88541 1.39376 2.05353e-16)
(0.679316 -0.82676 1.11954e-16)
(1.30674 -0.802796 1.09141e-16)
(0.0558122 -1.58163 -1.21022e-16)
(8.89278 2.34552 -2.8936e-17)
(1.39017 -0.439833 -4.34425e-18)
(9.81117 0.0782142 2.2146e-16)
(-0.153749 -0.693236 0)
(0.252209 -0.729928 -7.37489e-20)
(-0.509993 0.229799 -2.52592e-17)
(0.187693 -1.75971 0)
(-0.0908493 -0.702248 3.05031e-16)
(9.96163 0.970008 0)
(1.63538 -0.355779 4.27409e-18)
(10.7971 0.438393 -3.28225e-18)
(-0.202921 1.71122 0)
(0.0698174 3.45219 -9.302e-17)
(10.0004 0.0685823 -1.11411e-16)
(9.90266 1.21012 0)
(9.76489 1.49879 -5.15889e-18)
(0.118816 -1.73722 0)
(-0.269869 0.427039 -8.88857e-17)
(0.639015 -1.71527 -1.61462e-17)
(9.7701 0.839009 7.08785e-18)
(0.428912 -0.239266 -2.16059e-16)
(0.0314172 -0.639051 -2.04765e-16)
(-0.1348 -0.80075 -3.46491e-16)
(-0.419103 -0.236573 -4.24498e-17)
(0.252801 -1.47578 -5.08448e-18)
(0.222441 -1.08889 5.66801e-19)
(0.218493 0.423415 -8.46314e-17)
(0.379659 1.86607 0)
(-0.39757 -0.303663 5.2793e-21)
(0.0112396 1.57481 4.93796e-17)
(5.80153 1.21354 -4.52491e-17)
(7.11468 2.35573 6.25219e-18)
(0.488717 -0.242047 -1.43165e-16)
(-0.349669 -0.516496 0)
(0.298108 -0.660672 -1.50784e-16)
(6.47806 1.72791 0)
(9.81903 0.728326 -1.31636e-17)
(-0.521067 5.79913 0)
(-0.223871 3.83946 4.29472e-17)
(0.182937 -0.536281 -9.93573e-17)
(0.245714 -0.021321 1.66165e-20)
(-0.348097 -0.343852 1.04524e-16)
(-0.550707 0.271148 0)
(2.1162 0.78969 2.7431e-16)
(-0.209137 -0.575235 -7.22428e-17)
(0.79813 -1.69121 5.84776e-20)
(6.74776 1.62159 -6.19352e-17)
(-0.389885 -0.459121 8.88479e-17)
(-0.203873 0.352313 9.09992e-17)
(0.497647 -0.51085 -1.31352e-17)
(9.81574 0.0530079 0)
(0.103976 1.4015 4.58708e-17)
(1.97073 0.636352 -9.08151e-17)
(0.271014 0.0999506 -1.33737e-16)
(9.82071 0.0452982 -4.63127e-17)
(-0.565153 -0.322618 6.67287e-17)
(0.32586 -0.464797 3.47727e-17)
(-0.394825 -0.357642 -8.36497e-17)
(9.16285 1.19644 3.68393e-17)
(9.04715 1.62871 2.05708e-17)
(1.85692 0.732622 2.20505e-16)
(0.196852 -1.49124 -1.70171e-17)
(-0.249839 3.13314 0)
(9.83165 0.0568549 1.83211e-16)
(0.377636 0.0450733 3.33392e-16)
(0.981621 -1.47905 -1.90442e-17)
(0.172221 -0.62904 0)
(0.15831 -1.4848 2.84193e-17)
(0.0562288 4.37282 -6.52113e-17)
(-0.509392 3.41731 5.31606e-17)
(1.47451 0.46428 3.0033e-16)
(0.736189 -0.0711685 0)
(-0.476536 -0.645295 2.38459e-17)
(9.50407 1.77466 4.31646e-17)
(8.76011 0.986833 0)
(0.0981905 4.10242 8.82202e-17)
(0.400015 -0.501321 -6.40028e-17)
(9.80845 0.067538 8.23462e-17)
(9.9201 0.156651 -2.2664e-17)
(0.720198 -1.54418 -2.44334e-16)
(0.391381 -0.0923588 -3.80514e-16)
(0.267634 -0.611322 1.83121e-17)
(-0.0815214 -0.281568 1.00907e-16)
(2.05335 1.07484 -2.93038e-16)
(1.89499 0.98738 -5.32525e-19)
(9.81267 0.128394 0)
(0.0330651 -0.164676 1.92821e-16)
(10.0119 0.0689504 3.92762e-17)
(-0.0441038 1.1689 -5.12297e-17)
(0.313254 -0.0688088 1.41996e-16)
(0.543886 0.34186 -5.41331e-17)
(-0.119195 0.183713 -9.28631e-17)
(9.83324 0.0839018 -2.57819e-17)
(2.10747 0.980963 -1.54166e-16)
(0.274093 -0.225758 -2.22519e-17)
(8.74711 0.281142 0)
(8.8712 0.729851 7.95318e-17)
(0.00384455 0.751825 7.12623e-17)
(-0.308687 0.746584 2.05861e-16)
(-0.546804 -0.510463 0)
(9.04439 1.97838 -3.10523e-17)
(0.478504 0.538174 -1.60298e-16)
(-0.248959 -0.0714402 1.7767e-18)
(-0.198922 1.2801 -3.14978e-17)
(0.469453 -0.0996038 2.19576e-17)
(1.16272 -1.20174 -1.89939e-16)
(-0.160251 -1.45838 -9.15086e-20)
(0.607766 -0.692767 3.92776e-16)
(0.194708 -0.637749 -3.69225e-17)
(0.399465 -0.0720267 0)
(-0.191655 -0.766805 1.43849e-16)
(7.18792 0.112854 2.22128e-17)
(0.262895 -0.397557 0)
(0.200834 -1.10126 -1.64128e-17)
(0.172331 -0.313562 -7.54308e-17)
(0.584596 -0.591355 1.06233e-16)
(-0.374954 -0.494986 -4.20093e-17)
(-0.0640166 -0.0566018 -8.13456e-17)
(-0.284778 -0.138915 3.43973e-16)
(9.82585 0.108999 0)
(9.0601 1.22994 -5.95926e-17)
(0.199322 -1.11571 0)
(-0.298333 -0.441544 1.70417e-16)
(9.44843 1.0103 -6.57149e-17)
(-0.355426 -0.60741 7.81543e-17)
(-0.0819689 -0.837379 3.12195e-16)
(4.88011 2.84607 9.63377e-17)
(8.94704 1.28722 -3.24498e-19)
(0.276675 0.50596 -1.71604e-16)
(10.0082 0.0744332 -1.14556e-17)
(5.51087 0.328343 2.43497e-16)
(1.34628 -0.579132 2.47421e-16)
(-0.286731 0.357744 4.1721e-18)
(-0.333417 -0.225724 -1.03425e-16)
(-0.14408 1.2625 -3.22994e-17)
(0.206698 -0.492519 -8.87514e-17)
(8.12489 0.298847 4.90279e-21)
(0.0694415 -0.821751 2.73215e-16)
(-0.237624 2.40373 -1.14639e-16)
(8.92794 1.22635 -8.9375e-19)
(0.243847 -0.387243 8.97161e-17)
(8.50253 0.331056 0)
(9.58322 0.109015 2.24349e-17)
(9.81997 0.101781 1.25827e-17)
(-1.33047 5.13863 1.41332e-16)
(-0.701992 -0.271502 -4.61559e-16)
(7.70035 0.295479 -2.34142e-17)
(-0.412969 2.00776 0)
(0.147601 0.607943 1.15018e-16)
(2.02145 0.152607 -2.64564e-16)
(0.849706 -0.0908644 0)
(0.315287 -0.967952 0)
(0.478577 0.232502 1.58365e-16)
(2.52147 0.165045 2.46474e-16)
(2.93218 0.196893 0)
(-0.320771 4.0256 -1.86509e-16)
(9.54239 0.90264 -7.11769e-18)
(1.90385 1.22588 1.40696e-16)
(1.15849 -0.958232 1.11712e-16)
(0.362426 0.189704 0)
(1.95786 1.13292 -2.81346e-16)
(0.241261 -0.598595 1.37615e-16)
(0.0364468 2.32695 1.13281e-16)
(6.08495 -0.28026 0)
(0.652112 0.103371 0)
(5.27667 0.10606 0)
(8.92878 0.352957 7.8487e-18)
(9.22306 1.54817 1.08162e-17)
(10.4573 0.721495 -1.34724e-17)
(9.36826 0.899681 7.28913e-17)
(0.513425 -0.123007 2.46904e-16)
(0.130731 4.05389 4.32777e-17)
(9.0694 1.31344 -1.32385e-16)
(3.37463 0.204745 0)
(4.15035 0.175962 4.8929e-17)
(1.91433 1.07187 0)
(0.407242 0.10201 -1.20628e-16)
(9.94581 0.035303 5.95262e-18)
(10.9542 0.0519966 0)
(9.51197 0.107653 5.39357e-18)
(6.91582 0.537029 -1.63281e-16)
(2.00858 -0.0650128 -3.47533e-16)
(6.99721 0.745525 1.22929e-16)
(4.61762 4.49378 0)
(3.1204 5.37193 1.73196e-18)
(9.62385 0.00983041 1.02512e-16)
(0.42665 2.07089 -1.78258e-16)
(-0.497771 0.0134488 -6.69328e-18)
(2.27764 6.54364 -3.66245e-17)
(5.45283 0.164985 6.84693e-19)
(3.79448 0.197336 7.93882e-19)
(1.15294 -0.949553 4.77456e-19)
(0.883941 6.22146 0)
(-0.429811 0.369723 1.64085e-16)
(-0.244185 -0.276304 1.67581e-16)
(-0.15775 -0.620318 -1.67053e-16)
(5.00708 0.0995038 0)
(-0.0611503 -0.410396 8.87356e-17)
(0.946516 1.69494 3.22583e-17)
(0.683263 -1.30275 -1.48834e-16)
(0.19182 -0.458151 -2.11987e-17)
(0.166466 0.4606 -1.41529e-16)
(-0.203438 -0.0923256 6.40908e-17)
(4.46115 0.147351 -5.06067e-17)
(0.112966 3.87012 0)
(-0.182127 -0.478905 1.61751e-16)
(3.6126 2.67336 -4.61619e-16)
(-0.523779 0.353342 -9.20243e-17)
(-0.191869 -0.178865 -1.45912e-16)
(-0.0500977 -0.105468 1.62391e-21)
(6.17459 0.454611 -1.14637e-18)
(1.41609 0.704986 1.57051e-16)
(9.61358 0.806514 0)
(1.59287 0.0399787 0)
(3.3733 1.60934 -9.74982e-17)
(9.99386 -0.0118051 2.83401e-18)
(9.87109 0.207203 0)
(-0.286042 0.254059 -8.82568e-17)
(-0.336684 -0.370381 0)
(0.189971 4.12128 -1.18913e-16)
(9.89071 0.111232 2.52038e-17)
(0.703255 -0.844447 2.07003e-16)
(0.203458 -0.11348 0)
(8.7991 1.17202 2.82034e-17)
(-0.429841 -0.527164 -1.24029e-16)
(-0.14239 -0.102427 8.81287e-17)
(-0.587917 0.0468463 -1.96589e-16)
(1.75025 7.80765 1.0039e-16)
(2.1392 0.232114 -3.3084e-17)
(0.252689 2.89786 4.22599e-16)
(0.0051882 -0.533785 0)
(9.7203 0.13973 -8.4538e-17)
(9.86022 0.0761517 -2.73327e-18)
(0.214389 4.51942 -7.64388e-17)
(-0.0684021 -0.0209037 1.01154e-16)
(2.44432 -1.82493 -1.2369e-16)
(6.16079 0.0481744 3.29597e-17)
(5.66875 0.219218 -4.55927e-17)
(4.62788 -0.294748 -2.06e-16)
(5.24668 0.172479 0)
(5.61746 0.0569669 -1.5161e-16)
(7.25894 -0.0459613 0)
(6.11943 -0.0790269 3.77721e-17)
(4.74263 0.119359 5.81147e-18)
(-0.209697 -0.746482 -6.82618e-16)
(-0.551404 0.0712494 -4.23836e-16)
(11.1142 0.436798 5.21471e-17)
(0.035011 0.834833 -3.31378e-17)
(0.139585 -0.063233 2.13832e-17)
(-0.578493 -0.457308 6.51109e-16)
(-0.0927792 -0.0923067 -2.00881e-20)
(0.528574 -0.154606 0)
(-0.764172 0.246605 -1.93344e-16)
(0.0154065 -0.0192478 -4.32012e-17)
(-0.197287 -0.310188 0)
(-0.901292 0.0278608 3.12152e-16)
(9.08152 0.536501 3.01909e-16)
(0.834304 -1.348 -2.27322e-16)
(8.35743 -0.021072 4.13458e-17)
(0.412966 -0.136093 -7.05285e-17)
(0.83714 -1.06161 -1.24589e-16)
(9.6869 0.705106 0)
(8.67081 0.888399 -4.06631e-17)
(10.3828 0.447634 0)
(5.93591 0.117132 0)
(1.09601 4.0488 1.52512e-18)
(8.70681 1.06071 1.03035e-19)
(-0.34207 -0.0784391 4.21044e-17)
(-0.244765 -1.26614 -3.40924e-16)
(-0.381133 -0.801405 3.05542e-16)
(9.74453 0.0231511 1.08637e-17)
(0.0333817 -0.748191 1.22835e-16)
(-0.0598859 -1.39053 2.30939e-16)
(-0.3361 -1.09577 1.46469e-16)
(-0.799595 -0.0156127 -3.26256e-16)
(3.29089 4.85385 3.60034e-17)
(1.30881 0.981276 1.96706e-16)
(-0.374 2.90302 -5.00865e-17)
(0.0984278 4.79878 0)
(9.89247 0.196538 0)
(9.57781 0.0202698 5.91073e-17)
(9.80043 0.0563179 -8.65812e-17)
(1.84172 1.10136 -1.86778e-16)
(-0.251029 -0.303404 -4.53375e-17)
(0.864014 -0.35538 3.58397e-17)
(-0.367759 0.363105 0)
(-0.0089839 -0.500104 0)
(9.96739 0.248045 6.45513e-17)
(8.52042 1.74613 0)
(-0.121685 -0.144472 -8.8136e-17)
(-0.63055 -0.201708 -2.75629e-16)
(8.64821 0.411073 1.60529e-17)
(1.83105 7.34885 0)
(1.16058 0.484162 2.71717e-16)
(0.114227 -1.05484 0)
(-0.579865 0.12459 1.84179e-16)
(8.65842 2.2032 -1.00333e-16)
(-0.603094 0.552658 0)
(-1.08142 1.03076 -1.2479e-16)
(1.22822 -0.473724 -7.59057e-17)
(9.80025 0.057054 -7.77694e-17)
(0.0154277 -0.463251 1.84459e-16)
(-0.695498 0.127258 0)
(0.520703 0.10819 8.68418e-17)
(-0.472813 -0.191295 -8.53906e-17)
(10.5459 0.093282 0)
(-0.020462 -0.480548 0)
(1.01705 0.570859 2.21064e-16)
(-0.209215 0.724707 -1.2224e-16)
(0.49413 0.890802 0)
(6.98852 0.0759498 1.81234e-16)
(9.41429 0.122453 0)
(-1.16722 5.93314 -1.31773e-17)
(0.903343 0.272177 -1.49439e-16)
(9.7521 0.117723 6.36509e-17)
(0.920462 1.10668 -1.78887e-16)
(4.50738 1.91783 -2.77821e-16)
(-0.537823 0.236276 -1.19535e-16)
(-0.183751 -0.0570467 0)
(1.27456 -0.70594 -2.2929e-16)
(0.0681612 0.421752 3.57777e-17)
(1.3636 -0.43492 0)
(1.36059 -0.421297 -1.84669e-17)
(0.259291 -0.45725 1.70826e-16)
(0.391448 -1.03017 6.42044e-17)
(1.56423 0.067501 0)
(1.84841 -0.00438412 5.7706e-19)
(11.2181 0.181656 -4.86805e-17)
(0.325731 -0.118021 4.30706e-17)
(-0.349326 0.0612386 5.90854e-16)
(-0.0124172 -0.303057 1.02003e-16)
(1.81639 0.872913 3.04505e-16)
(9.81285 0.0805193 6.0548e-17)
(-0.31276 4.29542 0)
(1.81877 -0.227482 2.1115e-18)
(0.117655 -0.236211 -1.83029e-16)
(0.297241 -0.162229 -3.15382e-16)
(0.202039 -0.433632 -1.0446e-16)
(9.55451 0.0357922 9.56835e-20)
(-0.151053 1.36716 0)
(-0.211649 0.529435 5.94722e-18)
(1.02333 -1.11856 -9.69077e-17)
(9.98056 0.227296 2.86166e-17)
(1.15473 0.497991 2.2498e-16)
(9.80194 0.0345812 4.18758e-21)
(9.80962 0.132104 0)
(7.8959 0.109194 4.89913e-17)
(-0.465912 0.545164 0)
(5.84099 -0.0446071 -2.02142e-16)
(-0.340261 3.13207 -1.65291e-16)
(1.97853 0.0702863 0)
(0.0876196 0.12153 -8.02048e-17)
(8.57248 1.3864 -1.99114e-17)
(0.866189 1.58715 8.90465e-17)
(0.0900872 3.30397 -6.71766e-18)
(0.255086 2.65844 0)
(0.163265 3.0369 6.79627e-18)
(0.0346707 3.50257 1.48083e-17)
(0.339067 2.14086 3.03549e-17)
(0.350653 1.49222 -6.91736e-17)
(-0.153395 -0.725551 1.90861e-16)
(-0.431399 -0.112718 0)
(-0.869853 -0.0571514 3.31954e-16)
(9.77524 0.0683792 1.11376e-17)
(0.257937 0.80883 -5.50022e-21)
(-0.0210868 -0.487506 0)
(-0.0756507 -0.0874715 7.70654e-17)
(0.093448 -2.58177 1.47521e-18)
(-0.0321873 -0.574622 -2.42876e-16)
(1.98788 -0.152879 -4.18676e-18)
(0.0668397 -0.334947 -2.21921e-16)
(-0.0753523 1.68837 -8.2394e-17)
(0.087287 -0.22876 -1.39572e-16)
(-0.284291 3.73106 5.00423e-17)
(0.628834 -1.01901 3.13467e-16)
(1.91459 4.79369 0)
(-0.401254 -0.196393 -1.9737e-16)
(0.131881 0.25546 -1.25679e-17)
(1.74012 0.164047 3.52875e-17)
(0.657211 -0.851411 -1.08665e-16)
(1.20803 0.255292 -4.08467e-17)
(0.256774 4.20425 1.27688e-16)
(0.184842 0.620203 7.47867e-17)
(-0.454485 0.183639 1.28616e-16)
(1.87364 -0.273699 2.10201e-18)
(-0.221004 -0.889892 -2.14267e-17)
(0.0149219 -0.279948 2.06289e-16)
(-0.0628821 -0.0221382 -2.61199e-17)
(-1.69061 0.898736 -6.52358e-17)
(-0.0385151 -0.271079 0)
(0.369084 -0.225794 4.20808e-17)
(0.337561 0.31541 1.69887e-16)
(0.0102948 -0.214449 9.22497e-17)
(-0.28636 -0.980699 4.35046e-20)
(4.55283 0.332555 -2.90817e-16)
(-0.248967 3.74392 1.6555e-17)
(-0.313416 0.378151 2.32079e-16)
(9.79836 0.0437313 -7.43007e-17)
(-0.0312016 -0.23227 -5.22178e-17)
(-0.0412669 -0.156786 1.01193e-16)
(0.0684074 -0.18579 2.70008e-17)
(0.11078 -0.866176 -1.26567e-16)
(10.8645 0.307858 -7.14948e-20)
(0.772198 -1.12327 1.34633e-16)
(-0.367932 5.59404 -1.26963e-16)
(-0.338916 3.84168 2.44635e-16)
(-1.5131 2.12884 2.61196e-17)
(-0.324035 -0.704106 -1.20874e-16)
(3.15227 5.2851 1.39665e-16)
(-0.00465926 -0.486512 0)
(-1.31437 2.09275 0)
(-0.00549213 -0.226541 2.81476e-16)
(9.71359 0.0435374 3.30817e-17)
(0.779428 -0.905035 2.65561e-16)
(-0.00368373 -1.20416 -1.46306e-16)
(10.41 0.201621 1.41268e-17)
(-0.487402 -0.141429 1.74331e-16)
(-0.0402675 0.973946 -3.5334e-17)
(5.98522 0.0967492 0)
(-1.88612 -1.13545 0)
(-0.102975 -0.508781 3.76537e-17)
(-0.142875 2.61261 1.73815e-16)
(-0.321467 2.91247 1.60161e-16)
(10.8892 0.077602 4.47835e-17)
(-0.495171 0.599266 5.93933e-17)
(-0.854829 0.906826 2.0986e-17)
(9.78083 0.524238 2.51796e-16)
(2.05106 -0.120235 4.23603e-16)
(0.47609 1.64781 -4.09336e-16)
(9.97804 0.124105 -8.31423e-17)
(1.49349 0.719014 -2.96112e-16)
(0.282108 -0.159605 1.25796e-16)
(-0.265183 1.38638 0)
(9.81444 0.0394518 5.8966e-17)
(10.3566 0.621879 -3.29106e-18)
(1.55704 0.0226774 0)
(-0.726541 6.02694 -3.05415e-18)
(1.89755 3.64628 2.39084e-18)
(-0.112129 3.86129 -3.03519e-17)
(2.04571 0.0399309 6.76041e-17)
(-0.0110642 2.17816 1.54844e-17)
(0.290881 -0.488064 3.2217e-16)
(0.71805 1.12627 1.95742e-16)
(-0.394163 0.425332 1.01272e-16)
(-1.34043 0.0809171 2.59389e-16)
(9.79313 0.372933 -1.8529e-18)
(-0.526459 -0.047831 0)
(-0.551795 -0.289261 -4.24729e-17)
(1.03917 -0.39729 2.32339e-17)
(-0.0783386 3.77089 0)
(5.05579 0.0588346 0)
(0.336457 0.0351146 -1.38509e-16)
(-0.443575 1.7264 -2.27397e-16)
(-0.0609768 -1.57865 -1.1867e-16)
(3.304 1.07878 0)
(-0.0837717 -0.403673 0)
(-0.142586 3.77413 6.99807e-18)
(2.47879 1.32477 6.94966e-17)
(9.84112 0.2282 7.98433e-17)
(1.11067 -0.815445 -3.79445e-17)
(0.416249 -0.333926 -1.36212e-16)
(-2.11049 2.29293 0)
(-0.0681381 -0.352089 -3.6907e-16)
(-0.136643 -0.0156613 8.01101e-17)
(-0.438496 -0.294525 -1.50653e-16)
(0.922678 -0.919037 3.42579e-17)
(-0.492282 0.281591 1.48897e-16)
(5.54952 0.282827 -1.29978e-16)
(0.0661094 2.0475 2.73476e-16)
(8.84211 1.38107 1.46712e-17)
(0.170616 0.331051 5.79525e-16)
(-0.515834 0.0884257 -1.24244e-18)
(7.00862 0.24973 0)
(0.0393094 3.00095 -8.35902e-17)
(0.419373 0.203583 3.98313e-16)
(-1.15297 0.244419 1.50205e-17)
(-1.80208 0.541881 0)
(1.73362 0.736734 -6.40058e-16)
(10.8505 0.361334 1.48834e-17)
(0.641465 -0.146913 9.14371e-18)
(7.86418 0.897887 -1.86434e-16)
(0.775963 -0.804307 -4.85913e-16)
(-0.408255 3.52424 1.48952e-16)
(9.9759 0.218117 -7.29615e-17)
(2.85929 -0.289829 -9.73058e-17)
(7.61909 0.263108 -9.92028e-17)
(0.873716 0.214708 0)
(0.180595 2.76595 -8.32125e-18)
(10.8308 0.122808 -1.6623e-16)
(9.87648 0.212701 -6.71835e-17)
(-0.068725 3.0471 -1.38921e-17)
(1.54618 0.634169 -1.5768e-16)
(9.85996 0.233197 6.09891e-17)
(-0.493713 3.5888 -4.75617e-17)
(2.02594 5.72744 -1.87908e-18)
(9.73361 0.030837 8.51575e-18)
(1.29773 -0.736299 1.49422e-16)
(0.0724105 -0.577816 5.60157e-16)
(0.55619 4.54277 0)
(10.9471 0.376599 3.06217e-17)
(10.8286 0.373738 -3.25304e-18)
(0.0528875 -0.205609 1.60442e-16)
(0.334483 -0.22331 0)
(1.32173 -0.499738 0)
(-0.578592 -0.183184 3.19427e-16)
(8.06784 0.310708 -8.24872e-17)
(0.010872 -0.208524 1.32775e-16)
(-0.844074 3.17499 -8.1676e-17)
(1.6823 0.0164725 2.46743e-16)
(10.9504 0.184054 -4.62342e-17)
(-0.00633039 0.700503 4.02934e-17)
(0.0397588 -0.931978 -1.31254e-16)
(9.86751 0.130494 -2.52969e-17)
(1.3512 -0.502024 1.2734e-16)
(7.58781 0.600109 1.71203e-16)
(5.60506 0.199446 0)
(0.0109782 -0.426339 -2.88728e-16)
(-0.350521 0.283615 4.31585e-17)
(10.2651 0.147204 1.38409e-17)
(0.0091214 -0.48105 -3.37207e-16)
(3.67028 2.68741 0)
(5.61788 0.960138 5.726e-17)
(0.0198037 -0.468403 0)
(0.134242 2.6352 1.66982e-18)
(0.20479 -3.97501 4.51226e-17)
(-0.270592 -0.0873418 -2.12744e-17)
(9.53337 0.058909 -6.04964e-17)
(0.29882 -0.393778 1.7219e-16)
(-0.158387 0.0861757 -9.19701e-17)
(-0.485874 -0.394342 -2.04689e-16)
(5.48687 0.219533 0)
(0.225816 0.141051 -4.37069e-16)
(-0.0162067 1.53372 5.79148e-17)
(0.940118 -0.630805 -3.86356e-16)
(1.29782 -0.0221681 -2.70708e-16)
(0.296869 -0.157977 6.78577e-20)
(1.78329 0.0182714 0)
(0.0938369 -1.2238 0)
(0.18303 0.125128 5.27436e-17)
(7.42821 3.12071 4.72574e-17)
(8.05391 2.26472 1.80299e-18)
(0.222174 -0.023248 -1.00143e-16)
(1.36168 -0.438348 1.32801e-17)
(10.9825 0.393666 -1.41904e-17)
(0.0121681 -0.480414 0)
(-0.975378 -3.7812 0)
(0.0182508 -0.495287 -9.46818e-17)
(1.11266 -0.295763 7.77678e-17)
(0.481972 -0.858327 0)
(-0.293742 0.4583 0)
(-0.711544 1.00483 2.81633e-16)
(11.0056 0.373893 -2.44315e-17)
(-0.393249 -0.172395 -3.67199e-16)
(0.0967416 -0.447164 2.08296e-17)
(-0.0470375 1.03698 0)
(-0.377878 0.0751262 5.79273e-16)
(1.3408 2.09001 0)
(-0.49462 -0.227465 1.68117e-16)
(8.69337 0.708282 -1.20486e-16)
(0.192577 -0.247615 2.36948e-16)
(-0.642041 0.296316 0)
(-0.00681126 -0.112632 0)
(0.954442 0.307024 -3.44114e-16)
(-0.155772 2.27983 1.11127e-16)
(-0.418152 3.05138 2.18594e-16)
(0.709112 0.0858949 -6.16567e-17)
(9.84884 0.169352 -2.48966e-17)
(-0.726611 4.65526 -8.98443e-17)
(-0.0678844 -0.547602 4.99626e-16)
(1.75954 -0.282829 4.01172e-16)
(9.76594 0.0912841 2.09979e-17)
(1.09867 1.48728 1.26219e-17)
(-0.237016 0.113057 1.4068e-18)
(-0.233619 -0.255943 1.63355e-16)
(0.0907494 0.51312 -2.34881e-17)
(-0.221511 0.178297 2.37986e-16)
(1.94243 -0.190156 2.09306e-18)
(-0.357235 4.60088 -4.13251e-17)
(9.61119 0.388591 -7.58682e-18)
(1.04613 0.0191671 2.12041e-16)
(9.64459 0.0939028 -4.30822e-17)
(3.44593 0.482043 -4.70976e-17)
(-0.0187361 -0.412431 1.27417e-17)
(-0.69258 0.0454331 1.28495e-16)
(-0.0149469 0.0923688 -1.83869e-16)
(-0.175979 2.38384 1.52268e-17)
(7.79116 0.321996 0)
(1.56451 0.00958341 2.92365e-16)
(-0.417881 0.242406 2.18214e-17)
(-0.0926047 -0.18496 -2.6373e-18)
(-0.00348146 -0.470594 0)
(9.91996 0.0959315 1.96977e-17)
(0.536521 0.285535 3.96296e-16)
(-0.223259 2.1555 3.28442e-17)
(-1.51929 -1.42874 6.79381e-17)
(10.6691 -0.0215119 -1.17284e-16)
(10.2403 0.125969 2.36126e-17)
(7.66823 1.49381 0)
(-0.649234 -0.0717901 5.13897e-16)
(-0.17689 0.0846994 -8.76223e-17)
(0.325707 -0.70867 -8.05687e-17)
(1.22134 0.0891491 2.36199e-16)
(3.01575 1.38798 -2.44999e-16)
(8.29607 1.32305 6.85962e-18)
(0.0420482 -0.590676 -1.56315e-16)
(0.259029 -0.742047 3.06267e-16)
(10.0473 0.160063 4.2956e-19)
(4.47755 2.643 -9.52808e-17)
(0.0873628 0.0680679 1.96483e-16)
(7.33118 0.314512 2.0216e-17)
(-0.290802 0.19628 -3.05946e-16)
(-0.386641 0.103576 4.16617e-16)
(5.64207 3.01002 1.13572e-16)
(6.76182 -0.0804523 1.27926e-16)
(0.02054 -0.480916 0)
(-0.348868 3.80407 -7.77492e-18)
(0.0704933 1.98468 0)
(0.305327 -3.09729 6.24711e-17)
(-0.0411754 0.117772 0)
(0.0445706 0.927284 0)
(10.6114 0.188535 0)
(0.222155 0.0726057 -3.98801e-16)
(-0.247167 3.13261 -1.16802e-16)
(-0.15782 4.67412 4.38416e-16)
(1.25787 -0.388517 0)
(-0.188725 1.8846 0)
(7.57305 -0.203914 1.20671e-16)
(9.9791 0.321015 2.27797e-16)
(-0.474912 0.131582 -5.0944e-17)
(0.160101 1.31762 -7.53057e-17)
(10.019 0.023727 -6.17817e-18)
(10.6129 0.304962 0)
(7.3481 2.79634 6.14834e-17)
(-0.166789 3.09693 -7.07341e-18)
(1.0371 2.42282 4.65613e-17)
(1.15808 -0.361394 0)
(-0.434858 -0.326078 0)
(0.332322 1.37482 4.36022e-16)
(-0.555415 0.00165025 1.44998e-16)
(-0.464092 0.383914 4.29729e-17)
(3.78808 -0.0502256 -3.57358e-16)
(0.61488 -0.293441 -3.89945e-17)
(-0.0931113 2.29513 0)
(5.79811 0.128271 5.11781e-17)
(0.0680476 -0.689064 5.46631e-17)
(0.0272647 2.83578 0)
(8.02303 1.16836 0)
(0.16713 1.69286 2.80068e-17)
(8.29622 0.57896 -2.0529e-16)
(11.2182 -0.0169931 2.24006e-16)
(9.9469 0.118763 1.11559e-16)
(10.6997 -0.0256875 1.01243e-16)
(-1.93871 -0.729355 -1.29359e-16)
(-0.0890102 -0.434457 -6.1233e-17)
(-0.519246 -4.4561 -4.65211e-17)
(0.00524559 -0.458641 0)
(0.289729 0.457343 1.70686e-16)
(-2.02272 5.78485 8.64399e-17)
(-0.237928 -0.829742 -2.35196e-16)
(-0.29328 0.367729 -1.55217e-16)
(0.398925 -0.224797 0)
(2.08145 0.0204212 1.81241e-17)
(1.48376 0.214159 0)
(1.60731 9.56499 -8.23528e-17)
(-0.617867 0.285241 -1.21049e-16)
(-0.750192 0.390314 3.51344e-17)
(-0.323772 0.824543 -3.95345e-16)
(-0.0906008 -0.525131 0)
(-0.822526 0.318025 -7.37003e-17)
(0.45945 -0.279194 1.04286e-16)
(8.39668 -0.153908 0)
(-0.00449323 -0.465797 -4.13203e-16)
(-0.320425 1.01538 0)
(9.8149 0.235118 2.12475e-17)
(2.00602 0.191806 -4.23798e-17)
(2.38813 0.423225 0)
(0.239453 0.715111 0)
(1.45365 -0.0461836 -2.92796e-17)
(6.22123 0.249633 0)
(0.121051 1.58871 -1.36189e-16)
(1.88186 0.43435 -1.01778e-18)
(-0.435931 -0.310422 2.45326e-16)
(-0.301383 -0.653585 2.04553e-19)
(0.0344245 5.31462 1.05989e-16)
(0.358039 3.37198 -3.01295e-16)
(11.0973 -0.0209643 -2.87621e-17)
(9.91385 0.231911 1.5116e-16)
(0.265805 -0.309607 -3.15553e-16)
(-1.51621 -1.34877 -1.04689e-16)
(-0.162809 0.241739 -3.62884e-17)
(-0.2701 4.10601 3.59111e-18)
(0.174066 -0.830261 1.57269e-16)
(0.867292 -0.20442 -7.622e-17)
(-0.658906 -0.0849422 1.50695e-16)
(9.68753 0.056014 -6.03096e-17)
(0.390968 2.9645 -1.3368e-17)
(9.80071 0.0394063 -1.66517e-16)
(9.92626 0.623795 1.17141e-16)
(1.02845 1.83251 2.56037e-16)
(10.8667 -0.107565 -2.47859e-17)
(9.90595 0.405697 7.10272e-18)
(-0.0184204 3.66321 -1.92068e-17)
(-0.409564 -0.548257 2.48721e-17)
(7.12306 0.583047 1.10768e-16)
(6.53211 0.411801 1.30697e-16)
(-0.208266 -1.48583 1.39947e-16)
(1.90546 0.137386 0)
(0.247697 0.555444 2.40325e-16)
(-0.00514018 1.71184 1.19293e-16)
(-0.538002 2.64872 3.23934e-16)
(0.920595 -0.194585 -3.77175e-17)
(-1.55226 5.25962 -2.80885e-16)
(1.12032 9.83604 5.20876e-17)
(0.129244 3.03719 -8.24829e-17)
(-0.0849806 -0.281982 1.82245e-16)
(0.13136 -0.310979 -1.56082e-19)
(9.98491 0.0787654 4.34355e-17)
(1.84878 0.339262 3.7721e-17)
(0.156088 1.51185 -7.10912e-17)
(-0.644785 -0.250105 0)
(-0.0379104 -0.229126 -1.3423e-16)
(0.131385 1.3124 7.28522e-20)
(10.0306 0.133823 0)
(0.434986 0.730235 4.91042e-16)
(0.198573 -0.015846 9.13753e-21)
(-0.264284 1.62488 6.994e-17)
(0.405372 -0.402821 1.31407e-16)
(-0.311615 1.15764 1.33418e-16)
(11.0557 0.0857813 0)
(-0.331494 -1.24795 -3.52144e-16)
(-0.157168 1.76176 5.19932e-17)
(9.83012 0.378458 -2.04988e-16)
(10.9047 0.246684 6.41127e-17)
(0.201634 -0.776459 0)
(0.36125 -0.986499 -1.14612e-16)
(-0.185501 -1.07786 1.64534e-16)
(0.109722 -0.712081 -9.65552e-17)
(0.239037 -0.553554 -1.54469e-16)
(0.123946 0.10271 8.12015e-17)
(0.874582 0.317695 -6.80293e-16)
(0.971999 -0.214538 0)
(0.105157 -0.676661 1.64387e-16)
(0.00770249 -0.46181 0)
(-0.0753605 0.062484 1.9655e-16)
(-0.240393 1.81901 8.16694e-17)
(-0.144375 -0.252359 -2.06076e-16)
(4.74553 1.97594 2.84549e-17)
(8.35792 1.06594 0)
(9.99494 0.2178 -6.19854e-17)
(-0.174777 0.417985 1.63165e-16)
(1.07877 0.377536 0)
(-0.145406 -0.942978 1.88832e-16)
(-0.197481 -1.40717 -1.33262e-19)
(0.0765976 -0.56831 5.41455e-16)
(-0.13687 0.254889 1.30261e-16)
(9.93547 0.449866 -1.64961e-16)
(-0.414436 -0.0802297 -1.04895e-17)
(1.64274 -1.10342 1.40499e-16)
(9.76407 0.0235967 -1.26044e-16)
(-1.43739 1.90608 -2.99017e-16)
(-0.0449118 -0.429857 1.63638e-16)
(7.72774 0.0187715 2.43972e-16)
(-0.285079 -0.758931 4.14822e-16)
(1.33999 -0.66161 0)
(-1.2417 -2.54195 0)
(-0.0302175 -0.339509 0)
(-0.533564 -0.00639425 -2.56919e-20)
(0.96447 -0.441242 2.1747e-19)
(9.83259 0.128065 -1.20462e-17)
(0.119834 -0.0882659 4.81896e-16)
(-0.290945 -0.118175 0)
(-0.499852 -0.0733514 -2.21426e-16)
(5.77464 0.175002 -1.08245e-17)
(0.523486 -0.418067 0)
(-0.0818876 -0.879981 1.7311e-17)
(0.93479 -0.441985 3.49829e-17)
(-0.298869 0.249467 1.64891e-16)
(1.63352 0.461731 0)
(10.4863 0.10262 5.05159e-17)
(0.585083 0.922932 -5.36064e-16)
(0.062519 -1.43817 -7.27385e-17)
(0.307578 -0.223691 4.09353e-17)
(-0.103171 0.249575 0)
(8.89441 0.0433769 -6.46881e-17)
(-0.470376 0.395036 1.22961e-16)
(3.24519 4.38508 -2.04507e-16)
(0.980339 -1.03271 0)
(0.61643 1.35377 -1.05122e-16)
(9.84537 0.624189 0)
(0.29923 -0.355439 -3.52028e-16)
(9.38917 0.30421 -7.08717e-18)
(10.2614 0.167766 -1.63439e-17)
(0.120771 -0.0161493 6.10081e-17)
(-0.0170612 1.60499 -1.64818e-17)
(1.11086 -0.296392 -8.76357e-18)
(-0.0759331 -0.991391 -2.44355e-16)
(1.10601 0.44413 -1.6051e-19)
(0.325896 -0.034639 0)
(0.175779 -0.0981433 -4.59104e-17)
(7.37879 0.183548 0)
(-0.259448 2.42531 1.26206e-16)
(0.292683 2.92102 8.21173e-19)
(4.86133 3.75546 9.47746e-17)
(-0.400509 0.335947 -2.16963e-16)
(4.89655 -0.00351503 -8.07534e-17)
(9.8325 0.0527029 1.18327e-16)
(10.2702 0.0487797 -2.39326e-18)
(4.52255 0.513437 1.47963e-16)
(9.89325 0.198772 -2.61038e-16)
(-0.277468 -0.553044 1.25094e-19)
(0.0367242 -0.322138 2.10797e-16)
(-0.0684728 2.49189 -2.75152e-17)
(0.421244 0.238611 0)
(4.8231 1.21636 0)
(0.151991 -0.668425 0)
(0.185367 1.10349 -1.39508e-16)
(-0.182303 0.0479788 4.84657e-17)
(6.52565 1.68693 0)
(-0.139628 -0.484417 -1.38166e-16)
(0.0583079 -0.393349 3.71512e-16)
(0.231021 2.85916 -1.67483e-18)
(0.100506 -0.201572 3.52142e-16)
(10.1297 0.0907951 -9.88026e-18)
(9.6769 0.0799712 3.14485e-17)
(2.51673 3.37203 0)
(0.626951 -1.11578 1.5945e-17)
(2.04272 7.70394 0)
(10.4113 -0.0260945 1.8838e-16)
(10.5741 0.104656 0)
(10.5551 -0.132183 -2.2957e-16)
(9.81048 0.177239 -1.32968e-17)
(-0.157614 -0.740532 0)
(-0.142722 0.0518813 8.14769e-17)
(0.0684869 0.836885 -2.59908e-16)
(-0.382723 2.22876 -1.24732e-16)
(10.6605 0.195517 0)
(5.12683 -0.102582 -4.08692e-16)
(0.000152202 0.98765 -1.33912e-16)
(-0.332222 2.38424 6.4725e-17)
(-0.0739313 1.99747 -3.36977e-20)
(-0.49075 2.87918 -2.16582e-16)
(0.336028 0.05819 1.88773e-16)
(10.9954 0.0583853 3.47982e-17)
(9.89898 0.545888 0)
(0.8602 2.04867 0)
(5.98548 -0.0552731 1.09691e-16)
(-0.217468 -0.303247 -9.31274e-17)
(0.0841904 1.44955 -2.54471e-16)
(0.319329 1.79307 5.13589e-16)
(-0.0379457 -0.280069 0)
(0.0726338 1.28902 -2.88726e-16)
(0.848777 0.989178 -2.3883e-16)
)
;

boundaryField
{
    frontAndBack
    {
        type            empty;
    }
    wallOuter
    {
        type            noSlip;
    }
    inlet
    {
        type            fixedValue;
        value           uniform (10 0 0);
    }
    outlet
    {
        type            zeroGradient;
    }
    wallInner
    {
        type            noSlip;
    }
    procBoundary0to1
    {
        type            processor;
        value           nonuniform List<vector> 
29
(
(-1.75822 -0.0380131 -5.7032e-16)
(-0.727903 0.0133846 3.90275e-16)
(-0.833088 0.125695 2.15706e-16)
(-0.833088 0.125695 2.15706e-16)
(-1.35566 0.572026 -1.23396e-16)
(-1.35566 0.572026 -1.23396e-16)
(4.27615 -0.200517 9.38535e-17)
(1.80261 -0.00992812 0)
(6.45787 0.134072 6.76112e-18)
(0.564032 -0.0319366 -1.20044e-16)
(1.47505 -0.0534974 -5.53079e-17)
(-2.39222 0.182677 0)
(-1.20433 -0.0206157 0)
(-1.80287 -0.0193746 0)
(6.63592 -0.0602193 6.09249e-17)
(8.6135 0.104409 8.01802e-17)
(-0.22452 0.563516 4.46883e-16)
(2.25701 0.475725 -3.0694e-16)
(0.00280305 0.0418292 3.55259e-16)
(-0.153415 0.172251 6.59509e-16)
(8.82286 0.14724 3.64759e-17)
(8.43132 0.0319817 -2.39997e-18)
(6.25032 -0.086832 8.19543e-18)
(8.08403 0.197612 -8.03812e-17)
(5.29831 0.0154937 9.36687e-17)
(2.25701 0.475725 -3.0694e-16)
(8.83451 0.150369 0)
(1.89555 -0.0211054 7.31608e-17)
(8.08403 0.197612 -8.03812e-17)
)
;
    }
    procBoundary0to2
    {
        type            processor;
        value           nonuniform List<vector> 
42
(
(-0.64081 3.00804 1.98214e-16)
(-0.598472 1.99338 -1.91679e-16)
(0.0567076 -0.42333 -4.90467e-17)
(0.0270736 -0.334473 3.29484e-16)
(-0.402222 -1.02851 -8.76672e-17)
(-0.64081 3.00804 1.98214e-16)
(0.0567076 -0.42333 -4.90467e-17)
(0.0540717 -0.492227 0)
(-0.308455 -0.651188 1.68403e-19)
(-0.0662063 -0.248176 0)
(-0.306736 -1.19447 3.48452e-16)
(-0.308379 -0.826413 4.91959e-16)
(-0.306736 -1.19447 3.48452e-16)
(-0.256273 -0.548676 -9.58884e-17)
(-0.275562 -0.115172 -7.97723e-18)
(-0.564939 3.34864 1.63245e-19)
(-0.275562 -0.115172 -7.97723e-18)
(-0.0326201 -0.121523 -5.63369e-17)
(-0.153667 -0.377347 -2.18597e-17)
(-0.103679 0.678944 -1.01325e-15)
(-0.103679 0.678944 -1.01325e-15)
(-0.0326201 -0.121523 -5.63369e-17)
(0.112089 0.0751345 1.42264e-16)
(-0.351714 1.09781 -2.33282e-16)
(-0.351714 1.09781 -2.33282e-16)
(-0.0366532 0.223393 -9.80277e-17)
(-0.0645328 1.0957 -8.89676e-19)
(-0.0372839 0.355148 2.90096e-18)
(-0.245384 2.20154 -1.75052e-16)
(-0.481478 1.3707 3.42408e-19)
(-0.481478 1.3707 3.42408e-19)
(-0.0618808 0.434828 0)
(-0.0684798 0.397804 -8.76678e-17)
(-0.0490288 0.250438 9.24749e-17)
(-0.0284585 0.0415077 7.16296e-23)
(0.0567076 -0.42333 -4.90467e-17)
(-0.453833 0.853043 0)
(0.106955 -0.28217 0)
(-0.245384 2.20154 -1.75052e-16)
(0.0540717 -0.492227 0)
(0.0354916 -0.362283 -4.99978e-16)
(0.00475238 -0.202857 -2.2474e-17)
)
;
    }
}


// ************************************************************************* //
