/*--------------------------------*- C++ -*----------------------------------*\
| =========                 |                                                 |
| \\      /  F ield         | OpenFOAM: The Open Source CFD Toolbox           |
|  \\    /   O peration     | Version:  v1912                                 |
|   \\  /    A nd           | Website:  www.openfoam.com                      |
|    \\/     M anipulation  |                                                 |
\*---------------------------------------------------------------------------*/
FoamFile
{
    version     2.0;
    format      ascii;
    class       volVectorField;
    location    "0.5";
    object      U;
}
// * * * * * * * * * * * * * * * * * * * * * * * * * * * * * * * * * * * * * //

dimensions      [0 1 -1 0 0 0 0];


internalField   nonuniform List<vector> 
1466
(
(2.9381 -0.19732 -1.8043e-16)
(4.6291 -0.10415 -2.83881e-19)
(-3.58179 -0.0572568 4.76343e-16)
(0.121559 9.05627 -4.14274e-17)
(-1.26576 -0.796801 -6.45609e-16)
(-2.0927 0.110678 -9.59173e-16)
(-1.54398 0.478366 1.95348e-16)
(3.7681 -0.350543 1.32573e-16)
(7.23216 0.106803 -8.66928e-19)
(4.55002 -0.162667 1.46216e-16)
(5.73583 -0.236293 -1.9954e-16)
(4.74024 -0.511195 0)
(8.2963 0.061278 0)
(-0.603399 -1.52569 -1.59272e-16)
(-1.19892 0.138379 0)
(4.42123 -0.497287 1.54504e-16)
(3.05961 -1.66454 -8.56427e-17)
(0.0149375 5.06973 -2.69622e-17)
(0.901907 5.43704 -8.52555e-17)
(-0.0360727 7.16589 1.48094e-16)
(0.086012 7.1378 6.61766e-17)
(-2.15623 0.0438168 5.79184e-18)
(0.0143159 6.01429 -5.98521e-17)
(-0.0684431 6.95701 -1.60487e-17)
(8.13467 0.138165 7.76929e-17)
(-0.374603 0.0707811 -2.84736e-16)
(-1.42688 0.581103 -1.32444e-16)
(-0.0887136 7.21957 0)
(-1.89644 0.0381201 0)
(4.6243 2.3097 5.3651e-17)
(5.82805 -0.652469 1.32896e-16)
(-0.494065 -0.0356811 1.74638e-16)
(-1.35183 -1.17263 2.02997e-16)
(-0.0897034 5.95957 1.53085e-16)
(4.01106 -0.215644 9.98877e-17)
(-0.885041 1.34018 2.28824e-16)
(0.0408685 5.32553 0)
(2.76491 -0.744947 -2.59077e-16)
(4.9103 0.169636 -2.8812e-16)
(-0.527017 -0.0772813 -4.33622e-16)
(-2.78487 -0.0578111 -1.32681e-16)
(-2.98062 0.0194073 -3.27199e-16)
(-3.10528 -0.103293 1.78365e-16)
(-2.68937 -0.178116 1.20061e-18)
(0.371834 -0.211026 -4.70174e-18)
(3.21319 0.0528241 0)
(6.00757 0.0892466 7.44679e-18)
(1.13434 -0.201462 0)
(-1.83084 -0.321245 1.33143e-16)
(0.424661 -0.420817 0)
(-1.20033 0.296719 -1.07669e-16)
(4.54 -0.0672607 -3.60548e-16)
(-2.23239 -0.0886742 6.38517e-16)
(-0.589439 -0.309076 6.73107e-16)
(-2.12464 -0.69723 -9.58939e-17)
(6.26471 -0.0479001 1.2989e-16)
(3.34021 -0.0548816 -1.89444e-17)
(5.6543 -0.000247454 0)
(-0.363566 -0.144237 1.22019e-17)
(4.49866 0.0261443 0)
(0.319484 -0.0746019 2.08734e-19)
(-1.92186 0.0859747 -1.00791e-16)
(0.523206 -0.507402 1.85776e-16)
(4.01945 -0.185344 1.4008e-16)
(1.3813 5.60864 -1.86585e-16)
(2.29112 0.770244 2.23714e-16)
(-0.356533 1.90869 0)
(0.135287 4.95679 3.01695e-17)
(7.08659 0.488808 3.05882e-17)
(-2.01639 0.331619 -1.7104e-16)
(1.18717 0.749085 1.22866e-15)
(-0.115087 5.83831 0)
(-0.0163013 5.90411 0)
(8.03404 0.206135 -1.60436e-16)
(0.0431572 -0.407182 3.01044e-16)
(5.66581 -0.0773019 -1.2062e-16)
(-2.00289 -0.0165067 8.92629e-17)
(0.668424 -0.457667 -1.07379e-16)
(-1.05076 -0.152868 0)
(3.63846 0.760779 0)
(4.08677 0.0145927 -1.35561e-16)
(4.65146 -0.382253 -1.88971e-16)
(-2.10559 1.67433 -2.46043e-16)
(0.878304 3.13815 2.78568e-16)
(-0.0966362 5.01061 1.27225e-16)
(0.50182 5.44695 4.76328e-17)
(-0.141873 7.22466 0)
(3.41959 0.252474 1.75213e-18)
(4.69649 0.097294 2.69639e-16)
(-0.194691 0.452247 -3.26823e-16)
(-0.132049 0.0704738 -1.01537e-16)
(-2.08994 0.378329 -2.37074e-16)
(0.234371 6.9957 -4.52789e-17)
(1.89717 -0.988694 -1.97864e-16)
(2.1861 -0.29666 0)
(-2.95808 -0.417177 -3.19361e-16)
(4.42638 -0.123775 3.15577e-16)
(6.04055 -0.0436887 -7.73635e-18)
(6.43372 -0.126965 3.24018e-16)
(-1.76783 -0.409981 8.8691e-17)
(-1.79748 0.252025 5.2885e-16)
(-0.58248 0.017112 0)
(1.39106 -0.068615 4.0625e-16)
(-1.02955 -0.512213 3.46722e-16)
(-3.01077 -0.16461 -1.33585e-16)
(3.997 0.232818 6.27901e-17)
(-2.30671 -0.164406 -2.40846e-17)
(0.418139 -0.380131 0)
(5.05402 -0.425144 1.89561e-16)
(3.03109 0.0300483 6.74943e-17)
(0.166057 -0.0289018 -2.87317e-16)
(4.45088 -0.0968039 3.93242e-17)
(2.11762 -0.43672 -3.27973e-17)
(-3.23576 -0.0111497 -4.11403e-17)
(4.00173 -0.328415 0)
(0.473663 0.0744619 9.32846e-17)
(-2.80393 0.163708 1.51814e-16)
(3.52178 -0.041182 0)
(-2.08848 0.239034 1.34006e-16)
(0.10109 -0.537682 -6.75093e-16)
(-0.192294 8.81941 -3.22936e-17)
(-0.892437 -0.434957 2.68048e-16)
(1.21585 -0.377601 -1.03347e-15)
(-2.40534 -0.272612 0)
(0.677494 -0.187942 -8.57779e-16)
(-1.18529 1.16778 -2.83182e-19)
(6.23677 0.929445 4.94224e-17)
(-0.250846 5.628 -6.55588e-17)
(0.0109915 6.9193 2.48502e-17)
(0.794978 0.457006 1.86013e-16)
(4.76249 -0.0276677 2.20082e-17)
(-2.43156 0.181157 0)
(-0.151411 6.142 4.13536e-17)
(-0.0950607 7.04298 3.35304e-17)
(-0.0670234 -0.0249604 -1.65209e-17)
(-2.35047 0.0752132 0)
(-1.17384 -0.37818 0)
(0.969928 -0.683647 -1.05232e-17)
(-2.65878 0.0611592 -8.3628e-17)
(-0.60132 -0.386155 2.35213e-16)
(-0.704946 -0.347623 0)
(-0.0438806 7.23737 -6.54662e-17)
(-0.0664908 6.21096 -3.01715e-17)
(0.347202 5.06152 -2.39435e-18)
(-1.55097 -0.542562 -2.41002e-16)
(0.840538 6.12679 9.99073e-17)
(-0.49456 -0.0425857 -3.00042e-16)
(0.499064 0.0736347 -4.71536e-16)
(1.45636 0.681393 -7.34559e-17)
(-0.986253 -1.01222 1.21635e-15)
(-0.0300189 0.0484568 1.89287e-16)
(3.30666 -0.117496 -4.97787e-20)
(6.68027 0.795072 -1.35392e-19)
(1.16894 0.412622 0)
(1.50331 0.676845 0)
(-2.10164 0.13401 2.24946e-16)
(-0.144785 7.12245 -1.58436e-17)
(-0.178349 8.11022 -1.42079e-16)
(-0.226666 0.0142028 1.13196e-15)
(5.37015 3.67225 7.21682e-17)
(-0.479127 -3.80947e-06 1.32166e-16)
(5.18065 1.2569 0)
(0.513037 2.92285 8.24245e-17)
(-0.0955826 6.44528 3.4402e-19)
(2.55942 2.5247 0)
(-2.64802 -0.248523 1.5053e-16)
(-0.0125307 6.27817 0)
(-0.201739 4.72177 2.00671e-16)
(-0.0949001 6.20026 -3.21429e-17)
(1.93656 8.71789 6.00252e-17)
(-0.0916418 6.35691 2.17771e-16)
(-0.421723 0.0783813 -1.27105e-16)
(0.779519 -0.231703 5.38e-17)
(6.99702 0.641663 -1.59951e-17)
(3.82031 -0.00685198 -2.4634e-16)
(7.52144 0.13393 -3.10161e-16)
(4.98357 2.87421 1.70843e-16)
(3.48772 1.60831 -7.83558e-17)
(0.0194805 0.00961001 -3.87412e-16)
(0.924704 1.05813 -2.5726e-16)
(8.56291 0.150705 3.77406e-16)
(3.86223 -0.126363 -2.55256e-17)
(-0.0766505 4.56103 -2.00162e-16)
(0.817257 0.171926 3.14679e-16)
(3.66287 0.167561 -4.43727e-17)
(0.153197 5.19804 -3.35059e-18)
(-0.0787778 4.9515 -1.25617e-16)
(1.93736 4.41297 -1.54186e-16)
(6.92084 0.316653 7.57619e-17)
(-1.09559 -0.246773 4.47741e-16)
(-0.0504332 6.47666 -1.46327e-16)
(0.368368 -0.148361 1.74678e-19)
(0.663409 4.17106 7.1295e-18)
(0.691725 5.86261 2.55394e-16)
(5.73797 3.21291 -4.3064e-17)
(0.28791 0.0968069 0)
(-1.5512 0.418397 3.46206e-18)
(3.27471 1.09655 -3.80979e-16)
(1.28946 2.20043 -2.74342e-16)
(1.52005 5.52685 -5.2265e-16)
(0.41719 3.36181 0)
(1.09418 0.533976 0)
(5.20767 2.1146 -2.79452e-21)
(0.234221 2.28264 0)
(1.3373 0.560557 2.13971e-16)
(1.64622 1.75743 -1.95385e-16)
(0.52417 6.5366 -1.15569e-16)
(6.61496 3.54064 0)
(-0.0757354 0.0848122 1.44204e-16)
(-0.0210385 7.07105 2.07565e-19)
(0.538748 5.83118 8.00504e-17)
(-0.0365684 5.03224 -1.19728e-16)
(-0.240929 2.26114 0)
(-0.121113 6.7493 1.60367e-16)
(0.217299 6.94482 -4.08762e-17)
(-0.0800481 6.22805 2.95514e-19)
(-0.00918202 5.21586 3.32284e-18)
(-0.0454652 4.78256 -1.10671e-16)
(3.52571 3.99843 1.53032e-16)
(-0.0317586 6.65453 2.32445e-16)
(-0.271178 5.2536 -1.52384e-16)
(0.506984 0.0179569 -1.30895e-16)
(-0.0506958 6.03588 -2.36665e-16)
(0.545572 0.13375 2.5854e-16)
(-0.0767702 6.08464 1.01397e-16)
(3.47643 3.48805 -1.61046e-16)
(-0.833355 -1.34516 5.22876e-16)
(0.844396 0.611928 -2.96437e-16)
(-0.0234172 0.0713561 -3.12734e-16)
(0.476726 -0.0163607 -3.10787e-20)
(0.686947 0.293725 -6.53593e-16)
(3.92178 0.0711707 2.40652e-16)
(0.902288 4.80921 1.24842e-16)
(0.548825 3.35965 2.17894e-16)
(-0.91607 0.763838 5.83693e-17)
(2.05234 1.29029 -7.71996e-16)
(-0.0415148 6.21125 4.42934e-17)
(0.0158625 4.85866 1.90865e-17)
(0.563767 0.263145 2.61048e-16)
(-0.0498237 6.16688 2.77145e-17)
(0.148108 1.71449 0)
(4.0208 0.703059 5.01715e-17)
(5.56526 3.0336 9.11659e-17)
(2.08978 4.12019 2.35293e-16)
(0.10699 0.194333 0)
(5.5906 1.15223 0)
(-0.46219 -0.0248715 0)
(8.43571 0.325083 0)
(2.78054 0.783508 -1.31332e-16)
(5.83272 3.49335 -8.29605e-17)
(-0.0508088 5.80958 -6.07902e-17)
(1.16921 6.06599 -2.64476e-16)
(6.80811 4.13188 3.23756e-18)
(3.44869 -0.942071 -1.21722e-16)
(-0.505085 0.049961 3.23765e-16)
(0.339698 0.0150847 -2.93248e-16)
(-0.194084 7.27515 0)
(8.77571 3.89565 -1.97613e-16)
(0.0322011 3.56799 -8.22423e-17)
(-0.0788738 2.37169 1.25346e-16)
(0.010593 -0.564836 0)
(-0.195916 6.25411 -2.62731e-17)
(-0.0846946 7.065 -4.26393e-17)
(0.503203 -0.0588929 2.34235e-21)
(4.22517 3.74419 1.15459e-17)
(0.651274 -0.0348983 -3.41271e-16)
(4.00908 -0.0713234 2.5065e-16)
(1.47624 0.745452 -1.29845e-16)
(0.446257 6.40214 -2.0801e-17)
(9.11363 3.52808 -9.42592e-17)
(1.60878 3.90877 -1.386e-16)
(-0.00771677 3.58242 0)
(-0.264578 -0.628391 7.50122e-18)
(-0.0175168 0.103943 -1.85157e-16)
(-0.155232 -0.00879663 -4.16159e-16)
(0.715932 0.185918 4.98348e-16)
(0.21238 0.0918857 -2.70085e-16)
(2.66219 5.19109 -1.36646e-16)
(-0.143457 5.85004 -1.4511e-16)
(1.9025 0.820115 2.00659e-16)
(0.357018 -0.045492 2.35939e-16)
(1.87781 -1.09228 2.71764e-17)
(2.4287 3.64642 0)
(5.04275 0.494344 -4.49685e-17)
(0.208165 -1.62532 5.20711e-16)
(0.486594 -0.492238 -1.90009e-16)
(2.51057 1.227 0)
(2.58421 1.20674 -3.61143e-16)
(-0.385282 -0.08552 0)
(7.70946 3.99217 -3.10995e-16)
(7.45409 1.14249 1.59797e-16)
(2.29001 -0.143037 -2.32471e-18)
(8.48994 0.11701 -3.9604e-16)
(-0.4776 -0.0836108 0)
(3.7948 5.69118 1.18768e-16)
(0.960631 2.33611 -4.17163e-16)
(0.00893339 3.38238 1.48014e-16)
(0.339648 -0.83441 4.65166e-17)
(2.42984 1.18283 8.89491e-17)
(0.320585 -0.0398703 -2.87373e-16)
(-0.0137093 -1.57628 0)
(-0.797916 -0.042116 2.04915e-16)
(-0.455967 -0.224616 0)
(8.64764 0.383915 -2.39173e-16)
(-0.0316173 7.95769 0)
(1.10092 0.486809 1.284e-16)
(0.0304126 -1.18027 1.50167e-16)
(0.671444 -1.84379 -2.41975e-17)
(3.17476 8.25823 -2.98107e-17)
(-0.279196 7.14702 7.66144e-17)
(6.84831 1.83753 1.74076e-16)
(-0.380295 4.26577 0)
(0.0109998 6.29145 -4.83406e-20)
(2.97323 0.329633 -1.59244e-16)
(3.70632 1.8053 -2.11752e-16)
(4.72085 2.79958 -3.17973e-16)
(-0.0939277 0.0216098 0)
(5.19519 3.46181 2.38322e-16)
(0.161879 -0.949903 0)
(-0.637894 0.176409 3.4037e-16)
(0.0240017 -1.31234 0)
(-0.0221595 3.54606 -1.55454e-16)
(0.0681595 1.91071 -7.84505e-17)
(0.21191 -0.0223548 3.68929e-16)
(-0.191772 8.36369 -2.23012e-17)
(7.69387 5.1536 -9.70457e-17)
(0.558684 -0.404201 -9.63977e-17)
(4.75901 3.65653 -2.38763e-16)
(-0.0647422 -0.0435442 -3.03359e-16)
(2.99103 0.122363 1.90807e-16)
(0.0234952 5.58079 1.07962e-16)
(7.75631 4.57076 5.90259e-16)
(-1.98487 -0.699346 -3.78465e-16)
(3.50297 7.05143 2.56646e-17)
(2.34121 2.64683 -1.78297e-16)
(7.01735 1.72867 7.35813e-17)
(2.40079 1.39973 -4.66753e-16)
(0.602387 0.161199 4.55328e-16)
(0.999866 -0.882697 -2.53121e-16)
(-1.396 -0.838267 -1.79354e-16)
(1.11612 -0.26491 7.31561e-19)
(6.36628 3.09652 7.72714e-17)
(2.03166 -1.79699 4.12612e-17)
(3.17059 3.19926 -3.73314e-17)
(1.5258 8.68726 -6.537e-17)
(-0.674968 -0.142612 -1.01173e-16)
(5.28968 0.395293 -2.1152e-17)
(3.83519 5.9811 -8.77088e-17)
(6.60915 0.190973 2.8178e-17)
(2.77514 2.21311 1.94512e-16)
(6.1698 4.48583 -2.09423e-18)
(8.42852 2.70647 -5.58688e-17)
(-0.0525842 10.2802 -6.87681e-17)
(0.847923 0.894281 1.41918e-17)
(-0.747182 -0.915599 0)
(0.976402 1.57936 2.51319e-16)
(-0.211512 4.09269 -2.25003e-16)
(3.47116 0.442399 6.32652e-18)
(9.37211 2.4654 0)
(3.47255 7.26155 2.66374e-17)
(-0.321154 -0.323396 0)
(1.35142 2.85528 1.1803e-16)
(1.91406 4.86366 1.21469e-16)
(-0.112381 2.4737 0)
(-0.0910189 -0.521064 -3.35895e-16)
(-0.0442942 1.9548 3.67944e-19)
(6.9421 2.8915 6.1803e-17)
(7.12492 2.46149 5.34928e-17)
(-1.00513 -1.99572 1.82944e-16)
(2.76599 6.76822 4.38749e-18)
(2.98341 8.75002 0)
(0.782142 2.39478 1.24756e-16)
(1.35181 2.8667 -3.62981e-17)
(2.97386 8.26842 -3.55421e-18)
(7.0095e-05 -1.43256 6.144e-16)
(-0.0716286 4.11828 4.60384e-17)
(2.89663 -0.537407 -2.87112e-17)
(1.20906 5.24557 8.08911e-17)
(1.15359 -1.07047 6.05129e-16)
(3.97294 4.53238 -9.64361e-17)
(0.10018 1.32912 1.16416e-16)
(0.314294 1.31891 -3.89301e-16)
(0.0959484 1.887 -2.20859e-16)
(0.0600092 2.33682 3.08741e-16)
(0.132063 1.98611 0)
(0.220584 1.71216 1.8351e-16)
(1.37238 -2.31868 -2.00271e-17)
(0.718789 -2.64742 -2.01796e-16)
(0.358707 -2.11684 1.75232e-16)
(0.219011 -1.31246 -4.819e-17)
(0.0507871 -0.571237 2.52004e-17)
(0.317034 0.649948 6.51629e-17)
(-0.295797 1.30041 -6.6863e-17)
(0.0616402 0.462182 -7.83111e-17)
(-0.531921 -0.292124 3.8294e-19)
(-0.276257 -0.78241 1.44286e-16)
(0.207945 -0.594705 -6.45395e-17)
(1.20513 6.93074 -3.28048e-17)
(-0.415618 -0.171695 7.76349e-17)
(-0.466354 -0.780707 0)
(0.184212 -0.0631959 -2.32888e-16)
(0.444293 0.000388947 2.64374e-16)
(1.46095 8.74131 0)
(-0.983776 0.0022122 2.79986e-16)
(1.07815 9.61208 -2.20014e-17)
(-0.0730027 -0.147188 6.09273e-19)
(1.51568 7.54055 -3.51337e-16)
(-0.26697 0.494123 -1.31464e-16)
(2.23467 -0.367108 0)
(1.48397 -0.0989653 1.1786e-16)
(-0.0282866 0.386506 -1.59146e-16)
(1.25537 6.64933 -1.57429e-16)
(0.992066 3.37877 2.82176e-16)
(0.71838 -0.153678 6.68763e-16)
(2.69622 1.39233 -1.27226e-16)
(-0.764213 -1.24365 0)
(-1.62541 -0.56313 0)
(0.893513 0.906927 1.46553e-16)
(0.187848 0.172922 0)
(0.869149 0.0183618 0)
(0.191756 0.154381 -1.99192e-16)
(-0.557416 0.0819603 4.37248e-16)
(0.56997 0.0528811 0)
(0.953769 4.39614 1.15368e-16)
(-0.299195 0.161973 1.3479e-16)
(1.57337 -0.630814 -1.66645e-19)
(-0.313566 0.561509 4.81264e-16)
(2.02649 0.414067 2.84964e-17)
(-0.740853 0.343428 -7.15704e-16)
(1.35845 -0.615406 3.59506e-16)
(0.592257 -0.0960334 0)
(-0.27142 -0.518264 -2.58182e-19)
(-0.39855 -1.02842 6.18762e-16)
(-1.67779 10.0465 2.07028e-17)
(2.09934 -0.0263261 -5.34154e-16)
(-0.114444 -0.978479 -4.45941e-16)
(-0.168009 -0.434434 8.95324e-17)
(0.102583 -0.861797 -8.42893e-17)
(0.1285 -1.61497 3.32261e-16)
(-0.000291937 -0.138688 -3.99911e-16)
(-0.158195 -0.08737 5.39176e-17)
(0.28209 -0.443654 -1.14433e-16)
(0.839431 -0.276098 2.97073e-16)
(-0.738066 -0.23824 0)
(1.29377 -0.0228974 -3.21837e-16)
(0.795227 -0.333915 1.66573e-16)
(8.4045 0.0722626 8.45455e-17)
(2.12288 -0.0888539 0)
(0.943512 -0.564644 -1.00993e-16)
(1.59606 -0.425 1.76013e-16)
(2.48522 -0.134079 8.48845e-21)
(1.63923 -0.799754 -1.2493e-16)
(-0.0317933 -0.659232 -5.44198e-17)
(8.67983 0.122823 3.82998e-17)
(-0.0859319 -0.291429 -2.85135e-18)
(-0.0919233 -0.475875 6.81711e-18)
(0.655442 1.52162 0)
(-1.09459 2.2447 0)
(-0.0936556 -0.595483 0)
(1.41887 -0.0795149 2.83326e-16)
(-0.375131 -1.99412 -4.88716e-16)
(-0.171756 -0.658973 -2.99861e-17)
(-0.390502 1.93886 -1.90697e-16)
(-0.297764 2.95262 5.55775e-16)
(0.992537 -0.996603 2.37116e-16)
(0.61469 -0.976803 -1.5726e-16)
(0.177731 1.35619 -1.43603e-16)
(-0.106777 -0.642419 -4.5425e-17)
(0.164791 -0.442914 -9.47666e-17)
(0.334846 1.20553 7.68895e-17)
(0.0398472 -0.577742 1.8988e-16)
(0.453602 1.79202 -2.15175e-18)
(-0.510981 -1.35657 -6.56151e-16)
(0.612421 0.567464 7.65277e-19)
(1.02793 -0.0841552 1.63177e-16)
(-0.208869 -1.00868 1.13234e-18)
(1.31683 -0.295465 -2.32452e-16)
(0.381603 2.81498 0)
(0.502628 2.43526 0)
(1.27328 1.19862 -1.00276e-17)
(2.48018 7.40371 -9.74991e-17)
(0.14988 5.50817 1.9458e-16)
(0.249602 8.29937 -1.35434e-16)
(0.430473 2.83002 8.66345e-17)
(0.839677 1.62743 -3.42322e-17)
(6.73076 4.6734 -1.90919e-16)
(-0.14423 -1.25349 -1.66035e-16)
(1.31083 -0.198883 2.35258e-16)
(0.595878 2.46662 -1.18097e-16)
(1.55335 5.10746 1.12805e-16)
(0.813793 1.15018 1.47402e-16)
(-0.0894749 7.27299 4.13487e-17)
(1.46424 -1.95301 -1.8598e-16)
(0.0675075 1.39492 1.38624e-16)
(0.496494 2.1993 0)
(0.142722 1.42464 3.27332e-17)
(0.0428278 3.36726 0)
(0.0629301 2.12634 7.19241e-18)
(4.43438 2.68973 0)
(-0.254805 2.10433 6.77427e-17)
(0.0106888 2.74846 0)
(-0.115907 3.69153 0)
(-0.406453 3.0531 -1.87364e-18)
(-0.101927 -1.28743 2.77374e-16)
(0.233952 1.23692 -2.79678e-16)
(-0.093934 3.45288 0)
(2.26308 7.90659 0)
(1.93197 -0.0619106 2.35714e-16)
(0.697657 -1.19024 1.20111e-16)
(0.13023 2.44465 0)
(1.69321 -0.0475025 2.98256e-16)
(0.755864 2.09723 -1.59667e-17)
(0.027456 2.34929 5.67684e-17)
(-0.682117 9.00759 -7.21639e-17)
(0.088127 3.3842 -9.67673e-17)
(-0.216565 2.40384 -1.04288e-16)
(-0.038239 -0.182558 -3.31884e-17)
(8.74055 0.125746 -3.56095e-16)
(8.006 0.222374 9.00134e-18)
(2.53696 -1.05143 5.61843e-16)
(-0.0295204 2.89785 -5.44844e-18)
(0.462724 -0.258484 3.73372e-16)
(0.048766 4.42334 6.64471e-18)
(5.67749 4.75098 0)
(0.583386 2.50806 0)
(0.274551 0.557719 5.09059e-17)
(0.283156 -0.0835364 0)
(0.223707 -0.939963 -4.64505e-16)
(0.0953667 0.589454 -6.78679e-17)
(0.312813 3.22212 -1.12541e-16)
(0.539199 -0.639636 2.1518e-16)
(-1.19165 10.0251 -2.40121e-17)
(0.281922 0.822827 -2.78075e-16)
(0.0383661 1.34465 0)
(0.0229034 2.21124 0)
(0.127998 -0.137955 -6.65044e-17)
(5.16344 6.07429 0)
(2.2936 6.51695 0)
(-0.158423 -0.251384 0)
(0.297346 7.9929 -1.42881e-16)
(6.66096 5.39009 7.71986e-17)
(-0.615446 -1.09224 -2.69092e-16)
(0.306081 1.41465 -2.63707e-16)
(-0.243956 1.39566 1.86216e-16)
(-0.0359551 0.537812 8.35549e-17)
(4.41981 7.04302 -3.50057e-17)
(-0.0704098 0.457673 2.48342e-18)
(6.46745 6.10564 -4.09516e-17)
(-0.261718 6.50515 -4.79613e-17)
(1.28189 -0.005503 1.31094e-16)
(2.25669 -1.32835 2.20416e-16)
(0.153597 -1.28741 9.13464e-17)
(1.26271 0.090644 -5.10585e-17)
(0.0202438 2.1773 -1.09164e-17)
(-0.802827 9.49133 2.93197e-17)
(0.198747 2.96634 1.72288e-16)
(0.18737 2.57258 -9.29382e-20)
(-0.265489 1.26533 2.87348e-17)
(2.00945 -0.274187 1.41086e-16)
(7.34246 5.73167 -1.73533e-16)
(0.189249 3.58056 1.3822e-17)
(-0.314052 -0.481711 2.18348e-16)
(0.742098 -0.046365 3.02183e-16)
(4.29213 4.65973 2.88143e-17)
(8.09109 0.307747 -3.11339e-16)
(-0.392955 0.471382 6.95143e-17)
(0.0107391 1.36226 8.39177e-18)
(-0.0528144 4.77051 -1.27357e-17)
(2.55585 4.83274 6.24545e-17)
(-0.155863 4.97778 9.39231e-17)
(-0.197273 8.39729 2.04185e-17)
(-0.0931901 5.08155 0)
(0.751879 0.396536 0)
(3.75741 1.94025 5.09906e-16)
(0.948953 1.50236 -6.8521e-18)
(-0.551133 8.92452 5.26806e-17)
(8.57747 3.51285 -4.28506e-17)
(-0.0957678 3.9557 2.47411e-17)
(0.0690489 2.28959 -1.42852e-17)
(4.85485 -0.679992 2.79496e-16)
(1.11805 1.69266 -5.8078e-17)
(-0.145648 5.17323 -4.3914e-17)
(-0.00435551 3.15558 1.01699e-16)
(0.0585028 3.2389 -1.58403e-16)
(-0.12951 1.47062 2.1277e-16)
(0.82017 2.04061 6.60548e-17)
(-0.274618 9.0575 6.05365e-20)
(8.8574 1.81179 1.16475e-17)
(0.260121 1.63502 -1.97617e-16)
(-0.401772 0.415353 -1.10798e-16)
(-0.0828875 7.43718 -8.24959e-17)
(5.41482 6.80991 0)
(-1.17799 -1.39339 0)
(-0.0361931 3.04589 -1.0588e-16)
(0.185175 6.34772 1.93431e-19)
(-0.0819829 6.32204 3.39325e-17)
(1.53176 5.28936 7.91733e-17)
(-0.534069 10.4768 5.36885e-18)
(1.44764 1.31849 2.49548e-18)
(-0.352538 8.63091 1.68925e-17)
(4.19181 2.29605 0)
(8.39752 4.62226 -5.25601e-18)
(8.17049 4.2723 -8.44328e-17)
(3.64086 8.0043 3.32293e-18)
(0.803257 3.60554 -7.5758e-17)
(-0.996862 -1.06347 -1.95275e-16)
(1.72937 -0.0271016 -2.1598e-16)
(0.82949 -0.137551 -1.43105e-16)
(-0.790326 -0.940061 -1.08997e-16)
(-0.0759521 3.25724 0)
(0.479274 1.40115 7.63693e-18)
(0.204267 6.49091 0)
(6.23861 6.22337 0)
(5.71363 5.17892 4.41682e-17)
(0.27412 6.82771 0)
(5.66505 3.86927 1.1374e-16)
(4.01114 2.06498 -1.38103e-16)
(5.45048 5.74329 5.1203e-17)
(7.16719 1.31379 0)
(-0.433645 9.23845 -7.3221e-18)
(4.25701 7.54521 1.20748e-17)
(0.3782 -1.05198 3.55997e-16)
(1.0404 -0.0579019 -1.55711e-16)
(7.18657 5.33646 2.40336e-16)
(6.96626 0.0924903 -5.94814e-18)
(-0.050184 2.96537 1.10158e-16)
(-0.359429 7.03909 1.08449e-16)
(-1.08189 -1.39451 1.13816e-16)
(-0.645731 -1.21379 -1.94085e-16)
(-0.0434777 4.33104 0)
(1.24043 0.721185 -5.18002e-17)
(7.46894 3.43825 1.12577e-16)
(7.20924 1.64397 -1.16273e-16)
(7.50533 4.64419 6.81765e-17)
(-0.103602 3.85189 -5.29565e-17)
(8.89165 2.82824 6.07825e-17)
(-0.572352 9.279 -9.09163e-19)
(-0.305686 8.8728 -2.29367e-17)
(2.73294 1.08261 4.10488e-16)
(0.00559183 8.79643 4.04399e-17)
(-0.269745 6.77723 4.85314e-17)
(0.402784 8.66839 3.10379e-17)
(0.101721 10.5846 5.70408e-18)
(0.613591 0.137765 2.23742e-16)
(-0.21225 4.92242 -8.89781e-17)
(8.05757 5.09437 -1.01593e-16)
(-0.647913 -1.61646 1.1343e-16)
(-0.114851 4.55246 0)
(-0.0911471 10.6992 2.55109e-18)
(4.90822 6.73981 -2.53582e-17)
(-0.104041 3.82433 -4.95059e-17)
(8.52181 0.362888 4.35119e-16)
(3.91745 0.301941 2.42774e-19)
(-0.0551876 -1.31575 2.67284e-16)
(0.177052 0.465147 2.35222e-16)
(-0.189814 4.44773 1.73406e-16)
(0.790982 -1.21298 1.62636e-16)
(-0.136625 6.75609 1.224e-16)
(-0.0567938 -0.0540896 3.84736e-16)
(9.24693 1.14974 7.23496e-17)
(0.197625 4.12268 -8.18515e-17)
(4.37 -0.00449157 5.26357e-18)
(0.165438 -0.923501 4.54934e-16)
(8.50122 4.08994 0)
(0.72344 0.644963 0)
(0.41871 0.251218 1.74191e-16)
(-0.524052 3.67188 1.13007e-18)
(1.85715 0.6724 0)
(2.61773 -0.319257 0)
(1.38463 -1.16817 0)
(0.590549 -1.18128 -4.65029e-17)
(0.507892 0.135064 5.95093e-17)
(2.35022 -1.4005 0)
(0.823717 0.294155 9.36352e-16)
(-0.649771 -0.892438 -9.54861e-16)
(-0.162959 -1.98312 1.39999e-16)
(-0.264005 0.0472524 -2.95799e-16)
(-0.510527 -0.167799 2.63689e-17)
(2.798 0.0178834 1.06805e-16)
(7.92628 2.98883 2.80959e-16)
(0.0283868 8.59452 3.99845e-18)
(-0.504923 -2.16762 -1.93137e-17)
(-0.498382 0.00493821 9.16633e-16)
(-0.0333339 -0.558243 0)
(-0.236464 0.0970514 -4.03893e-16)
(0.398863 -0.0231409 2.96819e-16)
(0.470765 0.183971 0)
(-0.656878 0.0463986 2.22775e-16)
(1.74504 0.860483 1.06616e-17)
(-0.556185 0.04025 0)
(0.0636423 0.350026 1.22823e-16)
(8.00405 2.41216 -4.10922e-17)
(8.43675 3.58369 -1.88652e-16)
(1.90518 9.14144 -1.24575e-16)
(-0.0334055 0.1193 3.89987e-16)
(-0.712586 0.0454758 -7.71858e-16)
(1.65555 9.73389 -7.24837e-17)
(1.52654 -1.53873 -1.04306e-16)
(0.707789 0.186637 -5.93116e-18)
(0.204704 3.03668 8.67851e-17)
(-0.262787 6.27474 1.34449e-16)
(0.233818 0.145879 0)
(-0.605469 0.0426759 2.06371e-16)
(-0.0604842 -0.0411435 0)
(-0.0682443 2.74119 0)
(-0.216734 2.33923 1.21059e-16)
(1.16365 0.304476 -1.84748e-16)
(0.0264881 -0.766163 9.89543e-17)
(-0.767937 0.0398822 3.72958e-16)
(-0.0847542 2.15299 -1.05101e-16)
(0.153088 1.37413 0)
(0.165386 4.25521 8.87339e-19)
(2.11461 -0.549809 3.20118e-16)
(-0.181251 10.3815 2.10813e-17)
(-0.267911 6.98096 4.98038e-17)
(0.0157348 8.48228 1.24481e-16)
(4.20776 1.29908 -5.34899e-17)
(-0.162868 3.48214 -1.19848e-19)
(-0.252598 -1.26937 -1.67032e-16)
(1.57719 0.588701 -1.24618e-16)
(6.34952 -0.0880371 6.46971e-17)
(3.30519 -0.42363 -1.8374e-16)
(-0.532045 0.0922429 0)
(0.134213 3.2524 0)
(-0.243591 6.97134 0)
(-0.207155 5.98945 2.55783e-16)
(0.014648 8.70477 -2.36071e-17)
(0.503303 0.409194 0)
(0.32721 -0.554403 0)
(-0.820424 -0.0881936 6.01164e-17)
(0.965866 -1.66126 8.77191e-17)
(0.216183 4.5873 1.76698e-16)
(-0.102231 -1.40561 3.77817e-16)
(-1.23319 -1.21207 0)
(0.9233 -0.471379 -5.13826e-17)
(3.06634 1.90141 7.13821e-16)
(-0.0883875 6.54539 -4.4657e-21)
(-0.341618 8.8507 0)
(-0.688386 1.08726 -2.40971e-16)
(-0.126988 6.22047 4.44617e-17)
(-0.0317072 4.85096 8.31107e-17)
(1.62515 -0.00559418 1.21397e-16)
(-0.15156 4.26133 0)
(-2.58196 0.329193 1.38682e-16)
(1.97087 -0.436508 5.18931e-16)
(-0.0785621 0.376325 3.2514e-16)
(1.43216 0.169135 0)
(0.034422 -0.796437 2.98421e-17)
(-0.0898104 1.41091 -1.26378e-16)
(5.86739 1.03599 -1.05643e-17)
(0.0288035 8.61377 -1.30229e-17)
(4.59143 -0.928936 -3.42027e-16)
(-0.397658 0.0500265 1.3185e-19)
(0.349958 0.566573 1.58308e-16)
(-0.167024 5.60951 2.51229e-16)
(2.27972 0.353327 -1.21082e-16)
(1.12866 5.70484 1.30359e-16)
(-0.0156214 8.87499 0)
(8.30451 0.886013 -1.28121e-16)
(0.154606 2.52404 -9.39508e-17)
(-0.0794013 5.0237 6.33348e-17)
(0.415262 -0.541806 2.03402e-16)
(0.992043 0.237713 -5.9465e-20)
(3.28735 1.27359 -4.4656e-17)
(0.466709 3.66903 -5.47204e-17)
(5.41825 2.61816 0)
(-0.0937035 7.07516 -2.1464e-17)
(2.5878 2.92475 0)
(1.08129 -0.960559 0)
(-0.061331 5.05286 2.02297e-16)
(1.81163 -0.0241534 -8.11993e-17)
(0.196452 0.246129 -1.46787e-20)
(1.28485 -0.420371 2.56816e-16)
(-0.550005 -0.222032 1.79979e-16)
(-1.01119 0.363275 4.62016e-19)
(-0.0949434 4.93621 -3.30402e-16)
(3.98408 1.8486 3.06569e-17)
(-0.39106 0.0704195 4.15016e-16)
(0.531337 0.907288 4.07461e-19)
(1.26715 6.24258 1.7416e-16)
(0.29347 -0.138705 0)
(-0.566754 -0.673194 3.6391e-17)
(-0.0664414 7.14691 2.81015e-17)
(1.61164 -0.214415 -2.34611e-17)
(-0.157696 -0.685423 -7.83241e-17)
(-0.5115 -1.73987 -2.27207e-16)
(0.259157 0.0829878 3.71908e-16)
(0.0618469 4.21589 0)
(-0.204757 3.15085 5.92343e-17)
(2.23074 8.03317 -1.49372e-16)
(0.398441 0.79405 1.35626e-16)
(0.61228 0.101973 -4.5501e-16)
(-0.0834431 5.09645 0)
(0.168615 -0.444618 -5.01446e-16)
(2.76483 -0.0955694 -1.07203e-17)
(8.12814 1.44821 -6.44473e-17)
(-0.479072 8.00219 8.37234e-17)
(5.6843 -0.0994053 9.14769e-18)
(-1.39166 -0.15624 -2.27871e-16)
(1.16191 0.235236 -6.34655e-17)
(-0.618585 -1.26856 -2.69217e-16)
(-0.309092 -0.859167 -1.78868e-16)
(-0.193209 6.33218 8.69479e-17)
(-0.706717 -2.00933 -2.55596e-16)
(5.75264 2.58981 2.11928e-16)
(0.740976 -0.0842475 -3.86896e-16)
(-0.0866179 -0.664258 1.94997e-16)
(8.28591 0.483108 8.5927e-17)
(-1.63759 0.23254 3.5759e-19)
(0.0201283 8.88129 8.30193e-17)
(-0.0452514 6.68301 4.91432e-17)
(-0.221844 8.31944 -6.04483e-17)
(-0.210031 5.48728 4.0316e-18)
(-0.00102289 6.96283 1.00266e-16)
(1.23685 0.389343 -9.7723e-20)
(-2.23478 -1.15645 1.90121e-16)
(1.01067 -0.218646 -8.56582e-17)
(-0.0887935 7.12045 0)
(-0.15873 -0.00230186 -1.97954e-16)
(-0.503953 8.89389 -5.12735e-17)
(4.35691 0.585181 -7.39938e-17)
(-0.145057 3.96701 2.42601e-19)
(-0.476078 0.398474 -3.09255e-16)
(2.56703 1.06868 -1.04555e-16)
(1.61424 -0.574821 1.63703e-16)
(0.0120794 0.0600315 1.68993e-16)
(-0.0556184 3.31695 0)
(8.59554 1.40317 0)
(8.00931 1.02912 4.72369e-17)
(-0.119917 5.48084 0)
(3.24111 0.805059 0)
(1.99721 0.70855 -2.24725e-16)
(-0.0119524 0.499101 0)
(1.48721 -0.32942 1.04575e-16)
(3.30965 0.0823207 1.59972e-16)
(0.00325087 0.694571 6.58003e-19)
(-0.903707 0.643036 -1.0998e-16)
(-0.492541 0.0515768 -4.20095e-16)
(-0.0216185 -0.275053 -1.55303e-19)
(-0.199715 -0.0956953 0)
(-0.256401 0.53123 -7.25415e-17)
(-0.17905 5.25467 9.14324e-17)
(0.0855422 3.88809 2.68623e-17)
(2.48009 -0.236146 -6.7126e-19)
(0.701234 -1.16551 0)
(2.0122 8.4508 2.81183e-18)
(1.63488 0.137216 -1.62911e-16)
(-0.188597 6.64726 1.59122e-16)
(4.29174 -0.0522254 0)
(-0.727677 -1.1405 -6.82782e-16)
(2.96699 -1.06042 1.83343e-16)
(5.36983 0.288334 4.33228e-17)
(0.135198 9.22497 -5.35112e-17)
(0.628722 1.35055 0)
(-0.305528 -0.271979 1.46622e-16)
(1.15724 0.107809 6.62931e-16)
(2.57684 0.364771 -9.85195e-19)
(3.94425 0.101601 4.67898e-16)
(3.03509 0.0589571 6.4002e-17)
(-0.472891 10.2442 -1.05757e-16)
(0.579725 2.89275 -3.37164e-16)
(-0.132887 5.48838 -3.2189e-16)
(8.55638 0.226278 6.37032e-19)
(1.00451 -0.218613 -6.30632e-16)
(-0.253537 -0.0617545 -1.3077e-17)
(0.997734 -0.222123 2.02963e-16)
(0.053381 9.18364 5.77933e-17)
(-0.472493 7.07491 -2.04559e-16)
(2.92071 -0.0579093 2.4783e-16)
(0.348225 1.929 6.50074e-17)
(-0.341918 0.44045 -8.2459e-17)
(-0.65477 0.0590953 5.43234e-16)
(-1.0161 -1.03496 -1.01613e-16)
(-0.129858 0.0500829 -7.01262e-17)
(0.510895 2.03615 -1.26881e-16)
(0.832758 0.0313694 4.84085e-19)
(-0.0117337 4.18925 0)
(0.0855198 6.11013 0)
(0.0543558 6.02279 0)
(0.0737024 6.09847 -4.07704e-17)
(-0.133857 5.89955 2.47344e-17)
(0.0084579 5.86389 0)
(-0.13749 6.2446 0)
(-0.0604814 5.81138 0)
(0.0903499 7.03192 -8.73146e-17)
(0.0640176 5.99227 0)
(0.166349 5.75514 0)
(0.14412 6.75777 8.80399e-17)
(0.0170848 7.06266 0)
(-0.0401764 7.01187 -4.04775e-17)
(0.177816 6.43324 2.1329e-17)
(-0.0345237 6.02789 0)
(0.301456 5.25444 -1.07696e-16)
(0.204178 5.68415 -4.08208e-17)
(0.205625 6.07364 2.48489e-17)
(0.449064 4.48358 1.20362e-16)
(0.547218 3.5074 3.67262e-17)
(0.643518 1.73366 1.9853e-17)
(0.599954 2.58717 -2.16701e-17)
(-0.0572486 6.959 4.22131e-17)
(-0.0553498 6.94493 0)
(-0.042914 6.93322 0)
(0.0259438 6.05109 4.06344e-17)
(4.46172 -0.0812568 4.61312e-17)
(8.26876 0.0230346 -2.5233e-18)
(-0.846116 -0.022602 -3.15968e-16)
(-0.478791 -1.59112 -9.42028e-17)
(0.959057 0.744545 -1.94455e-16)
(-1.38496 0.57248 -2.14405e-16)
(1.70359 -0.951651 2.90432e-16)
(-0.205062 -1.22855 2.62762e-16)
(-1.62556 0.000717772 0)
(-0.311059 6.62075 -1.58202e-16)
(0.174388 5.77904 -7.24922e-17)
(-0.220749 5.77035 -4.71972e-17)
(-1.31016 0.279386 -4.48044e-16)
(1.20803 0.186816 0)
(8.62993 2.15451 -1.09887e-17)
(0.392156 -0.615237 -1.60667e-16)
(1.27609 -0.507477 1.80058e-16)
(-1.18819 -1.15617 8.66173e-17)
(1.41396 -0.0544088 8.80576e-16)
(0.0511376 8.1705 1.09711e-16)
(3.05321 -0.0846702 0)
(2.2306 9.57322 3.34131e-16)
(-0.135864 5.39369 0)
(-1.85504 -0.240517 0)
(-0.0444987 6.94277 0)
(-1.9343 -0.312155 6.94293e-17)
(0.907856 -0.319188 1.81104e-16)
(8.76105 0.90496 -2.80627e-16)
(-0.85508 0.0365829 -2.16987e-16)
(8.67211 0.563556 -8.44826e-17)
(0.0912265 1.58926 0)
(1.6709 0.0925638 0)
(-1.59197 -0.945687 -1.19124e-16)
(-0.209169 7.46694 1.79953e-16)
(-1.15031 1.16969 0)
(1.80647 -0.590613 -2.75763e-16)
(-0.0332197 0.264186 0)
(-1.71739 -1.33392 0)
(0.0103795 0.147678 3.89254e-17)
(4.41282 0.26702 5.919e-19)
(-0.226694 7.26214 -4.26172e-17)
(-1.59662 0.181928 -3.41527e-16)
(0.594311 -0.599722 2.74195e-16)
(2.63747 0.141037 -1.5884e-16)
(-0.0394286 5.1631 0)
(6.70537 0.149154 3.46994e-17)
(8.27379 1.87214 0)
(2.09628 0.87165 -3.6834e-16)
(1.48497 0.33092 -2.95601e-16)
(3.11564 1.00886 -3.3884e-16)
(0.790519 0.311059 -2.04754e-16)
(2.77382 1.12462 -1.75959e-16)
(0.951491 -1.32603 -5.91656e-16)
(-0.262027 -0.170262 -1.43766e-17)
(1.69662 -0.164085 6.01688e-17)
(3.00152 -0.0991199 -1.36264e-17)
(4.24875 0.254582 1.64701e-17)
(-0.221873 5.8008 9.66842e-17)
(4.60953 2.40379 2.91265e-16)
(-0.0493162 6.70063 2.12789e-17)
(1.78221 0.0965069 6.10622e-19)
(0.0374962 4.85555 -7.09295e-20)
(-0.488117 1.85548 -1.5593e-18)
(0.661558 0.260555 2.88848e-16)
(3.15588 -0.328092 2.41844e-16)
(0.771189 0.422408 1.69508e-16)
(-1.12055 -0.98231 -4.30534e-16)
(-2.15297 0.0474058 2.35698e-16)
(-0.0458936 4.7055 3.5015e-16)
(-1.87232 -0.0871528 0)
(-0.0416409 4.90546 -2.08969e-16)
(3.53514 -0.0926891 -4.58559e-16)
(4.34209 -0.128282 -2.95885e-17)
(1.06527 0.145678 -6.01226e-16)
(-0.114478 8.49728 5.19615e-17)
(2.62532 0.245382 -1.02256e-16)
(-0.210057 -0.0197206 -6.65838e-16)
(2.48863 -0.778391 1.14621e-16)
(0.0280441 5.21474 5.16344e-17)
(-0.355789 2.39224 -2.93127e-16)
(-0.154722 4.8316 -2.54823e-17)
(8.34396 0.116492 -4.12629e-17)
(-0.0543555 6.8056 2.02946e-17)
(-0.195541 5.4365 3.76163e-17)
(4.01775 -0.154977 9.97481e-17)
(-0.554946 0.890988 3.14475e-16)
(0.127519 3.98486 -2.14477e-16)
(-0.595101 -0.0120196 3.61174e-16)
(0.601673 -0.839682 3.0061e-17)
(-0.778343 -0.459099 0)
(2.34762 8.90755 -9.82798e-17)
(-0.12108 3.96182 -7.78265e-17)
(0.498987 2.654 1.51267e-16)
(3.30775 1.30132 -4.71724e-16)
(-0.631668 -0.836935 2.69147e-16)
(-2.28147 -0.188562 1.83086e-18)
(-1.69566 0.606875 -6.3798e-17)
(0.0629612 0.684475 -3.74776e-19)
(2.03035 -0.090429 7.23475e-17)
(0.182407 -1.01528 2.19247e-16)
(8.3131 0.670441 -1.2096e-17)
(0.353944 -0.372861 -2.07336e-16)
(-1.1531 0.255272 3.96549e-16)
(0.931914 -0.638743 1.49066e-16)
(1.05379 0.0327412 3.09943e-16)
(-1.3219 -0.640214 6.48448e-17)
(7.90023 0.0450054 -1.61666e-16)
(0.248049 1.87562 2.63075e-16)
(-0.539642 -0.584886 6.28502e-16)
(-0.506369 -0.200977 4.8143e-16)
(-0.848344 -0.0131629 2.38064e-16)
(0.311963 4.91897 -5.21829e-18)
(0.587022 0.559652 -3.71089e-16)
(-1.51537 -0.3508 -1.4041e-16)
(0.544304 -0.0607103 1.00542e-16)
(5.00638 -0.153054 -3.21218e-16)
(-0.44551 7.47842 -1.43858e-16)
(0.0931104 5.1308 2.91218e-17)
(-1.12786 -0.449034 5.51592e-16)
(-1.15599 0.0220013 -3.19939e-16)
(1.56418 3.05962 0)
(-0.214814 8.3736 -1.01803e-16)
(-0.0660415 5.35361 -2.91946e-17)
(0.0282462 6.04834 1.87875e-17)
(0.243723 5.95626 -4.04686e-17)
(-0.0379813 6.97112 -6.36258e-17)
(1.25926 -0.478666 2.07362e-16)
(-0.694387 -0.0301501 -3.79654e-17)
(0.388526 6.764 1.14143e-16)
(1.82187 0.118422 0)
(-0.351455 0.0827737 -2.16763e-17)
(1.6844 0.797962 4.29343e-17)
(-1.92678 -0.517116 0)
(2.2829 0.42545 -4.17242e-16)
(-0.0453324 -0.199847 0)
(1.58486 -0.600142 -1.84953e-19)
(8.5481 0.272791 1.71211e-16)
(2.46934 0.328609 2.94515e-16)
(2.05237 0.0951865 -7.24641e-17)
(-2.15811 -0.488945 0)
(0.880201 -0.263268 9.5537e-16)
(1.86302 0.0675073 -2.02525e-17)
(0.148233 -0.661153 5.77489e-16)
(0.0899437 -0.519868 1.77634e-19)
(-0.666517 -0.00594831 0)
(1.2199 1.63937 2.07971e-16)
(-0.303121 6.51326 -8.64411e-17)
(-0.869811 -0.770865 4.505e-16)
(1.21559 -0.33289 8.35491e-16)
(-0.491335 -0.0225904 1.84344e-16)
(-0.00448926 8.49918 -7.84296e-19)
(2.24096 0.0628025 -3.25349e-17)
(1.81608 -0.846746 -2.6543e-16)
(1.97383 0.0361856 0)
(1.91427 2.90605 0)
(-0.00226507 -0.0198218 -3.01735e-16)
(4.33458 0.111016 3.96126e-16)
(0.962408 -0.232128 -2.26751e-16)
(9.56997 1.73813 0)
(0.967648 0.185174 1.4236e-18)
(1.91233 0.076143 1.63845e-16)
(-0.548308 -0.0628274 -8.2368e-17)
(-0.251049 8.09979 1.87316e-16)
(0.497173 0.362186 4.58289e-16)
(-0.0185339 -0.644335 -7.02663e-16)
(1.40317 -0.365553 7.33635e-16)
(-0.211425 -0.0912015 3.9286e-17)
(1.62332 0.340745 -1.91306e-16)
(0.444028 0.147789 2.83648e-16)
(-0.750464 -0.017949 2.37399e-17)
(0.613835 -0.0872873 2.50743e-16)
(-0.855557 0.00615897 3.51298e-16)
(2.68443 -0.0668019 -8.54434e-17)
(9.40369 1.84447 0)
(-0.835075 0.00424015 -6.75055e-16)
(-0.875447 0.000626758 0)
(-0.807841 -1.08221 1.26344e-19)
(1.24088 -0.234216 -2.23471e-16)
(8.59804 0.140394 0)
(-0.0411729 6.63803 -8.14311e-17)
(-0.79691 -0.0109745 -2.66007e-17)
(-0.82395 0.00814977 3.99865e-16)
(-0.758475 -0.0111239 0)
(-0.81906 -0.00226792 -2.68934e-17)
(2.26489 0.0544079 -7.76532e-18)
(2.24774 0.0228579 7.84546e-18)
(-0.89934 0.0287624 0)
(-0.916435 0.0208109 0)
(-0.911609 0.00294356 0)
(-0.897272 0.00515093 -2.16558e-17)
(1.69426 -0.0187352 7.80151e-17)
(0.379997 -0.501657 1.28934e-16)
(-1.22882 -0.856678 1.0467e-16)
(1.74848 0.212605 -3.34804e-16)
(0.371302 -0.0659302 2.19001e-16)
(0.0910936 3.07609 -9.25916e-17)
(-0.256848 5.798 0)
(3.10912 -0.168209 -1.86493e-16)
(-0.0912032 5.41146 2.41063e-17)
(0.0324346 5.91701 -5.80508e-17)
(-0.0637844 0.0956437 -2.84058e-16)
(-0.677457 0.129132 1.52978e-16)
(1.2558 -0.62605 -1.58612e-16)
(-1.02637 1.55943 0)
(-0.0338632 6.6429 1.55879e-16)
(4.60258 1.28932 0)
(-0.3527 7.13843 -5.91992e-17)
(-0.217121 0.828369 -2.98269e-16)
(-0.819414 0.0363477 0)
(0.389539 4.77867 8.25987e-17)
(4.59147 -0.0583632 1.65123e-16)
(1.06611 0.432665 1.4837e-16)
(0.189916 -0.577322 -2.71882e-16)
(3.68848 -0.218257 -1.95058e-16)
(4.1909 -0.118453 4.68043e-17)
(0.0816788 6.46549 0)
(-0.739508 -0.182085 -2.66649e-17)
(2.23015 4.70051 -2.33765e-16)
(0.750645 0.235336 -2.98728e-19)
(1.20581 6.12452 -1.57748e-17)
(-0.0112726 5.79253 2.33995e-17)
(-0.122551 5.61021 0)
(8.72234 1.00185 4.36683e-17)
(1.57015 -0.630502 -9.30404e-17)
(-0.0667955 -0.0454881 -7.6363e-17)
(1.88495 0.416213 0)
(1.14092 0.191774 1.01834e-16)
(5.12118 0.176364 -2.32363e-16)
(3.17021 0.300489 -7.14602e-18)
(2.32326 -0.333812 -2.90788e-16)
(2.13241 -0.516124 1.64495e-16)
(0.983397 0.893396 -5.68582e-17)
(-0.14743 -0.938309 0)
(0.686398 0.325403 -1.41362e-16)
(5.01924 -0.827297 -5.30318e-16)
(-0.204696 7.69116 -4.31243e-17)
(2.24673 -0.354074 -3.94083e-16)
(-0.234167 5.39833 -9.14865e-17)
(0.691869 -0.125593 -5.06566e-16)
(0.935932 -0.574924 0)
(-1.61459 -0.334337 -3.27144e-17)
(4.59032 2.43238 -1.67981e-16)
(0.918499 8.35032 4.17573e-17)
(0.095067 0.539633 3.33799e-16)
(0.725247 -0.239427 0)
(-0.6964 -0.924346 3.55139e-17)
(2.55556 9.20633 2.04811e-16)
(-0.15051 4.6959 -6.94627e-17)
(2.22253 -0.00662954 -6.02373e-17)
(2.15364 -0.0347872 6.49305e-17)
(-0.216419 7.34968 -2.23217e-17)
(-0.462331 0.0608159 -3.20928e-16)
(-3.13785 1.10726 5.13386e-18)
(4.60102 0.202717 -1.7779e-16)
(3.87235 0.157897 7.41307e-19)
(3.82292 0.757205 -1.05541e-18)
(-0.281121 6.75156 1.70743e-16)
(8.29162 0.0596786 3.5852e-16)
(3.21235 2.75132 4.56921e-17)
(-0.0980429 5.48639 0)
(0.0129465 5.80987 -2.21375e-17)
(-0.0820082 3.09794 0)
(0.369957 1.04434 3.90369e-16)
(6.17224 2.32978 -1.33628e-16)
(1.29242 -0.999262 -5.01193e-18)
(0.880769 6.16831 1.81264e-16)
(1.13817 -0.547621 8.96466e-17)
(-0.926266 0.0732779 2.09524e-17)
(-0.488111 -0.364996 1.60521e-19)
(0.526906 0.981152 6.99212e-17)
(-1.96837 -0.565653 -8.30306e-16)
(0.949309 -0.172687 8.64243e-16)
(-0.502798 -0.874725 3.95162e-16)
(4.71144 0.58069 -4.05891e-17)
(0.957386 -0.854564 -1.98408e-16)
(2.844 -0.494786 2.30876e-16)
(0.998303 -0.324257 7.41628e-20)
(0.468045 1.57903 -2.60522e-16)
(7.50965 0.0153 0)
(3.61206 0.329141 -2.82408e-16)
(-0.102175 6.79033 -4.72402e-17)
(5.81893 -0.664374 2.61742e-16)
(-0.135482 2.45919 -7.11846e-20)
(-0.250186 7.09862 -2.08727e-16)
(-0.830335 -1.16468 0)
(1.19908 0.0366381 0)
(2.56002 -0.510928 -2.97114e-17)
(3.15367 -1.34306 5.41908e-17)
(-0.129264 0.478599 -1.13735e-17)
(0.236373 -0.747481 -1.46779e-16)
(1.59914 0.296182 2.54719e-19)
(0.294739 -0.052267 -1.49112e-16)
(3.77403 -0.123192 -5.3518e-17)
(0.34622 9.54785 -1.11253e-17)
(8.19445 0.184991 -2.6225e-17)
(-0.125877 0.0874833 -1.00599e-19)
(-0.205286 0.0176503 4.33342e-16)
(4.35683 1.86819 1.65876e-16)
(-0.550444 0.0305598 -2.31807e-16)
(-0.974087 0.410538 3.91874e-16)
(6.03072 1.85798 -9.7375e-17)
(6.04945 2.65052 -1.97627e-19)
(0.849292 -0.0789959 0)
(1.49477 2.94897 0)
(7.47711 0.106294 -2.05109e-16)
(1.0002 0.176911 2.68013e-16)
(0.226385 0.224986 -1.28741e-16)
(0.119716 -0.575509 -2.29559e-16)
(-0.528051 0.0272165 7.0058e-17)
(3.16455 0.764012 -9.73962e-17)
(-1.6256 -0.548138 0)
(1.04537 -0.323326 -1.79931e-16)
(9.00977 0.691102 -5.24418e-18)
(2.73029 -0.366478 2.08204e-16)
(1.73199 -0.00123472 -7.88798e-17)
(0.170629 8.13246 0)
(-0.200901 6.14428 -2.02825e-16)
(-0.163898 3.90581 -3.13436e-16)
(-2.93676 0.414669 -1.90867e-16)
(1.09237 8.78474 1.22209e-17)
(8.86077 1.19005 -1.94036e-17)
(1.16777 0.22123 0)
(3.11961 -0.458536 1.45834e-16)
(0.250177 -0.979552 -2.17395e-17)
(0.276331 -0.386488 -5.30103e-16)
(3.58233 -0.313703 -6.16971e-16)
(-0.728428 -0.533077 -2.74373e-16)
(1.11898 -0.316844 2.21968e-16)
(2.27828 0.797407 7.09321e-16)
(0.246321 -0.0911964 -1.30168e-16)
(-0.043703 3.66199 -8.46449e-17)
(-1.11988 -1.00715 -5.69445e-16)
(1.23523 -0.0613775 8.72108e-17)
(3.74133 -0.339504 9.25073e-17)
(-0.771439 0.387697 2.34346e-16)
(0.274893 -1.31598 0)
(-0.901806 -0.217008 1.26636e-16)
(0.140327 0.543643 -1.64283e-16)
(-0.318383 -0.378436 2.1236e-16)
(0.42862 0.604116 8.44915e-17)
(-0.101009 9.62804 2.37506e-16)
(-0.604018 0.0218808 4.28189e-16)
(1.2606 2.89673 0)
(-0.84424 -1.00756 -4.39193e-16)
(1.22209 0.0514538 -4.1264e-16)
(-0.241948 7.33613 0)
(1.85023 -0.0589319 5.00813e-17)
(8.6805 0.751951 0)
(-0.0144009 6.35167 -1.33743e-16)
(-0.190285 8.34517 -3.79712e-18)
(4.96503 1.01858 2.82168e-16)
(-0.194434 7.38063 2.04108e-17)
(6.78281 0.111312 -9.88714e-17)
(1.04276 -0.468295 -4.68958e-17)
(4.65516 -0.512295 1.55003e-16)
(-0.178757 8.35226 0)
(0.389844 0.000974195 -3.33931e-16)
(2.23148 0.410052 4.20703e-17)
(3.08008 -0.0180228 -1.87325e-16)
(-0.0258433 3.75888 1.20137e-16)
(1.90782 0.556279 3.59966e-16)
(0.863637 -0.300099 1.5955e-16)
(0.345835 3.88485 1.91495e-16)
(3.144 -0.413039 -1.47697e-16)
(0.174136 7.31655 -4.89393e-17)
(-0.300561 8.69004 -5.67801e-17)
(-0.346777 6.87205 1.00452e-16)
(8.37409 0.207448 -7.71249e-17)
(4.33627 -0.156758 2.97345e-16)
(1.89657 0.702648 -2.36583e-19)
(-0.876939 0.0346536 1.93111e-16)
(-0.194665 5.11682 0)
(0.830732 -0.618124 4.04891e-16)
(4.34658 0.643147 -1.82014e-19)
(-0.178754 4.44296 3.26909e-16)
(1.72712 0.00740337 0)
(-0.32418 3.83757 0)
(0.0577283 6.234 8.67761e-20)
(9.36186 1.4778 -7.92307e-18)
(-0.0683514 1.36976 1.56441e-16)
(3.2709 0.0383306 -2.90146e-16)
(-0.41852 -0.317227 0)
(7.02652 0.0544725 -3.25969e-17)
(1.51827 0.830672 -3.31283e-16)
(0.767857 0.201427 -9.95941e-18)
(-0.679043 -0.874164 0)
(0.335938 0.517712 -1.37325e-16)
(-0.229212 5.86506 -1.30574e-16)
(-2.05013 -0.312664 1.73284e-16)
(1.917 8.75057 -1.72085e-16)
(0.926597 -0.167481 1.39475e-17)
(-0.88566 -0.819756 -9.17678e-17)
(0.178556 5.36263 7.50291e-18)
(0.00425858 2.83938 1.66614e-16)
(-0.150396 -0.046173 -5.08919e-16)
(1.99034 -0.0511051 -7.11196e-17)
(0.870899 5.29673 5.75198e-17)
(-0.0795492 6.26916 5.88681e-17)
(0.404028 6.27077 -6.30629e-17)
(1.52179 -0.26078 0)
(-0.130172 1.02231 -1.1963e-16)
(2.95466 -0.285469 1.22052e-16)
(8.83057 0.433259 0)
(0.0681487 5.62542 -9.87735e-17)
(-0.444981 2.96347 0)
(-0.033202 2.91637 4.78635e-17)
(1.2925 -1.07038 8.75385e-17)
(-0.592042 -1.312 2.3752e-16)
(1.22023 -0.0428583 2.70974e-16)
(-1.96946 -0.138661 -4.88531e-17)
(0.812486 -0.381533 -5.28057e-17)
(1.33553 -0.077381 0)
(0.76088 -0.043752 -3.30744e-16)
(-0.172717 3.18113 9.77726e-20)
(8.93948 1.49485 3.5526e-18)
(-0.722499 0.0102698 -4.78909e-16)
(3.03509 -0.856424 -7.93559e-18)
(0.856771 0.144901 0)
(3.59201 0.204538 0)
(-0.189963 4.96604 -1.46287e-16)
(2.60792 0.148922 0)
(-0.304839 -0.328123 1.41666e-16)
(4.44847 0.0540512 1.91952e-17)
(0.122647 -0.660885 2.88366e-16)
(8.41967 0.417506 0)
(-1.89325 -0.629553 -4.19211e-16)
(0.0507377 0.994433 0)
(-0.231965 -0.31507 3.50801e-17)
(1.44953 1.2889 1.22709e-16)
(-0.795644 -0.00293821 0)
(-0.176162 4.05176 -9.61735e-17)
(0.94517 0.57807 7.07957e-17)
(-0.543892 -0.994229 -6.30961e-17)
(-2.00666 0.96712 2.47007e-16)
(-1.59549 0.583575 3.52065e-18)
(0.51795 6.09401 -7.07022e-17)
(0.525675 0.600595 0)
(-0.434942 -0.0366533 -3.23878e-17)
(0.0325004 2.05928 2.91892e-16)
(-0.47699 -0.0417292 0)
(3.18423 -0.791073 3.96607e-17)
(3.40252 -0.0856736 -1.42413e-16)
(-1.52918 9.06163 -1.0293e-16)
(1.6264 0.483564 2.38503e-16)
(0.644349 0.265316 0)
(1.85433 0.282511 -2.39203e-17)
(0.04727 0.118773 -2.3507e-17)
(2.85899 -0.0496563 0)
(-0.0146587 -0.0525272 1.50562e-16)
(0.295307 0.17982 -1.77918e-16)
(-0.193692 8.71728 -7.81699e-17)
(-2.15128 0.818802 -4.51391e-16)
(4.13683 1.51936 -8.83471e-17)
(4.26197 0.318108 -1.07516e-16)
(3.89949 0.603533 5.60424e-16)
(2.24217 0.390204 3.99952e-18)
(1.14747 0.379233 -1.16166e-16)
(-0.23107 7.48885 4.40206e-17)
(4.22651 0.00311949 1.4551e-16)
(-0.645532 9.83545 1.12167e-17)
(-0.132962 -0.536464 -2.32495e-17)
(5.10283 1.73551 0)
(0.163635 6.07204 5.10006e-17)
(2.67952 -0.0431872 4.81216e-18)
(-0.293231 -0.548411 -1.76725e-16)
(-0.110961 -0.358119 -2.5306e-16)
(-0.685172 0.0052592 -3.51843e-17)
(-0.254005 0.0820565 3.21933e-16)
(-0.0106765 3.50615 0)
(3.64191 0.134024 1.43115e-16)
(2.81514 0.676243 -9.47485e-16)
(0.310842 8.20807 1.14555e-17)
(0.597696 0.779055 0)
(4.33164 -0.0722786 -4.26088e-17)
(1.31919 -0.748282 -2.94984e-17)
(3.17593 1.15661 3.18763e-18)
(5.33804 -0.3571 -1.49063e-16)
(5.73283 -0.254246 -5.27543e-20)
(0.867144 0.273165 -1.1093e-16)
(1.95706 0.495867 -3.41086e-16)
(-0.509385 -0.146329 0)
(-0.641051 0.372481 0)
(0.0144913 1.5228 0)
(-0.0340396 7.31845 0)
(-1.88705 0.485743 -1.65878e-16)
(1.34886 3.78437 -1.36042e-16)
(0.317744 -0.368113 1.95773e-16)
(-0.12466 7.30519 0)
(1.24669 4.7248 1.84399e-16)
(-0.0683299 7.14594 -7.08443e-17)
(0.00581204 7.27842 -1.72691e-17)
(-0.0164791 7.35357 -3.71909e-17)
(4.41852 -0.0500608 -9.00751e-17)
(0.467742 6.07748 -1.09448e-17)
(1.19289 -0.105591 -2.7415e-16)
(-1.17532 -1.12611 4.70201e-16)
(-0.534943 -0.0218657 -2.08673e-16)
(0.388818 -0.981103 0)
(-1.74821 -0.16257 -9.55581e-20)
(-0.554961 0.0126027 -6.51461e-16)
(3.89955 -1.17886 -2.52245e-16)
(3.74804 0.154314 4.09118e-16)
(-0.209822 6.00855 7.47922e-17)
(-0.043838 6.94967 0)
(2.31215 3.84 0)
(-0.100477 6.99129 -8.27272e-17)
(0.0139836 6.69622 2.01634e-17)
(-0.485555 -0.0407917 8.14222e-17)
(-0.283139 7.53709 1.92171e-18)
(-0.433127 -0.262727 -7.32945e-17)
(1.12954 -0.218 -3.68715e-16)
(-3.68873 0.672537 0)
(0.53839 5.4331 -2.6861e-16)
(2.98503 -0.360677 -5.28841e-20)
(2.19009 0.119127 -2.14854e-16)
(2.47904 0.181871 -4.86648e-17)
(2.88223 0.339598 0)
(3.76599 -0.1268 -3.44864e-16)
(1.02655 5.09598 -7.48586e-18)
(2.6286 -0.109264 -4.19687e-17)
(4.03589 0.0336615 -9.12216e-17)
(-0.494314 -0.0269694 -6.7227e-17)
(7.85045 0.18812 -8.53735e-17)
(3.98257 1.2283 0)
(0.259338 6.01739 -6.69866e-17)
(3.72194 -0.80071 -1.45082e-16)
(-0.145207 -0.00945545 -1.79404e-17)
(3.97525 0.626031 5.02738e-16)
(4.1597 -0.255602 1.04239e-16)
(4.17236 -0.0934045 -3.01851e-16)
(-2.3672 -0.212003 -1.03651e-16)
(6.93577 -0.0132559 1.6072e-16)
(-1.24988 -0.380547 9.36412e-16)
(3.02122 -0.171606 4.397e-16)
(3.57106 -0.423875 -2.8702e-16)
(0.789873 -0.0395946 -1.02171e-15)
(1.15474 -0.41604 -5.3543e-16)
(-0.20493 0.880535 -2.41172e-16)
(0.121643 -0.238318 -1.11196e-15)
(-0.12333 0.644795 -1.8356e-16)
(0.919172 1.7613 -6.80149e-18)
(-0.0742584 0.109392 0)
(0.205833 0.456396 0)
(4.36118 0.14002 1.24318e-16)
(-0.473784 2.15241 1.04684e-16)
(0.742942 2.29948 -9.80171e-16)
(0.122708 -0.342547 1.2536e-15)
(5.11519 0.426843 -5.53472e-17)
(4.54731 -0.123275 0)
(5.13857 0.0147883 9.89495e-17)
(6.11817 0.0253236 3.54871e-16)
(7.1638 0.033764 -1.6358e-17)
(-2.91644 -0.0828828 1.47023e-16)
(3.27947 -0.00401725 2.23687e-17)
(0.0258771 -0.202239 1.51867e-18)
(4.13475 0.509489 0)
(-1.88115 -0.0194014 1.10779e-16)
(-1.3931 0.234447 0)
(4.74971 0.326067 -1.19959e-17)
(-2.71055 0.168249 -2.92248e-18)
(4.8339 -0.214006 2.45822e-16)
(3.86216 0.0495991 -4.11187e-16)
(4.30965 -0.0410858 0)
)
;

boundaryField
{
    frontAndBack
    {
        type            empty;
    }
    wallOuter
    {
        type            noSlip;
    }
    inlet
    {
        type            fixedValue;
        value           nonuniform 0();
    }
    outlet
    {
        type            zeroGradient;
    }
    wallInner
    {
        type            noSlip;
    }
    procBoundary1to0
    {
        type            processor;
        value           nonuniform List<vector> 
29
(
(0.682524 -0.475253 -2.11157e-16)
(0.682524 -0.475253 -2.11157e-16)
(-2.2026 0.287033 0)
(-0.663018 0.555993 1.86255e-16)
(-0.363051 0.659305 -1.23843e-16)
(-2.23106 0.449936 -1.2676e-16)
(3.96196 -0.164953 2.66451e-16)
(3.185 -0.0199729 0)
(6.183 0.347986 0)
(0.955762 0.497862 -1.73965e-16)
(2.60899 0.200505 -2.73101e-16)
(-2.23106 0.449936 -1.2676e-16)
(-2.2026 0.287033 0)
(-1.12567 -0.466246 0)
(6.68176 0.000989586 1.02115e-16)
(8.48413 0.141399 0)
(-0.363051 0.659305 -1.23843e-16)
(0.793752 0.706494 0)
(-0.663018 0.555993 1.86255e-16)
(1.68333 -0.220465 8.2866e-19)
(8.71186 0.13265 -3.3304e-17)
(8.01999 0.0868408 -1.6002e-17)
(5.01382 0.233279 -1.45735e-16)
(6.78565 0.0737558 1.92558e-16)
(6.78565 0.0737558 1.92558e-16)
(5.01382 0.233279 -1.45735e-16)
(8.66884 0.0404244 -6.84519e-17)
(1.57567 0.0249203 0)
(8.66884 0.0404244 -6.84519e-17)
)
;
    }
    procBoundary1to2
    {
        type            processor;
        value           uniform (2.61457 -0.214106 -1.75201e-16);
    }
    procBoundary1to3
    {
        type            processor;
        value           nonuniform List<vector> 
48
(
(0.0873223 5.14421 0)
(0.165025 7.98668 -5.9483e-20)
(-0.00690094 7.10589 1.19601e-16)
(-0.00690094 7.10589 1.19601e-16)
(0.121022 5.10015 -7.47459e-17)
(0.278299 6.7071 4.27615e-16)
(0.278299 6.7071 4.27615e-16)
(1.22456 0.455904 0)
(0.202024 3.28575 0)
(-0.0749496 -0.634574 0)
(-0.159397 0.561128 -3.00711e-16)
(-0.0749496 -0.634574 0)
(0.208605 -1.85039 3.19336e-16)
(1.97025 -0.480212 2.4692e-16)
(2.03768 -0.543715 -1.53086e-16)
(0.208605 -1.85039 3.19336e-16)
(0.211543 -1.96969 1.48188e-19)
(0.211543 -1.96969 1.48188e-19)
(0.0802324 -1.42515 0)
(0.0802324 -1.42515 0)
(1.6361 -0.383687 2.24776e-17)
(1.56417 -0.333379 1.63996e-16)
(-0.0900169 -0.727599 -1.99727e-16)
(-0.0237374 2.0576 7.81301e-16)
(-0.0237374 2.0576 7.81301e-16)
(0.16818 0.366919 0)
(1.44889 -0.294994 0)
(1.44889 -0.294994 0)
(1.37009 -0.0787474 4.1581e-16)
(0.119544 2.4983 -2.74446e-16)
(-0.0851404 1.05666 -1.48469e-16)
(1.37009 -0.0787474 4.1581e-16)
(1.22456 0.455904 0)
(0.384973 2.31702 -4.82502e-16)
(0.303859 -0.354595 -1.99769e-16)
(0.119544 2.4983 -2.74446e-16)
(0.923579 1.30305 -3.19565e-16)
(-0.159397 0.561128 -3.00711e-16)
(0.0874434 4.15152 0)
(-0.0381225 7.03002 1.52362e-17)
(1.67984 -0.502971 3.70065e-16)
(0.633106 1.76987 2.37119e-16)
(0.384973 2.31702 -4.82502e-16)
(0.303859 -0.354595 -1.99769e-16)
(2.355 -0.413698 6.49155e-17)
(-0.0130945 5.91598 1.63939e-20)
(0.0522807 6.40586 0)
(1.67984 -0.502971 3.70065e-16)
)
;
    }
}


// ************************************************************************* //
