/*--------------------------------*- C++ -*----------------------------------*\
| =========                 |                                                 |
| \\      /  F ield         | OpenFOAM: The Open Source CFD Toolbox           |
|  \\    /   O peration     | Version:  v1912                                 |
|   \\  /    A nd           | Website:  www.openfoam.com                      |
|    \\/     M anipulation  |                                                 |
\*---------------------------------------------------------------------------*/
FoamFile
{
    version     2.0;
    format      ascii;
    class       volVectorField;
    location    "0.64";
    object      U;
}
// * * * * * * * * * * * * * * * * * * * * * * * * * * * * * * * * * * * * * //

dimensions      [0 1 -1 0 0 0 0];


internalField   nonuniform List<vector> 
1431
(
(-0.0360979 -0.37471 -3.5175e-17)
(0.107879 -0.862112 -1.45117e-16)
(6.07294 0.892104 1.01318e-16)
(-2.94405 1.82452 -4.864e-17)
(-0.102182 0.12919 -1.89508e-16)
(1.5759 0.0545436 3.29793e-16)
(-1.62123 0.365361 -1.96515e-16)
(9.789 0.625336 -2.25057e-16)
(-0.396615 4.29172 0)
(-0.403662 3.82991 -1.01759e-16)
(0.80968 2.84565 0)
(0.58981 -0.399515 7.20745e-17)
(-0.861218 0.764308 0)
(9.07101 0.503991 1.9797e-18)
(0.287414 0.70322 -2.62848e-16)
(-0.133858 3.786 0)
(0.436085 2.18068 -3.28254e-16)
(1.55942 0.0436335 0)
(0.810741 -0.173498 1.38002e-16)
(0.830632 2.46501 3.96618e-17)
(-0.108142 -0.261781 -2.39129e-17)
(-0.532656 2.66794 4.12187e-19)
(0.673878 0.571015 -5.46725e-17)
(8.775 0.554355 -3.20608e-17)
(1.67836 3.18249 -1.31441e-16)
(0.69059 1.92298 -1.19257e-16)
(-1.55061 4.6538 1.22681e-16)
(9.33486 0.453476 -2.34434e-20)
(10.8519 0.590282 6.34812e-18)
(1.29476 -0.891163 -5.06111e-16)
(7.57151 0.281985 2.44627e-16)
(7.27066 -0.184028 -1.78977e-16)
(-1.82939 0.41071 -1.19558e-16)
(-1.34497 0.285823 0)
(-1.55283 0.395955 1.02713e-16)
(2.09886 8.78849 1.28257e-16)
(0.195668 0.265188 1.44511e-16)
(9.77287 -0.00570284 0)
(0.4737 0.24817 -1.90591e-16)
(9.68996 -0.0024328 0)
(4.92609 0.120956 1.38841e-16)
(0.360277 -0.056227 -8.25556e-17)
(-1.33798 0.538388 0)
(-1.56964 0.684543 -6.62102e-17)
(-1.01996 0.725281 1.59176e-16)
(-0.0814961 0.0190476 -5.06224e-16)
(1.53865 4.71367 2.25868e-16)
(7.28816 1.18011 -5.93782e-17)
(9.03095 0.539604 1.63248e-16)
(9.5331 0.0901511 3.7705e-17)
(1.45406 -0.217661 -8.86432e-17)
(-0.309928 3.59364 1.05786e-16)
(-0.39011 5.28702 4.99901e-17)
(-1.00928 0.471142 -1.71321e-17)
(-1.28771 0.748347 -1.32108e-16)
(8.05329 1.72106 0)
(-0.268948 2.09886 7.40117e-17)
(-0.304106 3.67379 -2.44992e-16)
(-0.50924 6.2262 0)
(-0.00271345 -0.348375 -9.34834e-16)
(0.71497 1.96375 0)
(1.07094 1.96785 -1.4626e-16)
(1.4774 7.62642 -1.43193e-16)
(10.5987 0.120278 0)
(10.0082 0.309633 -1.88771e-17)
(0.687566 -0.363805 0)
(6.61451 0.412071 0)
(1.65667 0.0114611 0)
(0.18332 -1.06761 1.41191e-16)
(10.7831 0.0907873 0)
(-0.852462 0.324338 9.51119e-17)
(-0.861025 0.370018 -1.00613e-16)
(0.303497 0.887743 0)
(1.33453 0.0967568 -3.18049e-16)
(-0.00643512 1.70381 -2.50156e-20)
(-0.961011 0.321556 2.89283e-16)
(-0.134935 -0.0409309 6.55847e-17)
(3.9264 0.730303 3.2313e-16)
(10.0124 0.173424 1.34085e-17)
(0.923395 -3.03096 -2.24904e-17)
(9.95925 0.0978157 -2.61574e-16)
(1.40391 0.199869 -2.25994e-18)
(0.416438 -0.403171 2.44125e-16)
(1.20433 0.34772 -8.8582e-17)
(-2.78667 1.41344 4.9296e-17)
(-0.069952 -0.0206859 -6.8852e-16)
(-0.12527 -0.0697347 -1.38884e-16)
(-0.744295 0.93313 1.83168e-16)
(8.40197 0.596758 9.64841e-17)
(0.876511 2.01183 -5.49986e-17)
(1.31378 1.08886 1.9785e-16)
(-1.15365 0.76123 2.81501e-16)
(-0.218443 -0.156316 0)
(9.83624 0.036507 0)
(1.28796 0.0341623 2.32968e-18)
(-0.0708924 -0.211232 -2.05263e-19)
(-0.0666134 1.64121 -5.06672e-20)
(10.3916 0.55626 3.39098e-18)
(-0.0384581 -0.136764 2.71167e-16)
(8.86538 0.500221 -4.6231e-16)
(0.0492909 -0.706075 -1.52977e-16)
(9.93659 0.17233 -6.91878e-17)
(0.658388 0.684415 0)
(-0.0355303 0.23064 1.80331e-20)
(-0.831111 2.23564 1.89367e-16)
(-0.117009 -0.178901 9.23353e-17)
(10.0396 0.0685042 -1.09252e-16)
(4.59923 -0.0396959 7.92894e-17)
(6.79376 0.0159455 9.93884e-17)
(-0.0596229 0.0418679 1.06499e-16)
(-0.792618 -2.50977 1.96849e-16)
(0.334544 -0.350932 -8.43646e-17)
(9.73232 0.85525 0)
(1.18711 2.07665 -1.45934e-16)
(-0.344311 2.45872 0)
(-0.00167908 0.281534 0)
(1.48514 0.273508 0)
(0.404685 -0.0249628 6.59846e-20)
(7.93021 0.612765 -6.63633e-17)
(-1.56694 0.668228 -1.59813e-16)
(9.96999 0.265909 -2.08409e-17)
(-0.408495 5.29001 -1.41365e-16)
(-0.30052 3.32624 -4.81705e-16)
(8.77874 0.83634 -1.22625e-16)
(10.1354 0.165968 0)
(-0.344785 0.295474 -1.11484e-16)
(7.37561 0.597038 1.75345e-17)
(0.120096 0.985047 6.70612e-17)
(-0.146832 -0.227638 1.20667e-16)
(10.6584 0.423548 -7.58203e-17)
(-0.00722663 -0.335101 -1.58931e-16)
(4.06269 -0.155125 2.59047e-16)
(7.28013 0.277016 0)
(1.02632 1.3132 -1.68026e-16)
(-0.282922 -0.273842 -1.28859e-17)
(-1.87994 0.886056 -2.96965e-16)
(0.574741 1.13133 0)
(0.414124 0.24324 1.42968e-16)
(0.409358 0.515733 5.28699e-17)
(3.30011 -0.0750055 -4.27211e-16)
(-0.253679 4.41846 0)
(-0.484712 -0.327734 3.71697e-17)
(10.5452 0.0582539 -7.89132e-18)
(8.96567 0.388682 -2.10474e-17)
(8.61253 0.163526 0)
(11.3975 0.281867 4.5965e-17)
(10.3751 0.371184 3.54151e-17)
(4.37897 -0.066838 0)
(0.830371 1.53437 -1.17449e-16)
(9.39546 0.951327 -5.39514e-17)
(10.8819 0.0441758 8.21683e-17)
(9.91823 0.430016 -1.63582e-17)
(-0.337261 -1.33437 -1.74302e-16)
(0.924702 -0.504948 1.03668e-16)
(0.625982 0.926773 1.67931e-16)
(0.12242 1.05346 -4.55698e-17)
(10.1028 0.109802 9.03195e-17)
(1.31038 1.83708 -3.59417e-16)
(9.62432 0.962919 0)
(9.54227 1.18837 -9.98296e-17)
(1.4843 -0.147115 -6.41356e-20)
(1.03952 2.40406 3.54034e-17)
(0.330756 0.286184 0)
(-0.320919 1.43408 -4.17044e-17)
(-0.0201236 0.114932 -3.0617e-16)
(-0.997478 -0.300911 -2.00267e-16)
(-0.0933432 -0.0174781 -1.54599e-16)
(9.89605 0.110594 0)
(1.42106 -0.592129 3.91956e-16)
(0.606114 0.708408 -1.74996e-16)
(9.69988 0.944331 -1.40793e-17)
(0.0855021 2.67846 2.71504e-17)
(8.47239 0.562018 -1.20261e-16)
(11.074 0.0523166 0)
(10.5291 0.0398546 1.49678e-17)
(0.0620423 0.142376 0)
(-0.246885 0.276326 9.30489e-17)
(9.391 0.601179 -1.85589e-17)
(1.01721 -0.988378 3.22283e-16)
(9.5559 1.1225 1.02513e-16)
(9.75806 0.295192 4.29806e-17)
(0.555507 0.68744 1.25187e-16)
(8.86728 1.73617 0)
(0.908057 1.75153 3.20366e-16)
(11.2623 0.11483 1.00313e-16)
(9.90892 1.12945 -1.39715e-17)
(9.88837 0.719198 1.06624e-16)
(-2.80526 4.34836 -1.38005e-16)
(0.458914 1.31968 1.84284e-16)
(10.2873 0.104936 -2.61048e-20)
(0.655392 -1.75791 -2.45565e-19)
(0.67673 2.21053 -1.25207e-16)
(-0.179248 -0.0907723 -4.28619e-16)
(10.0836 0.0443012 -6.60569e-17)
(-0.247459 2.60614 -4.59213e-21)
(10.1204 0.43382 4.13361e-17)
(10.0412 0.0905237 0)
(7.31491 2.10771 -1.10405e-16)
(0.583584 1.09126 0)
(0.499599 0.384246 0)
(0.156306 -0.718294 -2.12471e-16)
(2.84597 2.57407 -2.90541e-16)
(9.40956 1.06055 -2.81647e-17)
(3.5763 0.1275 -4.85868e-16)
(10.0595 0.0546297 3.63092e-17)
(-2.48227 2.5067 -3.11867e-16)
(-0.0543478 -0.15829 1.18777e-15)
(9.80189 0.210193 2.58109e-17)
(0.316752 1.92086 1.48276e-17)
(9.29286 0.242243 0)
(10.1481 0.0677465 8.19508e-18)
(9.95974 0.345226 6.48797e-17)
(7.9407 0.672647 1.43524e-17)
(9.87707 0.193754 2.48097e-17)
(-0.302752 0.541515 0)
(-0.179732 0.567157 3.97757e-16)
(9.50929 1.06111 0)
(0.700855 -1.86016 0)
(-0.261595 -0.772921 0)
(10.1266 0.232512 -6.4851e-17)
(9.89989 0.165351 0)
(0.133798 1.11952 1.5415e-16)
(11.1428 0.0301986 -1.31958e-16)
(4.57429 1.29491 -7.63638e-17)
(10.7297 0.350024 0)
(9.40862 0.906817 0)
(9.43265 0.962776 -7.516e-17)
(0.977244 1.55743 0)
(10.5692 0.659143 0)
(7.61623 0.22046 -7.46681e-17)
(-0.132755 0.0298142 0)
(-2.35177 1.93992 3.56394e-16)
(10.6434 0.0911698 5.72234e-20)
(9.93651 0.502045 -1.94403e-16)
(9.81933 0.437273 8.94157e-17)
(9.84311 0.39002 5.03633e-17)
(10.5104 0.259043 -2.72239e-17)
(-0.0295016 -0.204595 2.60812e-16)
(9.86985 0.10692 0)
(-0.65239 -0.243179 1.97688e-16)
(9.56682 0.187867 -3.29495e-17)
(9.49002 1.15372 8.46285e-17)
(-0.336652 3.47388 -2.20274e-16)
(0.999461 4.40965 -3.00239e-16)
(-0.146186 1.20496 1.32292e-20)
(-0.383716 1.1525 6.27447e-20)
(10.5441 0.27085 -1.83734e-16)
(-2.0303 0.254741 0)
(-1.63324 0.138645 0)
(10.0297 0.919396 0)
(10.1326 0.988817 -9.67864e-17)
(-0.358704 3.83691 0)
(-0.423067 3.61171 1.01963e-16)
(6.41891 3.21766 2.15919e-17)
(1.39894 5.53902 -1.66913e-16)
(8.20934 0.0496746 -4.6022e-17)
(1.39263 -0.00696078 1.84794e-17)
(-0.625934 -0.61592 5.34528e-19)
(8.35434 0.00358247 7.29119e-20)
(8.30275 0.0173933 8.92896e-17)
(8.17208 0.0667888 8.84598e-17)
(-0.560097 1.04603 2.99433e-17)
(0.00498314 -0.014643 5.62028e-16)
(-0.254012 4.57772 -4.28604e-17)
(9.80359 0.322515 -7.87406e-17)
(10.6858 0.560458 6.96287e-18)
(8.25269 0.0114365 -8.26286e-17)
(9.95501 0.90936 0)
(8.50037 2.7498 2.8594e-17)
(-0.275081 3.92985 -1.36198e-17)
(9.85213 1.04918 0)
(9.17955 0.741354 3.12671e-16)
(10.2695 0.860624 2.80911e-17)
(10.3122 0.754826 0)
(8.12857 0.0758636 -5.47059e-17)
(10.064 0.654703 1.23255e-18)
(1.02285 1.1524 -1.07721e-16)
(0.520611 -0.837503 -7.41578e-20)
(0.418866 0.0422124 -4.26062e-17)
(-0.378949 3.98348 1.74122e-16)
(-0.474401 4.83517 0)
(-0.693342 0.102529 -4.12694e-17)
(0.0208251 -0.928952 0)
(1.31276 1.59936 2.55085e-16)
(8.31002 -0.00576503 -4.51729e-17)
(-3.36602 3.21731 6.24119e-17)
(-0.164493 -0.0528668 1.37124e-16)
(9.21921 1.19667 5.30144e-17)
(10.2618 0.852813 2.11079e-19)
(9.68106 0.175506 6.87865e-17)
(11.1726 0.434033 1.57245e-16)
(9.60332 0.0105534 -6.16349e-17)
(9.4626 1.05833 0)
(0.831718 -1.56991 0)
(10.0939 1.0673 -4.48877e-17)
(9.47932 1.38132 4.82763e-18)
(-0.238486 -0.101158 0)
(9.10554 2.07048 1.60146e-18)
(-0.509189 -0.788147 -1.85345e-16)
(9.58081 1.1777 2.88267e-17)
(9.68271 0.347723 2.94115e-17)
(9.22897 0.831923 7.55009e-17)
(0.758367 0.347951 0)
(8.12559 0.145088 0)
(1.24522 1.76426 -2.12143e-16)
(-0.330249 -0.900539 1.62737e-16)
(9.94264 0.122247 8.3459e-17)
(8.25924 0.0316345 -9.02543e-17)
(8.31329 0.00894674 -8.68753e-17)
(-0.397396 -0.30555 1.92055e-16)
(9.68829 0.238831 -1.37535e-17)
(10.8181 0.206818 5.55627e-17)
(0.681067 -0.124464 -1.86912e-17)
(-0.252013 -0.282571 -2.0367e-17)
(-0.864217 0.404839 -5.01727e-19)
(-0.210772 -0.923307 -1.59958e-16)
(-0.372863 4.03575 -4.72497e-17)
(-0.484345 0.284788 -8.33188e-17)
(9.84654 0.332551 -4.71397e-17)
(-0.302691 -1.00067 -1.48693e-16)
(-0.407942 -0.649787 -2.60104e-16)
(-0.221549 -1.07758 2.34247e-16)
(-0.16996 3.82166 -6.99732e-20)
(-0.584876 0.0938868 -5.82126e-20)
(-0.0541087 1.3381 -1.43267e-16)
(-0.279582 -0.794455 -7.87079e-17)
(9.86871 0.0740202 1.78811e-16)
(-0.117717 -0.65951 -6.89141e-17)
(7.63261 0.471456 0)
(9.79233 0.171148 -6.91701e-17)
(0.301992 -0.294196 -1.10643e-16)
(0.542356 -0.691685 0)
(-0.657874 0.117796 0)
(0.726956 -1.72401 1.78285e-16)
(10.3092 0.114603 0)
(-0.184003 2.04123 -1.25855e-16)
(1.42648 -0.550032 -5.86415e-17)
(-0.324878 -0.920275 0)
(1.54952 -0.236097 -1.69846e-17)
(-1.17259 0.288999 1.60442e-16)
(0.405324 -0.170188 0)
(9.85004 0.0890764 -8.06313e-17)
(-0.296618 -0.449375 8.00241e-17)
(10.0699 0.208781 3.42654e-17)
(6.74079 3.58907 -2.67033e-16)
(0.0414503 -0.178507 1.93063e-16)
(10.5271 0.238331 1.47955e-17)
(0.00354792 -0.125835 1.81983e-16)
(-0.352962 0.104687 -8.74753e-17)
(-0.999426 0.0247337 -7.55126e-17)
(0.44259 -0.0336876 -1.30312e-16)
(-0.0643184 0.00774679 -4.79642e-16)
(-0.320814 -0.167669 0)
(1.14255 0.0416721 -1.54484e-16)
(-0.249108 -0.0168028 0)
(0.502529 -0.00265734 0)
(-0.287155 0.0715128 0)
(-0.226433 0.0190837 -4.02915e-16)
(1.18363 0.0450727 0)
(0.187644 0.203367 5.10767e-16)
(1.29396 -0.137887 -1.8192e-17)
(-0.398204 -0.0341446 1.44253e-16)
(1.13771 0.0635433 2.38109e-18)
(-0.128377 -0.0117554 -9.73164e-17)
(-0.707524 0.140176 2.65647e-16)
(0.226053 -0.0951474 -1.7831e-16)
(1.31631 0.0648974 0)
(-0.237049 0.0860208 0)
(0.0641987 -0.297781 -2.74236e-17)
(0.406062 0.0248136 0)
(-0.0129194 -0.987704 5.30303e-16)
(-0.661892 -0.214134 1.29925e-16)
(-0.09151 -1.06948 -1.33026e-16)
(10.033 1.11905 5.22316e-17)
(0.887911 -1.58949 0)
(-1.05482 -1.65925 1.97176e-16)
(0.336936 -0.303502 1.07022e-16)
(9.82821 0.282811 3.19687e-17)
(10.0043 0.031718 8.37217e-17)
(1.15043 0.0988543 6.00458e-16)
(0.177017 0.124818 2.94234e-17)
(0.401586 -0.0600952 4.13119e-17)
(-0.949171 0.116511 -2.48199e-16)
(-0.41 -0.0197886 0)
(-0.425997 0.01985 1.37207e-16)
(1.20926 0.0791488 0)
(0.0185256 0.0936289 0)
(-0.209769 0.0835959 2.01704e-16)
(1.18623 0.0324795 1.45207e-16)
(-0.175761 0.0291184 1.76089e-16)
(-0.290958 -0.183877 0)
(2.46606 5.2528 1.81085e-16)
(9.74181 1.08453 -2.83517e-17)
(9.98773 0.000689572 0)
(-0.0746109 -0.964211 4.6407e-19)
(0.319306 -0.0111757 -1.90055e-16)
(-0.35334 -0.723731 -1.64404e-16)
(9.96309 0.188671 0)
(0.0113922 0.61223 0)
(10.4634 0.0791905 0)
(0.488293 0.101601 -6.2628e-17)
(0.259636 -0.418998 1.87074e-16)
(10.0245 0.20593 2.81037e-17)
(1.50754 -0.0130386 3.11944e-17)
(0.196796 -0.525837 1.25943e-17)
(10.0765 0.881835 0)
(-0.412011 0.180973 1.15779e-16)
(8.82978 0.0247037 1.67382e-16)
(-0.390574 -0.104054 -3.25203e-17)
(0.394591 -0.100527 -1.55452e-16)
(9.73221 0.0791538 6.58485e-17)
(-0.085937 -0.608787 0)
(-0.0200352 0.0712842 -3.11171e-20)
(2.22408 7.77591 -3.95531e-16)
(8.80895 0.233768 -2.23246e-17)
(1.78112 4.46778 6.73456e-17)
(0.280835 -0.475963 -1.6353e-16)
(-0.317377 4.44501 1.84402e-16)
(-0.535435 -0.188741 -2.38675e-17)
(-0.37943 -0.525243 1.40636e-19)
(-0.5457 0.280043 4.65741e-17)
(0.395402 -1.32385 1.34227e-16)
(-0.26447 0.882729 5.09328e-17)
(-0.082573 -1.75892 -2.45584e-16)
(0.304924 -1.31684 0)
(0.29614 -0.464615 1.62158e-16)
(0.00911567 -1.5913 4.18389e-17)
(0.324153 -0.741597 1.01451e-17)
(-0.257685 0.651018 -1.20349e-16)
(0.279599 -0.821603 -3.41704e-16)
(0.989126 0.683001 0)
(-0.140649 -1.69321 -1.8272e-16)
(0.0538783 -0.509894 0)
(0.42019 -1.0118 2.28583e-16)
(-0.68596 0.315442 -9.22155e-18)
(0.316023 -0.586235 0)
(0.359095 -1.09121 -2.00162e-16)
(0.394578 -1.15378 2.39735e-18)
(0.0582472 -1.80832 5.11294e-16)
(-0.640935 0.277761 1.90325e-16)
(-0.795475 0.52086 -1.59667e-18)
(-0.160254 2.72338 -4.18532e-17)
(0.467289 -1.26867 0)
(0.454644 -1.49203 4.44989e-17)
(-0.115285 -0.705838 0)
(0.311574 -0.335695 8.60995e-18)
(0.19335 0.163689 -4.72057e-18)
(2.69124e-05 -1.74082 -1.10606e-16)
(0.655424 -1.37522 0)
(0.318518 -0.565213 1.51632e-16)
(0.365489 -0.702154 -9.6579e-17)
(-0.141139 0.147794 3.97096e-16)
(0.273695 -0.140099 -1.45914e-16)
(-0.332944 0.953493 -1.31977e-16)
(0.23053 -1.2989 7.27099e-17)
(-0.372073 0.798117 -1.94352e-16)
(-0.134359 -0.0326522 -2.94814e-16)
(-0.0315531 -0.423804 -6.30529e-18)
(-0.259714 0.406922 0)
(-0.644777 0.332371 0)
(2.81563 2.37541 2.85392e-16)
(0.549901 -1.52509 0)
(-0.184335 0.359665 0)
(0.223624 0.695518 -2.3313e-16)
(-0.590777 0.198363 2.0633e-16)
(-0.462831 0.00499919 -4.65011e-16)
(-0.267545 0.0582038 -1.77223e-16)
(1.85841 3.17598 1.08321e-16)
(-0.14744 0.707329 -2.4887e-16)
(-0.566221 -0.0362729 -5.94643e-16)
(1.83022 5.36126 1.63553e-16)
(1.00121 -0.124735 0)
(8.17464 0.0958953 -1.55168e-17)
(1.07841 7.03954 -5.88232e-17)
(-0.520104 1.04111 3.19906e-16)
(-0.477021 -0.228965 -1.95388e-16)
(2.50035 7.45724 -2.75087e-16)
(2.25099 8.07072 2.50421e-16)
(1.07596 4.14772 1.72976e-16)
(0.0689355 -1.05861 0)
(0.176043 -1.40996 -4.3125e-17)
(1.04533 0.128304 0)
(0.699695 8.48645 -4.84635e-17)
(9.99187 0.376386 -1.853e-17)
(8.85465 0.150713 -3.23433e-17)
(-0.672554 1.21061 -1.66886e-16)
(-0.0905834 1.00813 -1.50286e-16)
(-0.132952 0.730724 1.23478e-16)
(0.0678684 -0.93822 -9.60335e-17)
(0.272313 -0.960831 0)
(0.0196337 -0.665766 -1.21908e-17)
(0.185814 -1.37367 0)
(-0.459557 -0.320028 2.4329e-17)
(2.19575 6.9218 5.7819e-17)
(0.0634012 -1.16826 0)
(1.13136 0.28743 0)
(-0.615383 3.93727 0)
(0.465414 -1.86794 3.72181e-17)
(9.93128 0.151924 -1.38604e-17)
(0.357392 -1.90977 0)
(-0.169134 1.01708 -5.72391e-19)
(-1.26039 5.70836 1.35269e-17)
(0.322264 -0.801606 2.33525e-21)
(0.315621 -0.733512 0)
(0.245173 -1.029 1.95153e-16)
(0.35517 -1.91843 0)
(-0.424428 -0.386538 8.86876e-21)
(-0.193726 0.802612 -6.65248e-17)
(0.0358049 -1.56201 -3.96744e-17)
(-0.152086 2.65189 -8.06404e-17)
(-0.187171 2.43165 0)
(0.151104 -1.79452 3.16817e-17)
(9.70898 1.22056 0)
(-0.320021 -0.435934 4.46783e-17)
(10.528 0.117632 -9.62479e-17)
(0.185937 -1.52981 0)
(1.57284 6.14678 -3.85035e-16)
(-0.807309 5.00694 7.7877e-18)
(0.0644806 -1.4865 4.0709e-17)
(-0.26088 0.0272652 0)
(0.619305 -2.0018 -1.3656e-20)
(0.0633966 -1.92097 -1.14623e-16)
(0.50134 -2.02951 5.60029e-17)
(-0.588453 -0.0173999 -1.74071e-16)
(0.799619 0.350617 1.15073e-18)
(0.205506 -1.00449 0)
(0.120243 -0.761894 1.71183e-16)
(0.109775 -1.31872 0)
(0.202475 -2.0169 3.70216e-17)
(0.41267 -1.58396 -9.51782e-17)
(8.82236 0.189567 4.45139e-17)
(8.08325 0.167894 -1.29086e-16)
(0.170478 -1.83893 4.66713e-17)
(0.343127 -2.06374 -1.47128e-17)
(-0.00111926 -0.47391 1.94921e-17)
(0.130329 -1.31407 -3.69365e-17)
(0.250568 -0.341637 3.95277e-17)
(0.3472 -1.63184 0)
(0.390669 -0.568036 3.2069e-16)
(3.14167 4.09774 0)
(0.316572 -0.785806 -1.27282e-16)
(0.757546 2.51302 1.85414e-16)
(0.273511 -0.45157 1.72483e-16)
(-0.226901 1.39622 0)
(0.3862 -0.0186929 4.80129e-17)
(-0.242804 1.46565 5.08732e-17)
(0.368277 -1.23602 2.42996e-17)
(9.81267 0.103654 0)
(-0.0861377 0.109746 0)
(-0.339285 -0.411127 7.74746e-21)
(0.252371 -1.89657 -4.0492e-17)
(-0.211671 -0.162452 2.31384e-16)
(8.22768 -0.0463028 4.36893e-17)
(0.105973 -0.976366 7.17245e-17)
(-0.64567 0.337784 3.34969e-17)
(0.108128 -0.662215 -6.13329e-17)
(0.183102 0.223387 -8.18203e-17)
(0.34362 -0.299564 -1.92862e-16)
(8.14486 -0.0416145 -5.08539e-19)
(9.32149 1.21339 4.71859e-17)
(0.381102 -0.604602 -3.24861e-16)
(0.124075 -1.62029 0)
(0.0250689 1.06954 0)
(0.956663 3.83239 6.92608e-16)
(-2.18666 0.446223 -1.21591e-16)
(-0.509398 -0.34933 -4.99261e-16)
(0.446985 -0.83547 0)
(9.72767 0.971869 1.33815e-16)
(1.0776 0.856039 0)
(0.249311 -1.1687 1.26847e-16)
(-0.870698 -0.111504 -5.97198e-16)
(-0.0957355 1.22527 1.64453e-16)
(2.02273 2.38107 0)
(-0.178753 1.36438 8.9929e-18)
(1.65318 6.87293 0)
(1.29795 1.68466 2.11967e-16)
(0.482933 -1.15407 1.11233e-16)
(0.987437 -1.41056 1.11238e-16)
(0.141717 -1.4171 -1.25426e-16)
(8.91501 2.4161 -2.95034e-17)
(1.20621 0.257624 -4.58904e-18)
(9.81271 0.0821185 2.26562e-16)
(0.0355969 -0.801258 0)
(0.334563 -0.538276 -6.70868e-20)
(0.113116 0.183831 -2.69071e-17)
(0.275847 -1.63596 0)
(0.127636 -0.665604 3.32988e-16)
(9.97484 1.01887 0)
(1.45037 0.0539964 4.52913e-18)
(10.7854 0.463134 -3.35666e-18)
(-0.209775 1.66706 0)
(-0.215289 3.03995 -9.71206e-17)
(10.0004 0.0684782 -1.14078e-16)
(9.90893 1.26265 0)
(9.7612 1.55359 -5.26399e-18)
(0.212193 -1.60222 0)
(-0.326841 0.443586 -9.05904e-17)
(0.551128 -1.77557 -1.60691e-17)
(9.77273 0.875211 7.23308e-18)
(0.90414 -0.376834 -2.07792e-16)
(0.193286 -0.548774 -2.21567e-16)
(0.092556 -0.728898 -3.82317e-16)
(-0.366035 -0.512864 -4.28651e-17)
(0.332059 -1.2831 -5.20319e-18)
(0.308064 -0.855053 5.896e-19)
(-0.0628342 0.664848 -8.64113e-17)
(0.841779 2.2709 0)
(-0.181387 -0.582769 5.19685e-20)
(-0.273044 2.16418 4.77492e-17)
(5.88338 1.27454 -4.60509e-17)
(7.20778 2.44559 6.34353e-18)
(0.229958 -0.159664 -1.47944e-16)
(-0.389231 -0.583503 0)
(0.276515 -0.42913 -1.58335e-16)
(6.57676 1.80584 0)
(9.82123 0.760991 -1.34403e-17)
(-0.625257 6.06992 0)
(-0.223199 3.64414 4.49439e-17)
(0.23687 -0.282903 -1.04926e-16)
(-0.0340111 0.0596929 2.31324e-21)
(-0.389289 -0.668124 1.03196e-16)
(-0.253495 0.213611 0)
(1.5965 0.180093 3.04662e-16)
(0.107821 -0.717573 -7.17447e-17)
(0.634724 -1.93088 2.93056e-20)
(6.69577 1.61541 -6.35927e-17)
(-0.485825 -0.814324 8.59196e-17)
(-0.233166 0.326168 9.37596e-17)
(0.239599 -0.581714 -1.35102e-17)
(9.81702 0.0556124 0)
(-0.193592 1.98219 4.38752e-17)
(1.33539 -0.112735 -1.0348e-16)
(0.471991 0.257464 -1.32741e-16)
(9.8217 0.0470853 -4.73962e-17)
(-0.556203 -0.262111 6.80451e-17)
(0.0474311 -0.516916 3.62506e-17)
(-0.313711 -0.691061 -8.40709e-17)
(9.15833 1.23552 3.76279e-17)
(9.09896 1.69286 2.09319e-17)
(1.21325 0.103096 2.61014e-16)
(0.295404 -1.29139 -1.7476e-17)
(-0.410742 3.86968 0)
(9.83243 0.0582188 1.87496e-16)
(0.106323 0.188271 3.45637e-16)
(0.820761 -1.88286 -1.85252e-17)
(0.267237 -0.392022 0)
(0.260599 -1.2831 2.92266e-17)
(-0.34784 4.97611 -6.42943e-17)
(-0.279152 3.56708 5.38828e-17)
(0.936544 -0.223557 3.52654e-16)
(0.0310424 -0.165881 0)
(-0.293542 -0.553855 2.47196e-17)
(9.4874 1.82951 4.40951e-17)
(8.81922 1.03245 0)
(-0.319824 4.80281 8.90636e-17)
(0.131807 -0.558494 -6.65111e-17)
(9.80924 0.0681794 8.42646e-17)
(9.92024 0.156497 -2.31932e-17)
(0.583302 -1.61319 -2.41646e-16)
(0.126198 0.00168497 -4.05456e-16)
(0.341185 -0.430102 1.96863e-17)
(-0.0975159 -0.226813 1.05565e-16)
(1.38747 0.768249 -3.37791e-16)
(1.56151 1.09665 -1.33222e-18)
(9.81335 0.128459 0)
(0.508531 -0.291611 1.84649e-16)
(10.0119 0.0688501 4.02251e-17)
(-0.297975 1.55385 -5.04968e-17)
(0.0343442 0.0211577 1.51223e-16)
(0.567815 0.367819 -5.58729e-17)
(-0.14912 0.15559 -9.56479e-17)
(9.83399 0.0842583 -2.63821e-17)
(1.55591 0.495198 -1.74479e-16)
(0.335275 -0.080604 -2.39018e-17)
(8.77399 0.286764 0)
(8.89467 0.748813 8.09947e-17)
(-0.261826 0.801361 7.09574e-17)
(-0.460358 0.880308 2.02704e-16)
(-0.651293 -0.478568 0)
(9.0858 2.04824 -3.16113e-17)
(0.522032 0.592786 -1.6606e-16)
(-0.308606 -0.24314 1.78055e-18)
(-0.229486 1.51657 -3.09949e-17)
(-0.0435924 0.228274 2.34583e-17)
(0.815886 -1.72001 -1.97478e-16)
(-0.222075 -1.5535 -9.5609e-20)
(0.510778 -1.33764 3.52037e-16)
(0.291501 -0.415131 -3.89588e-17)
(0.432893 -0.0513354 0)
(-0.231863 -0.758358 1.51479e-16)
(7.0118 0.100717 2.2898e-17)
(0.335657 -0.216618 0)
(0.305377 -0.872036 -1.70957e-17)
(0.0809065 -0.15142 -8.03049e-17)
(0.347505 -0.686256 1.07902e-16)
(-0.276181 -0.883893 -4.11398e-17)
(-0.143033 -0.0296199 -8.28473e-17)
(-0.627364 -0.207871 3.33549e-16)
(9.82654 0.109208 0)
(9.05888 1.268 -6.08103e-17)
(0.301049 -0.882074 0)
(0.0207784 -0.814531 1.69213e-16)
(9.44506 1.04872 -6.71239e-17)
(-0.311141 -0.767956 7.80282e-17)
(-0.00329143 -0.36638 3.59438e-16)
(4.8621 2.84443 9.86274e-17)
(9.00231 1.34234 -3.29918e-19)
(-0.00714631 0.797409 -1.67707e-16)
(10.0081 0.0743917 -1.17428e-17)
(5.2967 0.322832 2.52305e-16)
(1.15647 -1.10383 2.4863e-16)
(-0.386575 0.445235 4.18781e-18)
(-0.339919 -0.514506 -1.02798e-16)
(-0.372968 1.6161 -3.21407e-17)
(0.221599 -0.23564 -9.35908e-17)
(8.12508 0.298817 4.91143e-21)
(0.199305 -0.648166 2.94202e-16)
(-0.304827 2.75299 -1.15643e-16)
(8.93101 1.26235 -9.11797e-19)
(0.0519074 0.101265 9.78479e-17)
(8.50266 0.331022 0)
(9.58484 0.1088 2.2947e-17)
(9.82296 0.106428 1.2877e-17)
(-1.31951 5.361 1.42522e-16)
(-1.03853 -0.167692 -4.58658e-16)
(7.70059 0.295465 -2.39546e-17)
(-0.496321 2.38393 0)
(0.0156119 0.98217 1.14535e-16)
(1.87426 0.14685 -2.75483e-16)
(0.942541 -0.230497 0)
(0.192537 -1.01316 0)
(0.826563 0.163927 1.57702e-16)
(2.37009 0.160447 2.56526e-16)
(2.78524 0.195319 0)
(-0.301971 4.23961 -1.8708e-16)
(9.53958 0.938832 -7.2679e-18)
(1.17087 1.31136 1.48035e-16)
(0.973097 -1.42984 1.10419e-16)
(0.094734 0.430343 0)
(1.20581 1.01401 -3.22121e-16)
(0.325237 -0.392681 1.45218e-16)
(-0.291177 3.08838 1.11001e-16)
(6.06325 -0.282159 0)
(0.677039 0.561324 0)
(5.22599 0.113274 0)
(8.92885 0.352929 8.02857e-18)
(9.1975 1.59098 1.10871e-17)
(10.432 0.756438 -1.37761e-17)
(9.27503 0.925023 7.47902e-17)
(1.02877 0.0564758 2.37905e-16)
(-0.272836 4.62294 4.21777e-17)
(9.05379 1.35192 -1.35587e-16)
(3.23587 0.207021 0)
(4.03902 0.184111 5.06281e-17)
(1.48074 1.34876 0)
(0.0198562 -0.164221 -1.28166e-16)
(9.94583 0.0352392 6.09165e-18)
(10.9509 0.055134 0)
(9.51377 0.108054 5.51815e-18)
(6.74654 0.543897 -1.68744e-16)
(1.47882 -0.118184 -3.74223e-16)
(6.99736 0.742874 1.25431e-16)
(4.6688 4.56482 0)
(3.19746 5.47662 1.75919e-18)
(9.62745 0.0117003 1.04871e-16)
(0.0916307 1.69301 -1.87067e-16)
(0.230028 0.0112696 -7.17556e-18)
(2.32036 6.58541 -3.73794e-17)
(5.41397 0.170619 7.03467e-19)
(3.66834 0.203139 8.22793e-19)
(0.79224 -1.4881 3.36178e-19)
(0.895257 6.41206 0)
(-0.423202 0.347335 1.69535e-16)
(-0.357536 -0.533801 1.64283e-16)
(0.337986 -0.687987 -1.67789e-16)
(4.94244 0.10812 0)
(-0.0763307 -0.264276 9.41553e-17)
(1.00193 1.78057 3.26411e-17)
(0.540187 -1.32916 -1.46828e-16)
(0.6423 -0.399889 -2.05393e-17)
(0.317654 0.44498 -1.42082e-16)
(0.212931 -0.161019 6.57964e-17)
(4.36535 0.15657 -5.22606e-17)
(-0.165731 3.78203 0)
(-0.256299 -0.493355 1.69094e-16)
(3.67364 2.68939 -4.69845e-16)
(-0.563968 0.404645 -9.35413e-17)
(-0.219765 -0.423273 -1.44263e-16)
(0.154687 -0.251932 1.03894e-20)
(5.98556 0.454803 -1.13504e-18)
(1.26101 1.35099 1.46599e-16)
(9.61226 0.839482 0)
(1.45691 0.0403668 0)
(3.34805 1.56233 -9.95749e-17)
(9.99386 -0.0118193 2.90041e-18)
(9.87141 0.207059 0)
(-0.266796 0.210488 -9.16357e-17)
(-0.552113 -0.651315 0)
(0.20822 4.34364 -1.19702e-16)
(9.89577 0.116604 2.57889e-17)
(0.499045 -0.95546 2.0609e-16)
(0.277991 0.0652214 0)
(8.80804 1.20483 2.8748e-17)
(-0.576994 -0.737015 -1.20394e-16)
(-0.216547 -0.0718859 9.01982e-17)
(-0.343155 0.0998559 -2.0786e-16)
(1.79655 7.91989 1.02254e-16)
(1.34194 -0.192772 -3.75765e-17)
(-0.0443675 2.39845 4.45818e-16)
(-0.162864 -0.125046 0)
(9.72141 0.139748 -8.64911e-17)
(9.86435 0.0801416 -2.79667e-18)
(-0.219926 4.56535 -8.03471e-17)
(-0.101523 -0.0368217 1.03823e-16)
(2.44018 -1.82302 -1.27424e-16)
(6.15052 0.0494253 3.37619e-17)
(5.65519 0.220495 -4.672e-17)
(4.61164 -0.295355 -2.11333e-16)
(5.24422 0.172672 0)
(5.61528 0.057125 -1.55278e-16)
(7.25731 -0.0455609 0)
(6.11845 -0.078891 3.86586e-17)
(4.66272 0.128691 5.99276e-18)
(0.115555 -0.763532 -7.41729e-16)
(0.151068 0.0398345 -4.788e-16)
(11.1142 0.436825 5.33621e-17)
(0.183365 0.926881 -3.28455e-17)
(0.22311 0.136355 2.2376e-17)
(-0.87404 -0.501674 6.38795e-16)
(-0.111346 -0.0921838 8.19745e-21)
(-0.0538779 -0.332645 0)
(-0.820235 0.316995 -1.96725e-16)
(0.106371 -0.207558 -4.27118e-17)
(-0.209762 -0.23025 0)
(-1.32579 0.155466 3.00589e-16)
(9.11506 0.537634 3.08038e-16)
(0.633477 -1.54093 -2.19328e-16)
(8.36242 -0.0202322 4.22922e-17)
(0.169879 -0.249169 -7.09904e-17)
(0.621868 -1.34433 -1.2423e-16)
(9.68719 0.734162 0)
(8.69447 0.911892 -4.14217e-17)
(10.3836 0.467868 0)
(5.93528 0.11724 0)
(1.08802 4.04953 1.46009e-18)
(8.72229 1.08962 9.64791e-20)
(-0.325907 -0.378238 4.14948e-17)
(-0.157611 -1.08449 -3.53446e-16)
(-0.138714 -0.653533 3.25604e-16)
(9.74694 0.0242592 1.11157e-17)
(0.189097 -0.606232 1.32065e-16)
(0.0314871 -1.18775 2.42205e-16)
(-0.434184 -1.10319 1.46894e-16)
(-0.952427 -0.0216154 -3.3044e-16)
(3.31337 4.86713 3.68434e-17)
(0.649452 1.00841 2.1119e-16)
(-0.216602 2.96631 -5.09176e-17)
(-0.321077 4.87922 0)
(9.89269 0.196372 0)
(9.5804 0.0211923 6.04721e-17)
(9.80228 0.0591422 -8.85951e-17)
(1.41296 1.54567 -1.84928e-16)
(0.210945 -0.636873 -4.28131e-17)
(0.755481 0.204246 3.78943e-17)
(-0.168179 0.12123 0)
(-0.140589 -0.222789 0)
(9.97565 0.258485 6.59665e-17)
(8.48147 1.77835 0)
(-0.159669 -0.119521 -9.05245e-17)
(-1.06666 -0.157619 -2.72051e-16)
(8.67781 0.419838 1.63346e-17)
(1.87798 7.43057 0)
(1.19348 0.761849 2.81587e-16)
(0.218702 -0.841709 0)
(-0.685154 0.214956 1.86482e-16)
(8.61417 2.24652 -1.02729e-16)
(-0.928693 0.758876 0)
(-1.19649 1.05279 -1.24027e-16)
(0.732903 -0.925661 -7.86894e-17)
(9.80126 0.0578891 -7.95822e-17)
(-0.0159605 -0.248127 1.98787e-16)
(-0.843449 0.419273 0)
(0.318002 -0.413799 8.83357e-17)
(-0.596012 -0.199729 -8.62058e-17)
(10.5457 0.0990406 0)
(-0.0702823 -0.356395 0)
(0.363633 0.406277 2.41941e-16)
(-0.227428 0.722531 -1.2619e-16)
(0.473358 0.889121 0)
(6.96609 0.0750802 1.85404e-16)
(9.41626 0.122578 0)
(-1.18226 6.17433 -1.32821e-17)
(0.693595 0.464738 -1.536e-16)
(9.75319 0.117923 6.51251e-17)
(0.589693 0.950934 -1.92725e-16)
(4.47989 1.87212 -2.8612e-16)
(-0.629338 0.3355 -1.19403e-16)
(-0.138358 -0.317844 0)
(1.01152 -1.2419 -2.33646e-16)
(0.351579 0.539526 3.46463e-17)
(1.20501 -0.559554 0)
(1.2279 -0.213167 -1.91729e-17)
(0.00356677 -0.566589 1.74428e-16)
(0.159343 -1.22529 6.51364e-17)
(1.42085 0.0680639 0)
(1.72177 -0.00466679 6.46857e-19)
(11.2129 0.189152 -4.98417e-17)
(0.290248 0.0689747 4.37386e-17)
(-0.469143 0.157127 5.98248e-16)
(-0.107731 -0.308766 1.05402e-16)
(1.58903 0.776344 3.27934e-16)
(9.81532 0.0840916 6.1947e-17)
(-0.386604 4.62767 0)
(1.44005 0.106365 2.24138e-18)
(-0.110683 -0.316254 -1.89402e-16)
(0.353383 -0.0724188 -3.35303e-16)
(0.2777 -0.414211 -1.11126e-16)
(9.55676 0.0364542 9.64224e-20)
(-0.144109 1.59986 0)
(-0.0598329 0.799373 5.92139e-18)
(0.744443 -1.58677 -9.56266e-17)
(9.98187 0.239191 2.93053e-17)
(0.444804 0.126628 2.60545e-16)
(9.80359 0.0360891 5.57467e-21)
(9.81167 0.138997 0)
(7.89681 0.108 5.01165e-17)
(-0.469802 0.856339 0)
(5.83519 -0.0440212 -2.06988e-16)
(-0.439496 3.77653 -1.6555e-16)
(1.83365 0.0671616 0)
(0.121872 0.391248 -8.13647e-17)
(8.55391 1.41799 -2.03427e-17)
(1.02845 1.96377 8.8146e-17)
(0.231182 2.83667 -7.29769e-18)
(0.349017 1.76998 0)
(0.313622 2.35553 7.59941e-18)
(0.14317 3.21713 1.56892e-17)
(0.291039 1.14027 3.60779e-17)
(0.141314 0.591608 -8.33586e-17)
(0.186365 -0.872888 1.99883e-16)
(-0.401126 -0.0851977 0)
(-1.17425 -0.0237303 3.22696e-16)
(9.77646 0.0690708 1.13961e-17)
(0.0232653 0.245675 8.9257e-21)
(-0.100124 -0.302623 0)
(-0.423651 -0.181962 7.89494e-17)
(0.0932758 -2.57782 1.5183e-18)
(-0.127381 -0.00308729 -2.81698e-16)
(1.23945 0.0806163 -4.66072e-18)
(0.0363742 -0.377859 -2.2551e-16)
(-0.336279 2.26223 -8.02811e-17)
(0.0329929 0.291067 -1.42551e-16)
(-0.275673 3.73939 5.12923e-17)
(0.474891 -1.00556 3.11388e-16)
(1.91059 4.89347 0)
(-0.111478 -0.368422 -2.04488e-16)
(0.0205545 0.0336306 -1.39482e-17)
(1.05734 -0.302751 3.85832e-17)
(0.472137 -0.881879 -1.05706e-16)
(0.775052 -0.396067 -4.34401e-17)
(-0.143034 4.07465 1.30175e-16)
(0.00561503 1.0097 7.43707e-17)
(-0.566281 0.0546264 1.31683e-16)
(1.31443 0.207034 2.27121e-18)
(0.0100851 -0.760739 -2.31656e-17)
(0.00252965 -0.305989 2.09566e-16)
(-0.0463965 -0.0663407 -2.7379e-17)
(-1.68587 0.888997 -6.68576e-17)
(-0.0343178 0.184314 0)
(0.402044 -0.24226 4.41928e-17)
(0.0813964 0.607212 1.65533e-16)
(-0.192768 -0.296379 9.71433e-17)
(-0.102595 -0.808012 -6.30087e-20)
(4.55398 0.349126 -2.96475e-16)
(-0.323774 4.16521 1.67084e-17)
(-0.461524 0.341727 2.45373e-16)
(9.7997 0.044843 -7.60348e-17)
(0.0122972 -0.239702 -5.3284e-17)
(0.0156426 -0.152621 1.04232e-16)
(0.168039 0.161908 2.77613e-17)
(0.223329 -0.678325 -1.35653e-16)
(10.857 0.324636 -7.47614e-20)
(0.576196 -1.26955 1.29441e-16)
(-0.538115 5.79783 -1.28364e-16)
(-0.279993 3.52669 2.58612e-16)
(-1.51379 2.12161 2.68556e-17)
(-0.232067 -0.440916 -1.3121e-16)
(3.13288 5.3202 1.42937e-16)
(-0.00420633 -0.438464 0)
(-1.31191 2.08601 0)
(-0.0282092 0.238802 2.84163e-16)
(9.71544 0.0439151 3.38456e-17)
(0.575834 -1.24106 2.61469e-16)
(0.104457 -0.985465 -1.56582e-16)
(10.4101 0.201557 1.44542e-17)
(-0.327394 -0.243591 1.8422e-16)
(-0.00354182 1.22292 -3.62283e-17)
(5.96137 0.0999427 0)
(-1.87796 -1.13678 0)
(-0.0796178 0.0692272 4.36324e-17)
(-0.167659 2.022 1.90062e-16)
(-0.378664 2.86175 1.64556e-16)
(10.8861 0.0831403 4.58323e-17)
(-0.800785 0.854271 5.69133e-17)
(-1.00199 0.994565 2.06065e-17)
(9.78348 0.547741 2.57544e-16)
(1.58258 -0.0464957 4.67996e-16)
(0.508434 1.78143 -4.14832e-16)
(9.97809 0.123945 -8.51113e-17)
(1.33747 1.28423 -3.11885e-16)
(0.189054 0.113519 1.30655e-16)
(-0.428312 1.6803 0)
(9.81641 0.041493 6.03343e-17)
(10.3581 0.65053 -3.36175e-18)
(1.42125 0.0191447 0)
(-0.780865 6.29287 -3.07589e-18)
(1.98167 3.77861 2.41179e-18)
(-0.169687 3.75773 -3.17484e-17)
(1.32378 -0.0660598 7.54939e-17)
(-0.319745 2.97465 1.48225e-17)
(0.369337 -0.339363 3.49412e-16)
(0.347682 0.888535 2.09712e-16)
(-0.654547 0.351576 1.01023e-16)
(-1.34172 0.0831841 2.67305e-16)
(9.75923 0.389158 -1.89903e-18)
(-0.478525 -0.212882 0)
(-0.356053 -0.198815 -4.47798e-17)
(0.862261 0.0675068 2.49285e-17)
(-0.0300064 3.71482 0)
(4.83961 0.0581295 0)
(0.157716 0.313145 -1.42008e-16)
(-0.51263 1.97867 -2.31228e-16)
(-0.000815045 -1.42468 -1.2273e-16)
(3.38773 1.1371 0)
(-0.263064 -0.850206 0)
(-0.280532 4.29012 6.99469e-18)
(2.56891 1.40171 7.02344e-17)
(9.84148 0.227905 8.17115e-17)
(0.813989 -1.40152 -3.72509e-17)
(0.37406 0.353381 -1.41837e-16)
(-2.11451 2.30462 0)
(-0.0876988 0.205597 -3.90236e-16)
(-0.159163 -0.0178757 8.221e-17)
(-0.816332 -0.397901 -1.45374e-16)
(0.707773 -1.46893 3.33595e-17)
(-0.62601 0.106543 1.48735e-16)
(5.54231 0.26683 -1.33831e-16)
(-0.263443 2.82731 2.63666e-16)
(8.82396 1.41682 1.49821e-17)
(0.204013 0.441543 6.01867e-16)
(-0.560048 -0.0911596 -1.27659e-18)
(7.00867 0.249825 0)
(-0.297439 3.92406 -7.98917e-17)
(0.447535 0.224453 4.16039e-16)
(-1.5944 0.35917 1.44021e-17)
(-1.98444 0.541664 0)
(1.55767 0.472462 -6.83524e-16)
(10.8415 0.382054 1.52218e-17)
(0.454595 -0.253037 9.41623e-18)
(7.86267 0.912425 -1.90302e-16)
(0.630521 -1.38907 -4.71748e-16)
(-0.391248 3.74317 1.50634e-16)
(9.97592 0.217723 -7.47376e-17)
(2.85999 -0.289821 -9.9936e-17)
(7.61005 0.267819 -1.01281e-16)
(0.872697 0.866802 0)
(0.285613 2.93737 -8.27131e-18)
(10.8308 0.123496 -1.70115e-16)
(9.87673 0.212414 -6.87564e-17)
(-0.342209 3.93577 -1.33657e-17)
(0.878149 0.137785 -1.8557e-16)
(9.86501 0.24465 6.23407e-17)
(-0.491132 3.59154 -4.87111e-17)
(2.09396 5.86389 -1.90384e-18)
(9.73571 0.0315278 8.71358e-18)
(0.897344 -1.3435 1.54431e-16)
(0.00668037 -0.34185 6.16266e-16)
(0.555144 4.53795 0)
(10.9471 0.376534 3.13307e-17)
(10.8286 0.373685 -3.32838e-18)
(0.0143962 0.306869 1.61334e-16)
(0.17667 -0.930105 0)
(0.967694 -0.941424 0)
(-0.699471 -0.208374 3.24181e-16)
(8.09106 0.31644 -8.40018e-17)
(-0.0118021 0.299855 1.34125e-16)
(-0.842203 3.17034 -8.37378e-17)
(1.55524 0.0131602 2.55465e-16)
(10.9434 0.194551 -4.73679e-17)
(0.0535812 0.880218 4.1827e-17)
(-0.0406435 -0.9181 -1.3938e-16)
(9.86751 0.130488 -2.58801e-17)
(1.16281 -0.894104 1.24144e-16)
(7.58653 0.606303 1.74813e-16)
(5.60479 0.199508 0)
(0.0513823 -0.446406 -2.95824e-16)
(0.191281 0.130823 4.51086e-17)
(10.2652 0.147132 1.41619e-17)
(-0.122972 -0.262449 -3.61177e-16)
(3.79301 2.80301 0)
(5.67554 1.00821 5.82556e-17)
(-0.0411443 -0.211443 0)
(0.194058 2.78815 1.67296e-18)
(0.204898 -3.97014 4.6443e-17)
(-0.0859492 -0.24286 -2.19093e-17)
(9.53536 0.0594152 -6.18907e-17)
(0.371368 -0.257887 1.84038e-16)
(-0.156786 0.0647681 -9.48338e-17)
(-0.797788 -0.527983 -1.9723e-16)
(5.45672 0.223796 0)
(0.0706804 0.190435 -4.53712e-16)
(0.0199197 1.69561 5.94169e-17)
(0.725939 -1.25628 -3.6036e-16)
(1.19271 -0.0174353 -2.81781e-16)
(0.07051 0.300882 -1.56992e-19)
(1.66828 0.0187917 0)
(0.189937 -1.0052 0)
(-0.0496703 0.158162 5.48381e-17)
(7.42297 3.18252 4.84476e-17)
(8.00167 2.29355 1.77516e-18)
(-0.0340338 -0.0442684 -1.05109e-16)
(1.23506 0.0700341 1.4129e-17)
(10.9825 0.393627 -1.45195e-17)
(-0.0297979 -0.0369862 0)
(-0.972933 -3.77799 0)
(0.0112934 -0.469862 -9.76744e-17)
(0.558933 -0.544886 8.18039e-17)
(0.374873 -0.920591 0)
(-0.572147 0.651053 0)
(-0.75206 1.0182 2.8223e-16)
(11.0056 0.373831 -2.49973e-17)
(-0.501876 -0.193961 -3.74858e-16)
(0.0191598 -0.351273 2.17891e-17)
(-0.0496471 1.32877 0)
(0.311763 0.000725872 5.95808e-16)
(1.1205 2.16748 0)
(-0.0642657 -0.172758 1.84355e-16)
(8.74935 0.743643 -1.22846e-16)
(-0.200948 -0.395832 2.39454e-16)
(-0.629414 0.306968 0)
(-0.024415 -0.281138 0)
(0.470001 -0.232339 -3.94463e-16)
(-0.280586 2.6922 1.12238e-16)
(-0.467475 3.62488 2.17815e-16)
(0.68901 0.75693 -5.85514e-17)
(9.85319 0.177877 -2.54526e-17)
(-0.727115 4.65017 -9.23774e-17)
(-0.0276407 -0.364821 5.34539e-16)
(1.6901 -0.280889 4.14087e-16)
(9.76707 0.0916638 2.14859e-17)
(1.0629 1.46159 1.30844e-17)
(-0.236383 0.0720411 1.45639e-18)
(-0.499653 -0.430061 1.57619e-16)
(0.146053 0.662904 -2.45894e-17)
(-0.00208008 -0.0568605 2.44224e-16)
(1.3459 0.112811 2.27605e-18)
(-0.521511 5.00519 -4.09968e-17)
(9.56867 0.407415 -7.77859e-18)
(0.928341 0.0246076 2.22064e-16)
(9.64623 0.0937936 -4.40768e-17)
(3.44533 0.480686 -4.83938e-17)
(-0.0187135 0.0808179 1.40225e-17)
(-0.80837 0.107215 1.30602e-16)
(0.177004 -0.0823882 -1.83377e-16)
(-0.403898 3.10772 1.48656e-17)
(7.61908 0.32044 0)
(1.45972 0.0128057 3.03578e-16)
(-0.398649 0.194602 2.26827e-17)
(-0.225816 -0.346379 -2.59356e-18)
(-0.0196249 -0.389717 0)
(9.92002 0.0958458 2.01578e-17)
(0.389826 0.408164 3.95252e-16)
(-0.21032 2.38086 3.36277e-17)
(-1.51638 -1.43248 6.95966e-17)
(10.6689 -0.0211697 -1.20114e-16)
(10.2403 0.125958 2.41569e-17)
(7.62575 1.50662 0)
(-0.777966 -0.0952112 5.21755e-16)
(0.42145 0.0361423 -8.67359e-17)
(0.0595701 -0.848434 -8.2409e-17)
(1.10158 0.0948691 2.47045e-16)
(2.97794 1.35754 -2.53443e-16)
(8.2799 1.34923 7.00892e-18)
(-0.220262 -0.157324 -1.69959e-16)
(0.0518085 -0.896101 3.19932e-16)
(10.0472 0.16027 4.3081e-19)
(4.48213 2.60501 -9.78774e-17)
(0.15138 0.315018 2.00019e-16)
(7.33143 0.314538 2.06822e-17)
(-0.413725 0.31503 -3.04739e-16)
(-0.3551 -0.187969 4.20495e-16)
(5.76007 3.11973 1.15167e-16)
(6.75461 -0.0791509 1.3101e-16)
(-0.0337608 -0.113073 0)
(-0.343649 4.03601 -7.86887e-18)
(-0.255578 2.73419 0)
(0.305185 -3.09497 6.42228e-17)
(-0.250091 0.101431 0)
(0.131763 1.02682 0)
(10.6115 0.198555 0)
(0.279651 0.21836 -4.22025e-16)
(-0.216614 2.74858 -1.24287e-16)
(-0.339209 4.64447 4.47574e-16)
(0.904962 -0.562359 0)
(-0.157617 2.06939 0)
(7.5554 -0.201062 1.23791e-16)
(9.97937 0.320193 2.33316e-16)
(-0.446822 0.428874 -4.92424e-17)
(-0.143264 1.89524 -7.36837e-17)
(10.019 0.023687 -6.32224e-18)
(10.6129 0.304929 0)
(7.42152 2.88491 6.23985e-17)
(-0.378605 3.91901 -6.8877e-18)
(1.05195 2.34342 4.88696e-17)
(0.872705 -0.217696 0)
(-0.522504 -0.394582 0)
(0.31529 1.34691 4.49891e-16)
(-0.040741 -0.0136067 1.61136e-16)
(-0.204123 0.207642 4.56669e-17)
(3.81724 0.00316743 -3.68433e-16)
(0.390862 0.259868 -4.1191e-17)
(-0.363193 3.07037 0)
(5.79829 0.128298 5.23844e-17)
(-0.0921227 -0.20081 6.1193e-17)
(0.0556803 3.03061 0)
(8.01131 1.18798 0)
(0.561076 2.07118 2.6498e-17)
(8.32562 0.591551 -2.08991e-16)
(11.2176 -0.0154446 2.29309e-16)
(9.947 0.118616 1.1419e-16)
(10.6956 -0.0231838 1.03638e-16)
(-1.93394 -0.730617 -1.32623e-16)
(-0.0566768 0.0975546 -6.78193e-17)
(-0.517808 -4.45071 -4.78824e-17)
(-0.017721 0.0277327 0)
(0.0512421 0.809998 1.68943e-16)
(-2.02393 5.77827 8.85484e-17)
(-0.0869913 -0.396775 -2.71868e-16)
(-0.547603 0.320846 -1.56136e-16)
(0.192332 0.313774 0)
(1.2407 -0.090833 2.03151e-17)
(1.50968 0.226482 0)
(1.63317 9.64889 -8.40253e-17)
(-0.885143 0.46432 -1.18567e-16)
(-0.965115 0.522743 3.44308e-17)
(-0.464232 0.885743 -4.12103e-16)
(-0.11998 -0.239227 0)
(-1.06521 0.625009 -7.13163e-17)
(0.481846 -0.27435 1.08608e-16)
(8.36974 -0.149618 0)
(-0.0548448 0.0339515 -4.70268e-16)
(-0.443582 1.23644 0)
(9.81773 0.246737 2.17372e-17)
(1.43367 -0.115211 -4.77278e-17)
(2.41956 0.447747 0)
(-0.0501268 1.10907 0)
(1.39733 -0.0522792 -3.03538e-17)
(6.22114 0.24967 0)
(-0.193664 2.24332 -1.3023e-16)
(1.20358 -0.298271 -1.26392e-18)
(-0.452127 -0.0662095 2.54428e-16)
(-0.559408 -0.829922 4.5024e-19)
(0.050281 5.52741 1.06742e-16)
(-0.0120015 3.05468 -3.18976e-16)
(11.0965 -0.018904 -2.94497e-17)
(9.91398 0.231561 1.54743e-16)
(0.331523 -0.227784 -3.41316e-16)
(-1.51553 -1.35423 -1.07761e-16)
(0.173238 0.0386787 -3.76187e-17)
(-0.293004 4.37511 3.61822e-18)
(0.274813 -0.639721 1.70519e-16)
(0.199789 -0.477618 -8.16286e-17)
(-0.796705 -0.062964 1.527e-16)
(9.68927 0.0560824 -6.17028e-17)
(0.680368 3.03764 -1.33685e-17)
(9.8033 0.04165 -1.70379e-16)
(9.95826 0.637184 1.19287e-16)
(0.600072 1.32731 2.92116e-16)
(10.8663 -0.107066 -2.5366e-17)
(9.8789 0.419069 7.27714e-18)
(0.0570729 3.51296 -2.00329e-17)
(-0.0599608 -0.476963 2.72416e-17)
(7.09039 0.5776 1.13345e-16)
(6.49261 0.385151 1.33332e-16)
(-0.215316 -1.42268 1.41935e-16)
(1.89282 0.141998 0)
(0.0325702 0.927758 2.35695e-16)
(-0.220268 2.22571 1.18928e-16)
(-0.511567 3.06764 3.232e-16)
(0.696052 -0.10617 -4.03042e-17)
(-1.53844 5.44788 -2.84247e-16)
(1.12968 9.86993 5.33395e-17)
(-0.1431 2.71435 -9.18862e-17)
(0.569021 -0.491496 1.67981e-16)
(0.126265 -0.291629 -1.21888e-19)
(9.98492 0.0786873 4.44652e-17)
(1.51527 -0.0654393 4.313e-17)
(0.183573 1.67387 -7.26014e-17)
(-0.796407 -0.0381181 0)
(-0.0689122 -0.206769 -1.39079e-16)
(-0.13918 1.8503 8.3208e-20)
(10.0314 0.140882 0)
(0.47492 0.817599 5.05388e-16)
(0.154987 0.276129 8.70399e-21)
(-0.444455 2.01346 6.99864e-17)
(0.276303 -0.196708 1.35244e-16)
(-0.457032 1.33332 1.37238e-16)
(11.0557 0.0862879 0)
(-0.308789 -1.12439 -3.60186e-16)
(-0.386195 2.29548 5.11881e-17)
(9.83064 0.377648 -2.09886e-16)
(10.8975 0.260068 6.5709e-17)
(-0.164325 -0.0416775 0)
(0.191227 -1.11274 -1.19784e-16)
(-0.0262249 -0.874845 1.74081e-16)
(-0.221737 -0.159616 -1.08938e-16)
(0.323802 -0.405236 -1.676e-16)
(0.118604 0.391431 8.18369e-17)
(1.17019 0.221815 -6.67748e-16)
(0.459056 -0.222867 0)
(-0.25008 -0.110469 1.83475e-16)
(-0.0344515 -0.311244 0)
(-0.446318 0.0578823 1.9328e-16)
(-0.437185 2.30655 8.16546e-17)
(-0.522818 -0.355316 -1.95311e-16)
(4.86229 2.06957 2.87933e-17)
(8.35659 1.06471 0)
(9.995 0.217242 -6.35131e-17)
(-0.358731 0.434012 1.71538e-16)
(1.05646 1.07904 0)
(-0.289365 -1.28803 1.79346e-16)
(-0.147624 -1.24555 -4.47934e-20)
(-0.179633 -0.106464 5.93779e-16)
(-0.359468 0.229062 1.29621e-16)
(9.93792 0.470308 -1.68624e-16)
(-0.176983 -0.0966234 -1.11683e-17)
(1.63865 -1.10018 1.4467e-16)
(9.76675 0.0252703 -1.2895e-16)
(-1.47126 1.96832 -3.04015e-16)
(-0.0877426 0.129449 1.82299e-16)
(7.71237 0.0246874 2.49186e-16)
(0.0526231 -0.700917 4.53713e-16)
(1.02968 -1.25233 0)
(-1.23881 -2.54217 0)
(-0.0185649 0.129128 0)
(-0.507402 -0.127042 3.3266e-20)
(0.710915 -0.922886 -1.23941e-19)
(9.83625 0.13432 -1.23291e-17)
(0.176858 0.13901 5.06866e-16)
(0.0851399 -0.341529 0)
(-0.332824 -0.0795299 -2.35533e-16)
(5.77063 0.175449 -1.10886e-17)
(0.382252 -1.13195 0)
(0.104574 -0.728074 1.87422e-17)
(0.843165 0.278137 3.67115e-17)
(-0.480005 0.175969 1.66644e-16)
(1.51173 0.0786567 0)
(10.4757 0.109677 5.17499e-17)
(0.278095 0.542223 -5.98289e-16)
(0.152397 -1.24243 -7.63304e-17)
(0.426912 -0.0534036 4.29695e-17)
(-0.436458 0.276574 0)
(8.88361 0.0452115 -6.60512e-17)
(-0.641183 0.231235 1.26089e-16)
(3.20195 4.36362 -2.11449e-16)
(0.871482 -1.17484 0)
(0.277612 0.748945 -1.2818e-16)
(9.847 0.652581 0)
(0.974654 -0.326765 -3.3169e-16)
(9.38919 0.304192 -7.24962e-18)
(10.2517 0.172047 -1.67349e-17)
(0.142228 -0.0601185 6.31592e-17)
(0.127192 1.82888 -1.60462e-17)
(1.02962 -0.549421 -8.75364e-18)
(0.0790628 -0.801197 -2.60447e-16)
(1.19361 0.511841 -7.07563e-19)
(0.385089 0.072587 0)
(0.53219 0.0376674 -4.39689e-17)
(7.35235 0.184165 0)
(-0.440604 3.0782 1.25183e-16)
(0.527834 3.08771 8.14638e-19)
(4.96007 3.86689 9.61596e-17)
(-0.597372 0.22704 -2.18574e-16)
(4.68672 -0.0101389 -8.35962e-17)
(9.83585 0.0556545 1.21082e-16)
(10.2567 0.0538646 -2.45198e-18)
(4.53817 0.542523 1.51175e-16)
(9.89343 0.19849 -2.67194e-16)
(0.301365 -0.58357 -3.75885e-19)
(0.0120407 0.281467 2.20505e-16)
(-0.0747338 2.5935 -2.78079e-17)
(0.337877 0.235061 0)
(4.82031 1.21534 0)
(0.0635004 -0.685599 0)
(-0.0948207 1.6172 -1.36452e-16)
(0.0458295 0.337151 4.78488e-17)
(6.52407 1.68437 0)
(0.0492981 -0.308397 -1.42953e-16)
(0.0430714 -0.432154 3.7898e-16)
(0.394944 3.04656 -1.66169e-18)
(0.134445 -0.18615 3.60596e-16)
(10.1298 0.0907337 -1.01086e-17)
(9.67855 0.0799198 3.21733e-17)
(2.5155 3.3676 0)
(0.40323 -1.29026 1.64175e-17)
(2.05038 7.74622 0)
(10.4086 -0.0247165 1.92915e-16)
(10.5669 0.108266 0)
(10.5519 -0.130205 -2.35035e-16)
(9.81293 0.186342 -1.36052e-17)
(-0.419818 -1.05526 0)
(-0.323813 -0.00446354 8.54497e-17)
(-0.0232149 1.205 -2.60512e-16)
(-0.491829 2.70953 -1.24714e-16)
(10.6601 0.203364 0)
(5.10877 -0.10294 -4.17759e-16)
(-0.0492602 1.32105 -1.35449e-16)
(-0.474369 2.95858 6.49326e-17)
(-0.24983 2.46712 -3.89743e-20)
(-0.496935 3.38736 -2.15549e-16)
(0.395069 0.151405 1.98399e-16)
(10.9927 0.0627839 3.56239e-17)
(9.90042 0.570561 0)
(0.861977 2.04428 0)
(5.96684 -0.0729343 1.11885e-16)
(-0.280343 -0.181244 -9.48788e-17)
(-0.00946836 1.24572 -2.64302e-16)
(0.339247 1.81614 5.24248e-16)
(-0.207763 -0.0985212 0)
(-0.0144373 0.919904 -3.04687e-16)
(0.497896 0.769335 -2.55873e-16)
)
;

boundaryField
{
    frontAndBack
    {
        type            empty;
    }
    wallOuter
    {
        type            noSlip;
    }
    inlet
    {
        type            fixedValue;
        value           uniform (10 0 0);
    }
    outlet
    {
        type            zeroGradient;
    }
    wallInner
    {
        type            noSlip;
    }
    procBoundary0to1
    {
        type            processor;
        value           nonuniform List<vector> 
29
(
(-1.99328 0.0628839 -5.60011e-16)
(-0.869113 0.141135 3.79791e-16)
(-1.2182 0.214435 2.06664e-16)
(-1.2182 0.214435 2.06664e-16)
(-1.35719 0.577112 -1.27065e-16)
(-1.35719 0.577112 -1.27065e-16)
(4.10105 -0.206469 9.69971e-17)
(1.66066 0.0432273 0)
(6.45869 0.122089 6.94755e-18)
(0.383352 0.0698096 -1.20985e-16)
(1.23898 0.0399258 -5.6556e-17)
(-2.4051 0.18399 0)
(-1.64131 -0.0131428 0)
(-2.04 0.0267007 0)
(6.44881 -0.0751519 6.28485e-17)
(8.53088 0.0943189 8.21596e-17)
(-0.219569 0.566529 4.60806e-16)
(2.24397 0.480142 -3.16531e-16)
(-0.235612 0.127783 3.36255e-16)
(-0.202259 0.265946 6.45308e-16)
(8.82726 0.143348 3.71745e-17)
(8.44432 0.0306069 -2.44544e-18)
(6.24841 -0.0998936 8.43118e-18)
(8.06065 0.196421 -8.21651e-17)
(5.28009 0.0150191 9.57056e-17)
(2.24397 0.480142 -3.16531e-16)
(8.81925 0.150007 0)
(1.78372 -0.0220789 7.5609e-17)
(8.06065 0.196421 -8.21651e-17)
)
;
    }
    procBoundary0to2
    {
        type            processor;
        value           nonuniform List<vector> 
42
(
(-0.453076 3.29707 1.9774e-16)
(-0.553811 2.15575 -1.95969e-16)
(0.0197032 0.117348 -5.51067e-17)
(0.000251419 0.272466 3.44805e-16)
(-0.445991 -0.930676 -9.27411e-17)
(-0.453076 3.29707 1.9774e-16)
(0.0197032 0.117348 -5.51067e-17)
(-0.00398468 -0.136911 0)
(-0.3564 -0.727818 1.73497e-19)
(-0.193644 -0.333367 0)
(-0.406201 -1.13218 3.73676e-16)
(-0.458814 -0.874804 5.2988e-16)
(-0.406201 -1.13218 3.73676e-16)
(-0.422364 -0.640346 -1.02108e-16)
(-0.439914 -0.207373 -8.3404e-18)
(-0.27691 3.5279 -5.06937e-19)
(-0.439914 -0.207373 -8.3404e-18)
(-0.166574 -0.119262 -5.67972e-17)
(-0.245728 -0.54983 -2.20143e-17)
(-0.114926 0.708885 -1.0131e-15)
(-0.114926 0.708885 -1.0131e-15)
(-0.166574 -0.119262 -5.67972e-17)
(-0.0351648 0.1601 1.45105e-16)
(-0.33804 1.15319 -2.33178e-16)
(-0.33804 1.15319 -2.33178e-16)
(-0.188615 0.350496 -9.81875e-17)
(0.0303968 1.20573 -1.11406e-18)
(-0.196594 0.462792 2.88155e-18)
(-0.0808308 2.35686 -1.74986e-16)
(-0.545752 1.48102 4.72782e-19)
(-0.545752 1.48102 4.72782e-19)
(-0.195588 0.482836 0)
(-0.177083 0.39547 -8.91393e-17)
(-0.148542 0.232829 9.45153e-17)
(-0.117307 0.0338859 -1.05653e-22)
(0.0197032 0.117348 -5.51067e-17)
(-0.540815 0.839379 0)
(0.0509949 0.320582 0)
(-0.0808308 2.35686 -1.74986e-16)
(-0.00398468 -0.136911 0)
(-0.0288455 -0.246177 -5.27978e-16)
(-0.0639898 -0.166083 -2.32934e-17)
)
;
    }
}


// ************************************************************************* //
