/*--------------------------------*- C++ -*----------------------------------*\
| =========                 |                                                 |
| \\      /  F ield         | OpenFOAM: The Open Source CFD Toolbox           |
|  \\    /   O peration     | Version:  v1912                                 |
|   \\  /    A nd           | Website:  www.openfoam.com                      |
|    \\/     M anipulation  |                                                 |
\*---------------------------------------------------------------------------*/
FoamFile
{
    version     2.0;
    format      ascii;
    class       volVectorField;
    location    "0.72";
    object      U;
}
// * * * * * * * * * * * * * * * * * * * * * * * * * * * * * * * * * * * * * //

dimensions      [0 1 -1 0 0 0 0];


internalField   nonuniform List<vector> 
1466
(
(-0.150291 0.827647 0)
(0.0319084 -0.541998 -1.41029e-16)
(-0.849491 -0.111819 -1.60975e-16)
(-0.00433415 1.23157 1.52142e-16)
(0.97635 -0.133664 -6.20063e-16)
(1.68402 0.256947 -4.18993e-16)
(0.644689 -0.136785 2.91891e-16)
(-0.302685 -0.402511 4.49894e-16)
(-0.256718 1.81043 1.41318e-16)
(0.264935 -0.0917443 8.70855e-16)
(-0.323198 -0.100042 -1.72535e-16)
(0.306402 0.0545813 1.78539e-16)
(-0.0560303 -0.0526904 1.08785e-17)
(0.492383 1.24308 -1.20808e-16)
(1.04215 0.177921 -2.63972e-18)
(-0.00586504 0.516132 -3.7393e-21)
(-0.501746 -0.0021176 7.56494e-17)
(-0.0743988 0.752377 -1.66437e-16)
(0.988389 0.157726 -1.64917e-16)
(0.0567219 1.26995 0)
(-0.0259433 0.00824682 1.64257e-16)
(0.237791 0.134334 -3.74684e-16)
(0.971045 -0.0387289 0)
(0.0675191 -0.794532 8.46395e-17)
(0.622759 1.14747 -1.78519e-16)
(-0.882 -0.106292 1.78e-16)
(-0.935445 -0.151956 1.82733e-16)
(0.857402 0.105738 3.09615e-16)
(0.479916 0.111374 0)
(-0.947146 -0.173093 4.33744e-16)
(0.536612 -0.44925 0)
(0.77563 0.407234 7.87569e-16)
(0.623642 0.172145 -3.17454e-16)
(-0.91728 0.069713 -1.08852e-16)
(-0.273803 0.503412 0)
(0.933925 0.131954 2.81434e-17)
(-0.278058 -0.0982502 8.13139e-20)
(1.12964 -0.109771 0)
(0.382517 1.00869 -5.37407e-16)
(0.375287 0.111367 3.32582e-16)
(0.352735 0.0187256 -1.89753e-16)
(0.614816 0.353221 -1.88246e-16)
(-0.201587 1.55301 -3.93234e-16)
(-0.328742 -0.302531 2.51919e-18)
(0.716146 -0.0124872 0)
(-0.370191 0.918617 -2.10841e-19)
(0.942578 -0.134178 -1.74595e-16)
(0.0198355 0.444308 1.25651e-16)
(0.589887 0.366549 -2.61688e-16)
(0.00123662 -0.071789 -9.203e-17)
(-0.818844 -0.038232 0)
(0.28746 -0.0775161 -3.46598e-16)
(0.773383 -0.18736 4.41537e-16)
(1.7585 0.0819629 4.15885e-16)
(0.0663563 -0.0231343 4.5088e-16)
(0.293431 0.168429 -1.40711e-16)
(1.1668 0.0411204 0)
(-0.0486919 0.538537 3.33247e-16)
(0.475531 0.163204 1.45676e-17)
(0.347648 0.168697 0)
(0.00664393 0.586491 -2.63811e-18)
(-1.10248 -0.0128147 1.0971e-16)
(0.905842 -0.277139 1.40334e-16)
(1.58224 0.141588 -4.18686e-16)
(-0.0207964 -0.554122 2.43984e-16)
(0.248568 1.30626 -3.5297e-17)
(0.252233 0.154569 -4.33211e-17)
(-0.0391732 0.106275 -2.13392e-16)
(-0.0311838 1.08172 -1.37162e-17)
(-0.0830189 0.0786253 0)
(-0.841241 0.0287267 0)
(-0.0218686 1.12459 -6.66701e-17)
(1.13159 -0.119371 -5.08271e-16)
(-0.0346189 0.930167 -2.31712e-16)
(0.915452 -0.0676694 3.77544e-17)
(0.328909 -0.176277 -2.19937e-16)
(-0.057006 0.789315 5.69207e-17)
(-0.042319 0.859558 2.05204e-16)
(0.635295 0.0691795 0)
(0.208722 0.0634937 0)
(-0.812787 0.0446951 -3.50091e-17)
(-0.0421128 0.789037 2.33422e-16)
(0.974824 0.127497 0)
(0.58652 0.341306 1.58031e-18)
(1.01596 -0.280648 1.93874e-16)
(0.131648 -0.22356 -1.02482e-16)
(0.949397 -0.343981 -2.48798e-16)
(0.0519504 -0.672835 1.63796e-16)
(0.244945 1.22858 -3.86314e-17)
(-0.577943 0.306094 7.21335e-18)
(0.0487332 1.33221 1.09757e-16)
(-0.57356 -0.0928187 0)
(0.0450118 -0.0868508 -7.28851e-17)
(0.000350683 1.18541 2.06974e-16)
(-0.751188 -0.058012 0)
(-0.347783 -0.0321282 -2.14556e-16)
(0.013173 -0.834523 7.07171e-16)
(0.676168 0.166032 0)
(-0.924504 -0.209755 1.66293e-16)
(0.106243 1.37442 -1.70081e-16)
(0.355898 -0.000729258 0)
(0.748187 0.129495 -9.8195e-17)
(-0.821767 -0.217206 4.26206e-16)
(0.0590025 -0.335602 -1.77031e-16)
(1.00816 0.0630169 0)
(-0.331044 1.31285 -2.66027e-16)
(-0.0509692 0.192364 1.94035e-16)
(0.962068 0.114508 -7.48387e-18)
(-0.650535 -0.114962 6.09855e-17)
(0.826426 0.717394 6.45856e-18)
(0.30291 0.107289 2.04767e-17)
(0.755104 -0.2132 4.78035e-16)
(0.532641 -0.141025 -3.67104e-16)
(1.07016 -0.182604 -2.14253e-19)
(-0.0498538 -0.128749 -2.18589e-17)
(-0.711466 2.62103 0)
(0.19303 1.33681 -8.09887e-17)
(0.272423 1.36209 5.68882e-16)
(-0.697129 0.159391 3.71605e-17)
(-0.0510218 0.412374 -4.97184e-16)
(-0.397848 0.110264 2.01151e-16)
(-0.136631 0.895729 0)
(0.0402507 0.480803 -7.96509e-17)
(0.0968917 -0.784853 -8.38879e-17)
(0.285045 1.1102 3.08631e-16)
(0.038283 0.186921 -1.28415e-16)
(0.0616654 0.0602608 3.09633e-17)
(-1.34373 -0.351001 0)
(0.0716975 -0.0386811 7.01445e-17)
(-0.385666 1.02301 -2.7643e-16)
(0.620759 0.155439 1.2019e-16)
(-0.0664404 0.724576 -1.32634e-20)
(-0.435233 0.174182 2.51461e-17)
(0.222482 0.13094 -7.09335e-17)
(-0.797021 0.0283201 -1.0801e-17)
(0.0856838 -0.029589 1.76318e-16)
(0.65851 0.317277 0)
(0.8709 -0.435053 0)
(0.806823 -0.0738654 3.86507e-17)
(-0.103407 0.223637 1.03809e-16)
(0.188374 -0.0489055 -1.15738e-16)
(-0.637987 -0.0500509 -1.68953e-16)
(0.0552527 0.041228 8.10082e-17)
(0.163997 -0.207758 -4.94009e-16)
(0.772253 -0.049467 1.52494e-16)
(0.392559 0.436055 0)
(0.165991 -0.341797 0)
(-0.967903 -0.143542 0)
(0.071519 0.0771912 8.1564e-17)
(1.08265 -0.181101 2.48162e-16)
(0.0771617 0.0389276 -1.61099e-16)
(0.142573 0.174826 4.75098e-18)
(-0.462533 0.417782 1.33429e-16)
(0.226546 -0.82115 -2.52565e-17)
(0.0616008 1.2591 -1.83275e-16)
(-0.725174 -0.163161 -7.88666e-17)
(-0.0370074 1.08658 -3.79081e-16)
(-0.392448 -0.99433 1.59221e-16)
(0.294083 0.108655 -8.12883e-17)
(-0.834707 -0.0382852 0)
(0.782235 0.0770837 1.15726e-16)
(0.203232 1.34429 -2.40981e-17)
(0.00405125 -0.510551 3.18595e-16)
(-0.373881 0.0369195 1.96818e-16)
(0.712223 0.194322 -5.08335e-18)
(0.00503583 -0.101909 6.45562e-20)
(0.0439485 1.2147 0)
(-0.274899 0.0961238 1.02668e-16)
(0.160337 1.06914 4.80275e-18)
(-0.957927 -0.110911 3.17209e-16)
(-0.162409 -0.177108 2.75962e-16)
(0.238186 -0.295555 2.64592e-16)
(0.144919 0.119852 0)
(-0.0140095 0.0563312 1.0539e-16)
(-0.908046 -0.125516 -7.10913e-16)
(0.0753516 -0.64902 2.06475e-16)
(0.670357 0.257657 1.62159e-16)
(0.2623 0.0561437 -2.50591e-17)
(1.02991 0.233062 -1.36504e-16)
(0.131388 -0.024842 2.49557e-17)
(-0.0710803 0.968565 -2.08706e-16)
(0.860143 0.0661329 2.16285e-16)
(0.657542 0.118365 -3.01267e-16)
(0.301557 1.32214 -5.20246e-16)
(0.0206407 -0.635916 -4.36716e-16)
(0.473491 1.29262 5.55437e-16)
(0.772952 0.10416 0)
(-0.490002 2.52893 0)
(0.839447 0.0863248 -5.27523e-17)
(-0.589076 -0.472827 0)
(0.0855309 -0.6792 0)
(0.131357 0.842351 1.29828e-16)
(0.253115 1.37583 2.11545e-17)
(-0.0108218 -0.538346 -9.1193e-17)
(0.922797 -0.00563182 -4.34168e-20)
(-0.0467928 0.963433 0)
(0.814965 -0.104921 -5.10517e-17)
(0.858845 0.46595 -1.35075e-17)
(0.983667 0.595038 -1.27264e-17)
(0.863969 0.886103 -5.92915e-18)
(-0.301727 -1.004 -8.82223e-17)
(0.142665 -0.278087 3.3098e-16)
(0.977298 0.0939645 -6.19919e-17)
(0.218821 1.18779 2.54108e-16)
(0.246349 0.273686 0)
(0.595413 0.378932 3.45307e-16)
(0.810733 0.100272 1.6516e-16)
(-0.657556 0.511887 1.37989e-16)
(1.00739 0.238719 4.97025e-17)
(0.444273 0.1657 1.14905e-17)
(0.630355 0.312578 5.51711e-17)
(-0.320359 -1.22003 3.15308e-19)
(0.232331 -0.200759 -1.16306e-16)
(0.901617 -0.448095 -1.45808e-19)
(-0.817496 -0.00905126 -8.61027e-17)
(0.775112 0.0883443 2.72188e-17)
(-0.808546 -0.315494 -8.3003e-17)
(-0.205575 -0.0732309 0)
(0.126002 1.41397 0)
(-0.0213801 1.10376 4.39282e-22)
(-0.494373 -0.0386875 1.44668e-16)
(-0.25637 0.725177 0)
(0.068102 1.00066 6.15602e-17)
(0.899087 -0.233317 3.71699e-17)
(-0.0142019 0.0829263 -5.70575e-17)
(0.790803 -0.308046 0)
(0.712297 0.941362 7.9171e-17)
(0.162386 0.675598 1.29053e-16)
(-0.232361 0.118292 2.98719e-18)
(-0.0349749 1.56504 -3.50103e-16)
(0.878189 -0.507912 2.64637e-16)
(0.085671 -0.59692 0)
(0.0847865 0.966517 -1.28069e-16)
(0.416767 0.126429 2.39267e-20)
(1.01216 0.144102 0)
(0.434523 0.445781 0)
(0.501857 0.0747626 0)
(-0.800696 -0.293874 -5.88496e-16)
(0.605551 0.0170465 -1.16648e-16)
(0.646257 0.907914 0)
(-0.147123 1.73806 1.42179e-16)
(0.655477 -0.0128098 3.22524e-16)
(-0.468 -0.116471 -4.02246e-17)
(0.715273 0.25649 -7.55769e-16)
(0.62068 0.325261 0)
(-0.189648 0.0585661 -1.88463e-16)
(-0.663731 0.0110506 -5.53842e-19)
(-0.621428 0.00520573 3.45829e-16)
(-0.186784 -0.0595082 0)
(-0.34999 0.079109 -5.70268e-18)
(0.0527457 1.07453 -7.48406e-16)
(0.23455 0.350147 -1.03511e-16)
(0.609038 0.347701 -1.29232e-16)
(0.125188 -0.555123 5.18983e-16)
(0.16405 0.834098 0)
(0.451185 0.290475 1.67615e-16)
(0.910996 0.64276 -1.21771e-17)
(0.0477824 0.979883 -6.19313e-17)
(-0.62288 2.90598 1.01217e-16)
(0.322542 -0.15902 -1.30638e-16)
(0.837562 -0.496224 -1.27314e-19)
(0.940416 -0.361578 2.62317e-16)
(0.425456 0.430059 -3.41769e-20)
(-0.701454 0.0646363 -2.68313e-17)
(1.41043 0.179046 -2.05891e-16)
(0.952878 0.125515 -2.64774e-16)
(-0.366163 1.80725 9.6965e-17)
(-0.188844 -0.612495 1.69897e-19)
(0.131233 -0.303345 -6.99837e-17)
(-0.0327377 1.09608 -5.7705e-17)
(0.860936 0.130058 -9.29492e-17)
(-0.0764975 0.930522 6.39533e-17)
(0.790945 -0.420509 2.96468e-17)
(0.606687 0.552249 3.07451e-18)
(1.02024 -0.296413 -3.99164e-16)
(0.511833 0.240896 6.0513e-17)
(0.18302 -0.440458 1.53142e-16)
(0.280828 0.622724 0)
(-1.09431 -0.277259 -5.84798e-18)
(0.598411 0.36927 2.05335e-16)
(0.665526 0.516454 2.78137e-17)
(-0.0877128 -0.00347967 0)
(-0.517974 0.0570688 5.25422e-20)
(-0.0631422 -0.00442113 5.3159e-18)
(-0.217929 -0.179941 -9.71363e-17)
(0.51072 -0.171186 -1.00525e-16)
(0.0435146 0.182349 0)
(-0.35105 -0.132066 0)
(-0.771439 0.226109 2.72814e-16)
(-0.134966 0.278561 1.42099e-16)
(0.721002 -0.367619 -2.14396e-16)
(-0.429431 1.81619 -4.71987e-17)
(0.117384 0.343568 -4.63917e-17)
(0.275275 -0.109812 0)
(0.633157 0.237178 -1.81333e-16)
(-0.154833 -0.106153 0)
(-0.303833 1.95989 7.14054e-17)
(-0.719272 1.97168 4.92606e-19)
(0.150953 -0.0809127 0)
(0.142881 0.410338 -2.22607e-16)
(0.167899 0.160849 -6.73922e-17)
(-0.22906 -1.19527 3.44535e-16)
(0.0762985 0.105509 -4.37197e-17)
(0.171948 0.22996 8.5804e-17)
(0.874578 0.198677 2.57424e-16)
(0.261843 0.182513 -4.2641e-16)
(0.0557102 0.125445 -1.77993e-16)
(0.547748 0.190644 -1.31724e-16)
(-0.216656 0.00279301 5.37511e-18)
(-0.59988 2.82625 1.98597e-16)
(-0.270399 1.63072 2.83036e-16)
(-0.651625 -0.0600219 4.12194e-17)
(-0.160852 -0.238781 -1.40209e-16)
(0.0767681 0.101786 -2.73682e-16)
(0.624029 0.272751 6.40611e-17)
(0.416111 -0.292913 -2.44482e-17)
(-0.0198861 -0.505133 -1.53751e-20)
(-0.850472 -0.0598481 1.77923e-16)
(0.66561 -0.13537 0)
(-0.000195836 0.0879991 -4.14799e-17)
(0.699793 -0.24262 -3.04765e-17)
(0.0371743 -0.0182834 -1.91667e-16)
(0.639796 0.0694518 5.61887e-16)
(1.06565 0.0107176 -1.67612e-16)
(0.0317803 0.0528762 1.8675e-16)
(-0.658425 0.122381 -1.24105e-16)
(-0.453899 -0.0181622 2.11311e-17)
(-1.0534 -0.00855897 0)
(-0.546286 -0.00406564 0)
(-0.767925 0.00918363 -1.47782e-16)
(0.551191 0.013503 0)
(1.14658 -0.032913 3.51116e-16)
(-0.481875 0.0178273 1.97948e-17)
(-0.695985 -0.0713761 0)
(0.193709 0.0629898 -1.24608e-17)
(1.11738 -0.0101868 0)
(0.419749 -0.0986765 -4.81346e-17)
(-0.707604 -0.0280197 -1.22099e-16)
(0.42071 -0.0403863 -1.54959e-17)
(-0.780671 0.0181838 1.52615e-16)
(0.650948 0.0130129 0)
(1.04379 -0.0463793 -2.64831e-16)
(-0.251376 0.0384125 0)
(-0.484228 -0.0309457 0)
(-0.938432 0.100872 -1.27522e-16)
(-0.68751 0.0308498 0)
(0.688397 -0.0629611 -8.27428e-17)
(0.779947 -0.0830088 8.26862e-17)
(0.0820493 0.254028 1.0938e-16)
(-0.743623 0.376622 -2.94036e-16)
(0.592977 0.315171 5.19063e-17)
(0.779059 -0.516001 5.12136e-16)
(0.554973 0.343956 -5.15839e-17)
(0.467109 0.241451 -4.09114e-16)
(0.480753 0.215033 2.38842e-16)
(0.370055 -0.243785 -4.40369e-18)
(-0.27743 -0.913606 -3.72734e-16)
(0.170443 -0.526609 3.90247e-16)
(-0.564584 3.30329 3.80244e-19)
(-0.157932 0.117747 -2.12389e-16)
(-0.828923 0.10647 0)
(0.154442 0.0692529 1.93742e-16)
(-0.0330409 -0.076012 2.11704e-16)
(-0.543996 -0.0545012 -2.73286e-16)
(0.0749384 0.16001 3.88808e-17)
(-1.05363 0.0444891 0)
(-0.45687 -0.0329368 -2.19394e-17)
(-0.531725 0.0329916 -1.43454e-17)
(0.994452 -0.0704338 1.25035e-16)
(0.746298 -0.0380302 0)
(-0.729742 0.0331112 1.86053e-17)
(0.602631 -0.0566465 -8.76606e-17)
(0.588928 -0.0527133 -2.57929e-16)
(1.14637 -0.0239726 0)
(-0.738373 -0.0532206 -4.26496e-16)
(0.374918 0.0495328 0)
(-0.421751 0.0960857 8.86382e-17)
(-0.199943 -0.147981 -7.91337e-18)
(0.988206 -0.471145 3.45356e-16)
(0.0194728 0.220058 -2.20899e-16)
(0.681528 -0.311886 2.62342e-17)
(0.00726553 0.126661 -2.86156e-17)
(0.261164 0.19135 -8.08375e-18)
(-0.641984 -0.0324925 -8.49043e-17)
(0.043618 0.15578 -2.45941e-17)
(-0.0358757 0.323294 4.178e-16)
(-0.24332 -0.143391 1.06504e-16)
(-0.213482 -0.282264 0)
(0.617018 -0.131435 0)
(-0.0143211 0.312748 0)
(0.0257764 0.292349 3.49516e-16)
(-0.0435906 0.670896 0)
(-0.0536198 0.138521 1.38735e-17)
(-0.778661 1.38335 5.62432e-17)
(-0.163454 0.0563432 -4.34491e-17)
(1.03274 0.403885 -7.58901e-17)
(-0.0746988 0.00779935 1.95846e-18)
(-0.79702 -0.0052766 -1.26714e-16)
(1.04598 0.0202894 -8.84375e-17)
(0.287236 -0.0809111 5.23903e-17)
(0.606309 -0.00745421 3.73986e-17)
(-0.759843 0.0127616 -3.8405e-18)
(-0.115398 0.134957 -2.01257e-16)
(0.763143 -0.471354 -2.47018e-17)
(0.387609 -0.0840168 0)
(-0.19502 -0.0898159 2.9489e-16)
(0.203261 -0.155643 -1.38471e-16)
(-0.513897 3.00398 -2.02713e-16)
(0.364371 0.034558 -1.02374e-16)
(0.285623 0.162397 -1.07089e-16)
(-0.226546 -0.247534 2.22261e-17)
(-0.178655 0.254887 -3.80075e-16)
(0.0364156 0.155491 5.85728e-17)
(0.00274251 0.209408 4.41792e-17)
(-0.8017 1.49238 -3.45892e-17)
(0.0848061 0.148635 1.53829e-16)
(0.325423 -0.112643 -3.32516e-17)
(-0.151237 0.31967 1.09023e-19)
(0.095813 0.289641 0)
(0.0891438 0.241176 0)
(0.038149 0.272595 7.64401e-16)
(0.0236576 0.259862 8.96861e-17)
(0.567256 0.177428 -1.53402e-16)
(1.01637 0.199876 5.23481e-16)
(0.850998 0.186837 -3.19605e-16)
(1.03968 0.197238 6.67794e-16)
(0.896852 0.187232 -1.53963e-16)
(0.759439 0.193802 -4.14219e-16)
(1.1391 0.189797 -2.74363e-16)
(1.14734 0.196393 -2.94638e-16)
(-0.053191 -0.337829 -2.19019e-17)
(0.132128 -0.275021 -4.43369e-17)
(0.286488 -0.0195635 4.06472e-17)
(-0.454384 -0.587758 -2.10371e-19)
(-0.19157 1.30958 -1.12391e-16)
(-0.500714 -0.173755 -1.49805e-16)
(-0.773042 1.13018 2.21722e-16)
(-0.0682953 -0.439333 2.45297e-16)
(-0.777933 0.164878 4.20343e-16)
(-0.812898 0.431787 -1.79096e-16)
(-0.167605 -1.19106 -4.67027e-17)
(0.0896735 0.274306 0)
(-0.388213 -0.923183 3.19172e-16)
(-0.453738 0.34871 4.31494e-17)
(-0.761854 0.323566 -2.26996e-16)
(-0.777295 1.03741 -2.28114e-16)
(-0.693209 0.841463 0)
(-0.590993 1.07778 2.65138e-16)
(-0.535866 0.808738 0)
(-0.290766 0.342698 7.45785e-17)
(-0.528382 1.16479 1.84503e-16)
(-0.74813 1.3893 0)
(-0.333467 0.379041 -4.91198e-17)
(0.3029 0.180376 -3.99299e-16)
(-0.718416 0.700193 -7.16492e-17)
(-0.710391 0.0263822 -2.89174e-16)
(-0.634092 1.14758 -2.85598e-19)
(-0.760008 1.1323 0)
(-0.29282 -0.0454693 0)
(-0.355448 0.375162 -1.2096e-16)
(-0.733763 0.671157 1.55618e-16)
(0.353336 0.0482933 3.27843e-18)
(0.362796 0.142406 3.44713e-16)
(-0.0897492 0.327299 4.12997e-16)
(-0.352978 -0.80905 -5.91344e-17)
(-0.256775 -0.348407 0)
(-0.565517 -0.0230826 1.56019e-16)
(0.127128 -0.211907 -1.19981e-17)
(0.0114692 -0.212457 0)
(-0.061386 0.876221 1.09189e-16)
(-0.472671 -0.41703 3.02309e-17)
(-0.601293 0.226671 -3.23996e-17)
(-0.184873 0.385091 -2.94783e-16)
(-0.460304 0.148841 6.48026e-17)
(-0.0452894 0.63389 -1.01723e-15)
(0.350016 -0.418674 -7.1637e-16)
(-0.184267 0.443747 0)
(-0.126298 0.716628 -4.59765e-17)
(0.793311 0.0985884 -1.19031e-16)
(0.412642 0.804699 2.74256e-16)
(0.0340634 -0.0968006 -5.62047e-17)
(0.11292 -0.133693 -5.62173e-17)
(0.261676 0.820709 5.11856e-16)
(-0.0355124 -0.0256366 -1.77967e-16)
(0.433041 -0.0364895 0)
(0.169374 0.0753434 1.40105e-16)
(0.224317 -0.00926194 -5.60486e-16)
(-0.859083 0.0339408 6.28431e-17)
(-0.281756 1.03492 -2.34189e-16)
(0.62902 -0.200785 -5.95164e-17)
(0.210838 0.259419 -1.7916e-16)
(0.0177438 0.212753 -9.73579e-17)
(0.0367424 0.0644598 9.97474e-17)
(-0.8657 0.0627782 -4.21913e-17)
(-0.265036 0.25201 0)
(0.590007 0.402019 1.62793e-16)
(0.00335293 1.06107 -8.96112e-19)
(-0.630355 0.324626 1.24838e-16)
(-0.188475 -0.650095 -1.33507e-17)
(-0.169637 -0.913829 1.16266e-17)
(0.244433 0.304015 1.96995e-16)
(0.267308 0.100096 1.26233e-17)
(-0.0011199 0.0411171 5.70227e-17)
(-0.0256276 0.202295 -5.97034e-17)
(-0.867235 0.0652809 4.33904e-17)
(-0.0668531 0.00624579 -1.5556e-16)
(0.511772 -0.193675 3.91504e-16)
(-0.517686 0.353648 -1.93604e-17)
(-0.404332 0.427187 -3.91306e-16)
(-0.650652 0.311962 -9.77024e-18)
(-0.621097 0.809122 -3.75788e-16)
(0.200667 0.630486 0)
(-0.690503 0.61073 2.49123e-16)
(-0.357641 0.409875 7.50926e-17)
(-0.22759 0.549928 -6.11466e-18)
(-0.681223 0.463396 -7.76068e-17)
(0.0219966 0.339037 2.90361e-18)
(0.0110696 0.163751 -9.86e-17)
(0.189141 0.249797 -5.88675e-16)
(0.0661206 0.327504 -2.09389e-16)
(0.272256 0.23457 9.81565e-16)
(-0.806211 1.4951 3.91959e-17)
(-0.330889 -0.42628 1.25612e-18)
(-0.184039 1.0061 2.94901e-16)
(-0.171111 0.656741 0)
(-0.00787256 0.291102 2.67605e-16)
(-0.326616 -0.615819 0)
(-0.375932 -0.219541 8.40261e-17)
(-0.00648709 0.252519 9.01234e-17)
(-0.867875 0.06955 -4.69247e-17)
(-0.513903 -0.0522894 3.43176e-16)
(-0.0588135 -0.106537 -5.48269e-17)
(-0.514628 0.370535 -6.32789e-17)
(-0.459362 0.390015 1.30326e-16)
(-0.307063 0.464267 0)
(-0.514967 0.0160786 0)
(0.607804 0.120667 1.92003e-16)
(-0.479962 -0.250078 -3.05564e-17)
(0.0477197 -0.145239 -4.63647e-17)
(0.00640384 0.287526 -4.46749e-16)
(-0.482384 -0.126891 3.8261e-17)
(-0.695435 0.650458 3.63755e-17)
(-0.712355 0.913892 2.07602e-16)
(-0.602165 0.245417 -1.13103e-16)
(-0.621154 0.392776 1.01767e-16)
(-0.14302 0.644973 -4.96484e-17)
(-0.528655 -0.0326004 0)
(-0.818302 1.88415 0)
(-0.773897 1.07006 0)
(0.195495 0.384771 1.02847e-16)
(0.196154 0.148304 2.9226e-16)
(1.08264 0.0816492 -8.57952e-18)
(-0.578642 0.173852 6.53457e-17)
(0.0921901 -0.0749891 8.79117e-17)
(-0.0165079 -0.152515 -1.51067e-16)
(-0.714154 1.07448 0)
(0.182968 -0.264198 -1.53791e-16)
(0.470322 -0.286276 -5.73832e-17)
(0.417326 -0.0107305 -1.44967e-16)
(-0.789777 0.618942 -5.91225e-17)
(-0.753779 -0.206457 4.90659e-16)
(0.28903 0.133332 1.3224e-17)
(0.0256473 -0.130655 9.62414e-17)
(-0.791143 2.21955 0)
(0.449671 -0.133814 -5.86013e-16)
(0.40812 0.153949 -9.78336e-17)
(0.711994 -0.121225 0)
(0.313984 0.408876 4.90397e-17)
(-0.556577 0.458172 -1.13637e-17)
(-0.81168 1.90659 1.63198e-17)
(1.06458 0.0961736 0)
(-0.895547 0.0136151 0)
(-0.481739 0.524897 9.74016e-17)
(0.683072 0.0263921 2.19055e-16)
(-1.00592 -0.239369 -7.12594e-17)
(-0.35405 0.511341 1.2779e-16)
(0.102457 0.746052 1.36754e-16)
(-0.868211 0.0351519 0)
(-0.595315 0.544346 -1.21299e-16)
(-0.390781 0.614188 9.77242e-17)
(0.491303 -0.000636852 -1.06828e-16)
(0.594841 0.157431 9.23782e-17)
(0.436694 -0.137082 0)
(-0.0773203 -0.0156546 3.11298e-16)
(1.03012 -0.0510544 0)
(-0.399115 1.24452 2.88256e-19)
(-0.0854946 0.988927 -1.94906e-16)
(-0.379671 0.302612 8.78058e-17)
(-0.746745 1.49111 0)
(0.138494 0.746588 1.08942e-16)
(-0.109952 -0.032966 -2.29913e-17)
(0.759337 0.159836 1.71276e-16)
(0.620229 -0.0996431 5.00266e-16)
(-0.834279 -0.209507 0)
(-0.00736551 0.422742 0)
(-0.0705511 0.239102 -8.74566e-17)
(0.106659 0.072476 -9.229e-17)
(0.184186 0.0358782 -1.22772e-17)
(-0.798121 1.42125 0)
(-0.0328342 -0.123329 -1.9748e-16)
(-0.635753 1.17168 1.19369e-16)
(0.126436 0.380862 -1.88395e-16)
(0.0905613 0.193913 -3.81987e-16)
(-0.819776 -0.366626 3.83363e-16)
(-0.847775 -0.0568908 1.96377e-16)
(0.914218 0.280801 2.70882e-16)
(0.512836 -0.0479574 0)
(-0.531152 -0.251782 -1.62233e-16)
(-0.757396 1.61068 -2.0164e-19)
(-0.797428 2.33202 2.91842e-16)
(0.164337 -0.00369067 -1.23962e-17)
(-0.330956 1.47504 7.32065e-17)
(0.267408 0.915461 2.56662e-16)
(-0.432671 2.55978 -2.78472e-16)
(0.0885257 0.0299781 0)
(-0.866632 -0.0192006 -1.80099e-16)
(-0.796135 1.88958 -6.98875e-18)
(0.179699 1.16181 -5.22991e-16)
(-0.665354 0.0152085 -7.21819e-20)
(0.0457574 0.097179 -1.97554e-16)
(-0.0660311 0.225953 -1.98112e-16)
(0.714928 -0.0158344 -1.46154e-16)
(0.230589 0.481032 -3.82075e-19)
(0.585194 0.189846 0)
(-0.413973 0.331788 0)
(-0.256241 0.38286 -1.56465e-16)
(0.376598 0.167849 -1.07637e-16)
(0.446677 0.31924 -5.68488e-17)
(0.64336 0.0713799 -9.46912e-17)
(-0.625139 0.400397 -9.24295e-17)
(0.197368 0.46204 0)
(-0.812537 2.30157 -1.36227e-17)
(-0.829686 -0.21516 -2.18474e-17)
(-0.20675 0.0132009 2.44814e-17)
(-0.000771453 0.00902507 8.92077e-17)
(0.306727 0.0509722 2.57327e-17)
(-0.0447792 -0.00965201 0)
(-0.668626 0.59275 5.83962e-18)
(-0.0154756 0.388986 -8.75269e-17)
(-0.158835 0.281943 8.53357e-17)
(0.600883 0.13045 0)
(-0.578442 0.137147 2.18802e-20)
(1.13772 0.06524 -6.42599e-17)
(-0.889739 0.235693 -2.10383e-16)
(-0.687051 -0.0594148 3.63719e-17)
(0.573929 0.180958 0)
(-0.832234 -0.294739 -3.50484e-16)
(-0.815831 0.462958 -2.93427e-16)
(-0.553905 2.2523 1.42925e-16)
(0.542977 0.135523 0)
(0.239932 0.198272 -4.70842e-17)
(-0.646255 0.958345 0)
(0.462706 0.124291 0)
(-0.778394 0.842377 0)
(0.171822 0.0912803 -8.11694e-17)
(0.137771 0.598862 2.67304e-16)
(-0.00612254 1.5651 9.42184e-17)
(-0.0949711 0.113838 1.15192e-15)
(0.489146 0.0784051 -5.28421e-17)
(-0.815276 -0.223248 -2.81588e-18)
(0.00286282 0.471555 -7.50945e-22)
(-0.75598 0.993509 -4.79828e-18)
(0.645235 0.0691265 -2.09884e-16)
(0.101468 0.637374 1.39714e-16)
(0.159328 1.43544 1.09777e-16)
(-0.627344 0.252243 -8.16254e-17)
(-0.0937677 0.532179 1.6571e-16)
(0.634372 -0.253209 -4.12638e-16)
(-0.704289 0.880212 0)
(0.59982 0.104843 -8.28764e-18)
(0.497748 0.00720957 4.01481e-17)
(-0.332794 0.109319 1.04477e-16)
(0.219748 0.024317 1.07371e-16)
(-0.859111 -0.348981 1.57209e-16)
(-0.0425576 0.0115303 -2.19549e-16)
(0.971908 0.0511376 -1.90434e-19)
(0.191532 0.641657 -1.27853e-19)
(-0.693463 0.686309 0)
(-0.412178 0.29317 0)
(0.0490855 0.241968 4.41885e-17)
(0.020827 0.0287748 3.18603e-22)
(-0.265097 0.246006 1.90973e-16)
(0.805098 -0.10466 0)
(-0.82177 -0.334933 1.33215e-16)
(0.538892 0.312533 0)
(-0.765913 0.0513767 0)
(-0.2529 0.618291 7.62328e-17)
(-0.48602 -0.231372 -1.57858e-16)
(-0.849793 -0.0835478 -4.48674e-17)
(0.0517464 -0.566363 -4.72722e-17)
(0.112833 1.28414 8.5607e-17)
(0.595626 0.0157824 -1.32364e-17)
(-0.873816 0.074892 2.72647e-16)
(0.194401 0.253315 1.29373e-16)
(-0.424894 -0.843309 -1.62153e-16)
(0.844329 0.358789 3.81989e-17)
(0.532898 0.335297 9.80288e-17)
(0.649308 -0.441787 -1.82052e-16)
(0.602852 0.0204672 9.39801e-17)
(0.0903401 0.0339697 -2.354e-16)
(-0.583831 0.662811 2.31622e-16)
(-0.770618 -0.338165 -1.69475e-16)
(0.527033 0.24802 9.75877e-17)
(-0.660664 0.376623 1.46122e-19)
(0.0412242 0.13826 1.35149e-16)
(-0.335675 0.625254 -2.96119e-17)
(0.182583 -0.0631194 0)
(-0.572576 0.398703 0)
(-0.51957 0.620599 -2.55714e-16)
(0.0023529 0.241352 9.22123e-17)
(-0.229206 0.274014 -1.82576e-16)
(-0.166073 -0.0165028 1.15294e-17)
(0.952068 -0.0831052 2.59638e-17)
(0.0765222 0.271233 0)
(-0.0032249 0.211766 1.95404e-16)
(-0.0485532 0.694484 0)
(0.469329 0.269234 0)
(-0.783489 1.94586 -9.12951e-17)
(0.727668 0.13748 0)
(-0.921352 -0.136001 -3.62166e-16)
(0.195495 -0.15365 5.92859e-16)
(0.432345 0.0755672 1.04133e-16)
(-0.322513 0.209599 -8.60862e-17)
(0.050266 -0.0625182 -9.10571e-17)
(-0.771351 1.83258 -1.49636e-16)
(0.650147 -0.429428 -2.48359e-16)
(0.293314 -0.182176 2.10415e-16)
(0.566829 0.659753 -1.40884e-17)
(-0.639402 0.114905 -2.74857e-16)
(0.904198 -0.0336287 -1.20968e-16)
(-0.00255036 0.785316 6.69303e-17)
(-0.347915 0.514943 0)
(0.0213386 0.252534 -2.47939e-16)
(0.135217 0.0328614 1.04368e-17)
(0.103551 0.0115943 -3.93077e-17)
(-0.502464 1.73387 -2.71636e-19)
(0.200662 0.0529206 -1.06123e-17)
(0.105738 -0.00316118 0)
(-0.770534 -0.0637248 -2.59346e-16)
(-0.382749 0.766933 0)
(-0.339742 -0.03402 4.03792e-16)
(0.297866 0.0688092 -8.41833e-17)
(0.113036 -0.0132759 0)
(0.0809798 0.555606 7.70856e-16)
(0.0278782 -0.483782 1.95195e-16)
(-0.354005 0.193967 -3.2032e-16)
(0.0998761 0.0878911 -4.4763e-16)
(-0.601762 -0.237144 2.67594e-17)
(-0.383115 -0.150514 0)
(0.548108 0.243178 2.61968e-16)
(-0.957754 -0.298914 7.87634e-17)
(0.959994 0.022362 1.47136e-16)
(-0.284967 -0.0772545 1.47451e-16)
(0.193367 0.0885582 5.0949e-17)
(0.0785955 -0.155095 4.4391e-17)
(-1.10115 -0.426077 -2.90497e-19)
(-0.652887 3.05789 -1.97561e-19)
(-0.0729979 1.40003 0)
(-0.896878 -0.215037 4.67812e-17)
(0.170693 0.335338 0)
(0.787581 0.0542437 -2.26503e-19)
(-0.366991 -0.0591593 -5.61391e-21)
(0.519287 0.0540683 5.23625e-17)
(0.0279153 -0.199699 -1.43528e-16)
(0.436891 0.330615 0)
(0.303048 1.16044 -6.573e-17)
(1.1057 0.283481 -3.24893e-16)
(0.882278 0.038471 -2.97269e-16)
(-0.892828 -0.32834 0)
(-0.769248 -0.162769 -1.06891e-20)
(0.733197 0.0372223 -1.78414e-16)
(1.14819 0.339327 5.00943e-16)
(1.06898 -0.00316159 5.15815e-16)
(0.630531 -0.136857 -4.42804e-16)
(0.501694 0.0879909 -2.15435e-17)
(0.516069 -0.192913 1.89435e-16)
(0.176536 0.207064 -3.34658e-17)
(0.530666 0.298429 -1.83959e-16)
(0.0996893 0.162828 1.9016e-21)
(0.65885 0.638105 1.11264e-16)
(0.00108201 1.56506 6.94522e-16)
(-0.666945 0.293214 1.15781e-20)
(-0.170678 -0.0433327 0)
(-0.0717287 0.0919148 9.1804e-17)
(0.341234 0.0568725 -1.04275e-21)
(0.581819 0.280411 -1.00689e-16)
(-0.682757 0.316556 -8.51504e-17)
(-0.276913 -0.0967643 4.32535e-17)
(-0.538714 -0.0985125 -2.89568e-16)
(0.0513354 1.07078 1.12366e-16)
(-0.238832 0.233 -9.21215e-17)
(0.214686 0.251236 1.64122e-16)
(0.0296327 -0.0376198 2.23685e-16)
(0.227376 0.982778 3.00897e-16)
(0.145677 -0.930312 -2.29369e-16)
(0.413717 0.714689 -4.28372e-16)
(-0.265083 2.01048 -2.01627e-19)
(-0.668222 -0.187105 1.94996e-19)
(0.36673 0.151588 2.92292e-16)
(0.126327 0.844345 -2.53372e-16)
(0.0769292 -0.491545 0)
(0.0656303 -0.166533 3.33186e-16)
(-0.680966 0.237068 -9.15233e-17)
(-0.693762 -0.102797 3.89852e-17)
(-0.776555 -0.161468 2.62708e-17)
(-1.04345 -0.0975382 3.95913e-17)
(-0.780377 0.716864 1.11605e-16)
(1.12989 0.0195804 -1.08581e-16)
(-0.624448 0.311734 8.73354e-17)
(0.702632 0.358634 2.5608e-16)
(-0.379233 2.8762 -3.35646e-16)
(-0.151967 -0.0438597 -2.25266e-17)
(-0.392239 0.170245 -3.59978e-16)
(-0.838259 0.52405 0)
(0.077459 1.02844 -6.95646e-17)
(0.321008 0.921659 -3.16161e-19)
(-0.0437351 1.05777 -6.60817e-17)
(-0.70133 -0.0672318 -4.06876e-17)
(0.25049 -0.867819 -2.84875e-16)
(0.298598 1.22087 6.41916e-17)
(-0.22161 2.33855 -1.71169e-16)
(-0.385396 0.227269 -2.90743e-18)
(0.423867 0.204003 -8.2944e-17)
(0.168125 0.0500491 9.06678e-17)
(0.906278 0.0375718 0)
(0.830027 0.0283893 0)
(-0.385421 -0.385658 -4.43204e-18)
(0.599852 -0.46177 -4.1217e-16)
(0.114157 -0.255735 2.50024e-16)
(-0.849946 -0.00317647 0)
(0.437086 0.20171 0)
(0.0435834 0.230782 -1.9231e-17)
(-0.429185 0.157023 -9.08325e-17)
(-0.479628 -0.0682557 1.3604e-16)
(-0.983635 0.172824 1.42185e-16)
(-0.262317 0.0602015 1.05443e-16)
(0.727263 0.505721 -8.42258e-16)
(0.362875 0.0771312 0)
(0.426562 0.81854 -1.02857e-16)
(-0.212969 -0.612952 -6.70953e-17)
(0.216725 -0.0119337 0)
(0.336643 -0.286507 -1.74524e-16)
(0.573763 -0.0636872 -2.53046e-16)
(-0.226693 1.01633 6.56852e-16)
(0.219769 -0.00836571 -1.18497e-16)
(0.304048 0.122439 -2.44098e-16)
(0.426429 0.263257 0)
(0.401716 0.236041 0)
(-0.122907 0.433935 1.69918e-16)
(0.251731 0.0858629 -8.01437e-17)
(-0.738498 0.544778 1.59991e-16)
(0.353379 0.104994 0)
(0.034146 -0.184637 9.71211e-17)
(-0.789949 0.64137 3.35328e-19)
(1.02386 -0.0452869 0)
(-0.856811 0.0549318 0)
(0.230028 0.175437 5.35691e-17)
(-0.988402 -0.049637 0)
(-1.10498 -0.229815 2.61865e-17)
(0.672982 0.0678586 1.55267e-16)
(0.0192391 1.36879 1.65292e-16)
(0.254212 -0.0249582 3.92892e-16)
(-0.180016 -0.563458 -9.47157e-17)
(0.161848 -0.73955 -2.1565e-16)
(0.325959 0.138776 1.95946e-16)
(0.134221 0.251219 0)
(-0.0596696 1.02494 -7.44876e-17)
(-0.326205 0.17717 1.93988e-16)
(0.454219 -0.146553 0)
(-0.346941 0.0492963 -1.54504e-16)
(-0.724875 0.064644 0)
(-0.212914 -0.0468801 -2.62003e-16)
(-0.856356 0.313293 0)
(-0.376028 -0.0668973 -2.10633e-16)
(-0.88101 -0.208293 4.58855e-18)
(0.481716 -0.315489 1.30534e-16)
(0.00959837 0.879874 7.48133e-16)
(0.0702725 -0.588431 0)
(-0.165726 2.07754 9.18854e-19)
(0.0352694 0.278676 2.1646e-16)
(-0.128179 0.485108 -1.86794e-16)
(-0.76326 -0.12653 3.84855e-17)
(-0.650259 -0.144225 -1.29056e-16)
(-0.560615 -0.137482 1.70457e-16)
(-0.107934 0.915889 4.30046e-17)
(-1.00655 -0.224334 4.85641e-18)
(0.20202 -0.88373 -6.08598e-16)
(0.366177 0.58595 -1.62846e-16)
(0.0857853 0.320684 3.20658e-16)
(0.893864 -0.149764 3.02237e-16)
(0.585143 -0.0818516 -9.9096e-17)
(0.451396 -0.236896 -8.83145e-17)
(-0.257448 0.0945423 -7.60469e-17)
(0.227237 0.127557 4.25357e-16)
(-0.653684 0.130182 1.79239e-16)
(-0.36859 2.02319 8.41786e-17)
(-0.869709 -0.0820593 0)
(-0.889461 -0.138255 0)
(-0.945836 -0.0610131 -1.53077e-16)
(0.942572 0.0688845 2.71601e-16)
(-0.41877 0.482477 -3.16825e-17)
(-0.374075 0.0110376 -2.9449e-16)
(0.149082 0.200878 7.63067e-18)
(-0.148921 0.535661 -8.6562e-17)
(0.613493 -0.061966 5.70456e-16)
(-0.408227 -0.19979 1.0661e-16)
(0.390013 -0.140046 4.47464e-17)
(1.03967 0.120162 0)
(0.396173 0.193407 1.64792e-16)
(-0.73809 -0.286391 0)
(0.360632 0.573468 0)
(-0.782883 0.0318019 -3.75641e-18)
(0.0435214 0.661825 0)
(0.664171 0.041323 0)
(0.18443 0.143908 0)
(0.0201147 0.0569255 0)
(0.239269 -0.0114268 -6.58821e-16)
(0.168765 1.25556 -2.01091e-16)
(0.0396102 -0.599436 -1.61607e-16)
(0.279293 0.2833 -4.31634e-18)
(0.121006 -0.44788 -5.27403e-16)
(0.0792555 0.590929 -3.92788e-16)
(-0.489134 0.829172 2.8091e-16)
(-0.318258 -1.10733 -4.98614e-16)
(-0.780856 0.88911 2.94751e-16)
(0.0949646 1.08965 6.97416e-17)
(0.28072 0.187427 0)
(0.312491 0.00257237 0)
(0.0707202 0.193261 2.44122e-16)
(-0.905285 -0.107041 7.9361e-16)
(-0.00746914 0.696839 3.25826e-16)
(0.0999162 -0.527083 0)
(0.545202 0.298331 0)
(-0.254613 0.467402 2.16102e-16)
(-0.44978 -0.0448272 2.32487e-17)
(-0.531775 2.15038 -1.26778e-16)
(0.366514 -0.0441888 -1.32489e-16)
(0.0256439 0.492118 -3.5489e-16)
(-0.0722328 0.105457 -3.166e-18)
(-0.00602576 0.116272 3.69987e-17)
(-0.00482259 0.13781 -1.27441e-17)
(0.0643559 0.266646 0)
(0.0228381 0.1788 -5.31498e-17)
(0.00710808 -0.47939 0)
(-0.00304308 -0.48722 0)
(0.0114032 -0.493619 0)
(0.0105604 -0.511205 0)
(-0.0122807 0.117538 0)
(0.0138959 -0.549311 0)
(0.0121478 -0.613374 0)
(-0.0072628 0.122359 -2.44977e-17)
(-0.00582612 0.126628 -2.38847e-17)
(0.00240726 0.129732 2.42617e-17)
(-0.501441 0.310725 1.632e-17)
(0.0178546 0.112559 1.26104e-17)
(0.0174513 0.0851762 3.20981e-18)
(0.417888 -0.0125347 6.46771e-16)
(-0.199627 -0.064893 -9.94364e-17)
(0.244889 0.0977822 0)
(1.09944 -0.00159467 0)
(-0.00190148 -0.680724 0)
(-0.33391 -0.086847 7.60434e-18)
(0.23388 0.191152 0)
(0.155633 0.527391 1.495e-17)
(-0.0789252 0.979493 -8.06704e-17)
(-1.21703 -0.0643685 -1.94437e-17)
(-0.75851 0.855204 0)
(-0.0160462 1.14417 1.8002e-16)
(-0.849983 -0.0203098 0)
(0.161799 0.0164498 -1.44875e-16)
(-0.123163 0.385227 -1.90058e-17)
(0.0350028 -0.0672921 -3.68855e-16)
(0.103443 0.89988 -2.67465e-16)
(-0.842262 0.0632506 1.55323e-17)
(0.213122 0.291076 2.2941e-16)
(-0.10702 0.573445 3.12933e-17)
(0.401076 0.102456 1.22457e-17)
(0.238672 0.31921 0)
(-0.040628 -0.694251 0)
(0.0793276 0.738846 2.39761e-17)
(-0.809383 0.684263 -3.30853e-16)
(0.498033 0.978214 -9.89296e-17)
(-0.330293 2.44586 5.11104e-16)
(-0.447778 1.58704 7.31462e-17)
(0.315808 0.136717 -1.90535e-16)
(-0.810717 -0.120519 -3.92765e-17)
(0.184515 -0.0295464 2.87526e-16)
(0.61859 0.0457764 1.32248e-16)
(0.849426 -0.110018 2.3075e-16)
(0.0430528 0.435225 5.89135e-16)
(-0.0673035 -0.881246 -1.36927e-16)
(0.0944431 0.142042 -7.49908e-17)
(-0.13975 0.165726 0)
(-0.109281 -0.57355 -8.5771e-17)
(-0.868657 0.384365 0)
(-0.836085 0.0621865 0)
(0.0155387 1.10214 0)
(-0.637787 1.51167 -3.34939e-16)
(-0.513699 1.02429 9.93287e-17)
(-0.433704 1.93659 4.11586e-17)
(-0.153192 -0.0748342 0)
(-0.161041 -0.343913 8.61764e-17)
(0.694393 0.156111 2.0829e-16)
(0.218713 0.150953 1.01652e-16)
(0.411738 0.145454 -9.83387e-20)
(0.293261 1.08649 -6.30928e-16)
(0.079548 0.92707 -2.88965e-17)
(-0.294704 1.23779 0)
(0.376541 0.732644 -6.61306e-17)
(-0.039399 0.252729 -1.03346e-16)
(-0.062754 0.204612 0)
(-0.0602342 0.951218 7.53891e-17)
(0.019158 1.1271 0)
(0.0776411 0.124255 -1.7809e-16)
(0.348833 -0.00195846 -1.55796e-16)
(0.964191 -0.0599913 0)
(0.51035 0.0572922 2.54228e-16)
(0.360493 0.306928 4.40078e-17)
(0.342456 0.113664 2.03637e-16)
(0.0614547 0.634042 3.06276e-16)
(1.10681 0.0520836 4.87308e-18)
(0.00333838 1.22474 1.75882e-16)
(-0.148694 0.412358 0)
(0.223136 0.93469 0)
(-0.349051 0.268484 1.30048e-16)
(0.822427 0.0347482 0)
(1.02996 0.0877311 4.43387e-16)
(0.665783 0.2538 -2.77444e-17)
(1.10385 -0.00562584 -6.27355e-16)
(1.06369 0.447394 -1.18125e-18)
(0.336622 0.0518293 3.69508e-16)
(-0.706666 -0.276754 -3.32834e-21)
(-0.644246 1.61225 0)
(1.05633 -0.0204146 2.3177e-16)
(0.0137725 1.04417 2.35241e-16)
(0.0266502 0.595793 -8.76138e-16)
(-0.341669 1.72328 -2.78233e-16)
(0.228464 -0.0245878 -3.66633e-16)
(0.650275 -0.155941 -2.26739e-16)
(0.816526 0.380005 5.40853e-17)
(0.11178 1.32665 -1.43704e-16)
(0.18761 -0.00684581 2.32675e-17)
(0.483772 -0.217381 -7.20162e-17)
(0.268312 -0.18087 -1.04427e-17)
(0.593223 0.263551 0)
(0.109108 -0.00331976 1.15005e-16)
(-0.514771 -0.703781 -3.14608e-16)
(-0.0131438 -0.171532 1.10682e-17)
(0.754708 0.10588 -8.72123e-17)
(0.537126 0.0223206 -2.54297e-16)
(0.424385 0.266396 0)
(-0.834605 0.0263504 9.30013e-17)
(-0.851865 0.00911442 3.87511e-16)
(-0.569967 1.38405 -4.7537e-16)
(0.545126 0.0761454 0)
(0.176606 0.223485 0)
(-0.445132 -0.193011 -2.95752e-17)
(-0.830189 0.0554542 0)
(0.143224 0.175717 0)
(-0.380335 -1.36635 2.5327e-17)
(-0.424441 2.03905 -1.59337e-16)
(0.0120897 1.27407 0)
(-0.465936 0.123842 8.76791e-17)
(0.0190563 0.0226797 1.26853e-17)
(0.505201 -0.0723844 2.5634e-16)
(0.359986 0.0189585 0)
(1.10131 0.0846492 6.63641e-17)
(-0.782493 2.61981 -2.49292e-16)
(0.941487 0.0279187 0)
(0.492759 0.0458941 0)
(0.321084 0.0533077 5.06744e-16)
(0.94516 -0.043294 -6.05992e-17)
(0.648147 -0.0322383 -4.82993e-16)
(0.506959 0.127768 -1.57367e-16)
(-0.649427 2.79908 0)
(0.213292 -0.0988085 0)
(0.861421 0.000220134 1.09416e-16)
(-0.833491 -0.176571 0)
(-0.813349 -0.274359 0)
(-0.807989 -0.117331 0)
(0.993281 0.145787 5.34613e-16)
(0.670479 0.0622782 0)
(1.02671 -0.00198541 -3.20986e-16)
(-0.902606 0.183481 2.75676e-16)
(-0.499711 -0.0813146 -3.91554e-17)
(0.546582 0.0107297 -1.41602e-16)
(-0.540604 2.45472 0)
(0.554328 -0.0217104 -2.63117e-17)
(-0.87296 -0.293329 -3.16017e-17)
(0.269647 -0.0265752 -4.67924e-17)
(-0.761836 -0.0742795 2.26445e-16)
(0.162214 0.107343 -3.77961e-16)
(-0.00789371 -0.232343 4.34874e-17)
(-0.695151 2.36524 7.02649e-17)
(0.0231757 0.252828 0)
(0.0809459 1.00775 -1.03078e-16)
(-0.708659 -0.182429 0)
(-0.840721 -0.168191 2.00416e-16)
(0.14076 0.113988 2.16636e-16)
(-0.827445 -0.164553 -2.77903e-16)
(0.0495959 1.13336 6.38297e-20)
(1.011 -0.0327749 4.22611e-18)
(-0.00563289 -0.254151 -1.97706e-16)
(-0.420443 0.742934 3.19117e-16)
(-0.455222 -0.0932961 3.24512e-16)
(0.439242 -0.132399 -2.57248e-16)
(0.0136999 -0.00983353 4.96944e-17)
(1.01129 0.00564887 0)
(0.992138 0.000326132 -1.5072e-16)
(-0.0920484 0.729035 0)
(-0.90871 -0.165615 -2.27191e-16)
(0.314398 -0.105064 0)
(0.476272 -0.425966 -1.87396e-16)
(-0.192056 0.837442 -2.72788e-16)
(-0.938077 0.0621169 -4.37576e-20)
(-0.028187 1.10522 -7.26432e-17)
(0.15894 0.938197 -2.96189e-18)
(-0.031846 -0.518792 -1.92837e-16)
(-0.204307 0.000236386 -9.8629e-17)
(1.02155 -0.026296 2.36933e-16)
(1.09471 -0.0200976 0)
(-0.59493 -0.046791 4.16811e-17)
(0.328543 0.184251 3.67964e-16)
(-0.528487 0.24174 -1.08658e-17)
(1.03998 0.0217853 -4.74909e-20)
(0.576251 -0.085426 0)
(0.58407 -0.0788816 4.38807e-16)
(-0.71548 0.034424 -5.15978e-18)
(0.794898 -0.0589907 7.97514e-18)
(-0.942098 -0.0386481 -3.09038e-16)
(0.503188 -0.135237 -1.05353e-16)
(0.413335 -0.196954 -2.55178e-16)
(0.664096 -0.281927 4.04395e-18)
(0.0458546 0.390838 0)
(0.576426 -0.141533 -1.91019e-17)
(0.460286 -0.0829159 1.88551e-17)
(0.236066 0.166362 8.49575e-17)
(0.00532664 1.14789 3.82889e-17)
(-0.402934 0.399623 0)
(-0.857378 -0.0256112 1.88512e-16)
(-0.0756768 0.858511 -7.93256e-17)
(0.578368 0.173205 0)
(0.385444 -0.0749608 -8.42504e-17)
(-0.467374 0.283965 2.39357e-16)
(0.165935 -0.0912716 1.3399e-16)
(0.127375 -0.22544 0)
(0.023028 -0.0412238 -4.84179e-17)
(-0.0400727 -0.798402 0)
(0.641377 -0.000282745 -5.17875e-16)
(-0.623844 -0.163205 0)
(-0.200179 0.709813 0)
(0.0403768 1.08647 2.80886e-16)
(1.18351 0.0125711 0)
(0.0603923 0.244788 -2.17617e-17)
(0.386824 0.0649181 -1.15443e-17)
(0.159299 0.333521 -1.68177e-16)
(0.225573 0.0652208 9.58335e-17)
(0.408741 -0.0672443 0)
(-0.264689 -0.778934 -2.99637e-16)
(-0.946451 0.24551 4.24622e-17)
(-0.801178 -0.226969 -3.13657e-17)
(-0.26822 0.702451 -9.54991e-17)
(-0.477848 2.01549 -2.02453e-16)
(0.881413 -0.0498973 3.03556e-17)
(0.507149 0.0639834 3.62883e-16)
(-0.565891 0.141182 -1.03906e-16)
(-0.0350363 0.263389 1.04844e-16)
(0.00285316 0.546549 -7.0762e-18)
(-0.623624 0.206167 -2.67336e-18)
(-0.791117 0.0499749 -1.37479e-17)
(0.0213828 1.11214 8.97691e-17)
(-0.862248 0.0127423 0)
(-0.551337 2.10735 0)
(-0.80134 0.258184 0)
(-0.0477651 1.01891 7.98321e-17)
(0.644298 -0.220143 1.50915e-16)
(0.992665 0.525679 -4.90936e-16)
(-0.719426 -0.40131 3.77208e-18)
(0.0428585 0.634798 -2.10986e-17)
(-0.18284 0.450325 -6.22426e-17)
(-0.840311 -0.103308 0)
(0.817335 0.15543 8.46567e-17)
(-0.105815 0.917216 2.1718e-16)
(0.0832732 0.71659 0)
(0.668318 0.0220373 0)
(0.0687591 -0.0424847 0)
(0.0467628 0.445139 -4.42546e-16)
(0.0877004 -0.715319 0)
(-0.122974 0.917497 -3.12842e-16)
(0.152361 -0.767106 -1.7729e-16)
(-0.290336 0.0946487 0)
(0.713976 -0.363296 -1.29007e-17)
(0.341679 0.866176 -4.4752e-17)
(-0.0134391 1.14717 1.78883e-17)
(-0.0181731 -0.00459159 5.31028e-17)
(-0.720322 2.78427 1.88251e-16)
(-0.124833 1.20219 0)
(-0.248806 0.576139 0)
(0.00154253 -0.0789579 6.12922e-22)
(1.11877 0.268455 9.8178e-16)
(0.560325 -0.154984 -7.04131e-17)
(-0.845219 -0.143755 0)
(-0.45068 0.847189 5.32525e-16)
(0.246129 -0.350404 3.53815e-16)
(-0.127497 0.386269 0)
(0.0731265 -0.404723 -4.9099e-16)
(1.17994 -0.0688294 3.56581e-20)
(-0.776037 2.10565 1.77639e-16)
(-0.856733 -0.0818312 0)
(-0.560554 2.36558 0)
(0.442127 0.215909 -2.47208e-16)
(-0.562229 -0.208715 -4.14048e-17)
(-0.848374 0.0535141 -4.05495e-16)
(-0.370452 -0.0888734 0)
(-0.718475 2.50442 -1.1891e-16)
(1.0583 0.104829 1.02364e-17)
(0.523996 -0.0428176 -3.07786e-16)
(0.24822 0.279542 1.56468e-16)
(0.36633 0.0272969 1.80224e-16)
(-0.178022 0.455213 0)
(0.739004 0.0905323 7.18639e-17)
(0.243431 -0.886479 -1.4243e-16)
(0.106411 -0.864896 -7.74299e-17)
(0.687996 -0.34277 5.36586e-16)
(-0.812983 -0.0431184 0)
(0.00345431 1.22245 -7.7353e-17)
(0.019623 1.13062 -4.16087e-17)
(-0.58976 1.70735 3.68301e-16)
(-0.457126 1.22884 -3.59247e-16)
(-0.063583 0.70209 -8.3005e-17)
(0.740527 -0.239675 9.06532e-17)
(0.473721 -0.142206 3.08526e-17)
(-0.10208 -0.096366 -1.16669e-21)
(-0.321417 0.155575 -2.54658e-17)
(0.0484263 1.44244 -2.03094e-16)
(0.345834 0.131823 -4.81829e-20)
(-0.850077 0.0415017 0)
(-0.910971 0.314966 6.12647e-17)
(-0.110008 0.485792 -1.75516e-16)
(-0.826809 -0.0111278 3.03801e-16)
(1.06917 0.165778 -3.65527e-16)
(0.00865851 1.11617 2.46581e-16)
(-0.763567 2.13574 -1.56501e-16)
(-0.731578 1.68208 -2.82612e-16)
(-0.146729 0.619475 -1.75915e-16)
(-0.760794 2.46135 -1.07468e-16)
(-0.238363 0.257819 0)
(0.0477022 -0.22278 -2.20432e-17)
(-0.843157 -0.101458 1.7983e-17)
(0.506673 -0.333663 2.10965e-16)
(0.588628 0.66718 7.24753e-17)
(-0.138342 1.81723 -4.85772e-16)
(0.219226 0.22055 -8.30458e-17)
(-0.375706 -0.65982 0)
(0.185009 0.221296 -2.03818e-16)
(0.158014 0.414521 8.48432e-17)
(0.395528 -0.114049 -4.77385e-20)
(-0.37208 -1.26136 -1.54156e-16)
(0.413423 0.132165 1.06612e-16)
(-0.629 -0.110133 1.66432e-16)
(0.0673338 0.0545764 -6.79987e-16)
(0.250567 0.0651096 -1.19246e-16)
(-0.859911 -0.0965318 -7.45366e-17)
(0.786448 0.195773 9.0417e-20)
(0.897157 0.119362 0)
(0.171185 0.309437 3.34781e-17)
(-0.112184 -0.0703046 -1.16686e-16)
(0.425012 0.171254 0)
(0.0317675 -0.479923 0)
(0.0884658 0.355956 0)
(0.00698128 -0.0591103 0)
(-0.135366 0.757545 -9.17122e-17)
(0.222714 -0.0562689 -5.64854e-16)
(0.508657 -0.180577 3.30852e-16)
(-0.533318 1.83445 -1.92172e-16)
(-0.452642 1.38647 5.07765e-16)
(-0.323838 1.79898 0)
(0.383585 0.141986 0)
(1.11924 -0.0165969 2.97637e-16)
(0.78833 0.262852 0)
(-0.837779 0.0175661 -6.17262e-17)
(0.488842 0.491608 -2.21726e-16)
(0.683915 0.889751 4.74332e-16)
(-0.107216 1.43864 -5.91583e-17)
(0.673683 0.14048 2.00554e-16)
(0.0584822 0.120698 -1.24928e-17)
(0.62837 0.0664459 1.93295e-16)
(-0.0116976 0.0838503 -3.73477e-16)
(-0.292114 0.370203 -1.13477e-17)
(-0.300404 0.21714 1.08248e-16)
(0.983216 -0.0426996 0)
(-0.650233 2.53193 0)
(-0.275454 1.43435 0)
(-0.848392 -0.0618505 4.12345e-16)
(-0.661872 1.82305 1.34647e-16)
(-0.663825 1.35451 0)
(0.759758 0.0358605 0)
(0.0159644 -0.152958 0)
(0.668995 0.217367 1.2834e-16)
(-0.273953 0.458317 -1.10524e-16)
(-0.268985 0.848038 -1.3654e-16)
(-0.29096 -0.569648 -1.5401e-16)
(0.29042 -0.0566721 0)
(-0.127114 0.761982 0)
(-0.765511 -0.121023 -3.668e-17)
(0.90459 0.174103 -2.48958e-16)
(-0.121453 0.465708 -8.50501e-17)
(-0.22732 -0.837304 4.84904e-16)
(0.121747 -0.0193656 -3.38843e-17)
(0.252524 0.13615 1.29631e-17)
(0.450187 0.092434 -1.82956e-16)
(0.00759204 -0.510378 0)
(-0.164201 0.741239 -6.43306e-17)
(-0.037733 1.07384 -1.17127e-20)
(0.397367 -0.0716695 1.3591e-16)
(0.575103 0.119145 -6.2077e-20)
(-0.707793 -0.192983 -3.11767e-16)
(-0.269485 -0.875204 1.86586e-16)
(0.486348 -0.188495 -2.03148e-19)
(-0.683687 2.00855 1.33057e-16)
(0.584579 -0.231329 1.99813e-16)
(0.181425 -0.365812 3.91948e-16)
(1.00849 0.180506 5.51479e-16)
(1.01753 0.126635 -2.3952e-16)
(0.211385 0.0306616 -3.48067e-16)
(0.292156 0.211979 -6.64819e-16)
(-0.641695 -0.111282 -1.33167e-17)
(0.850698 0.010192 3.14147e-16)
(0.243065 0.187382 5.47997e-16)
(-0.399794 -1.212 -3.51359e-16)
(-0.181865 0.760437 2.21674e-16)
(-0.679731 2.13124 1.60058e-16)
(0.875815 -0.172863 7.04438e-17)
(0.648372 -0.0787676 -2.87942e-16)
(1.12349 0.211257 -6.58308e-16)
(0.416234 0.0764558 8.65686e-17)
(0.646363 -0.0453183 2.78915e-16)
(0.803842 0.0539215 1.78927e-16)
(0.319597 0.232362 -3.91771e-16)
(0.00202097 1.20539 2.04706e-16)
(-0.384363 -0.719515 0)
(-0.854116 -0.120621 4.38604e-20)
(0.0187101 1.11109 -2.21785e-17)
(0.861919 -0.0562738 6.05584e-16)
(0.562803 0.135734 -2.05524e-16)
(0.976451 0.0330454 1.58562e-16)
(0.491182 -0.0324622 3.02651e-18)
(-0.664262 -0.00199618 5.90376e-17)
(0.744602 0.0946332 0)
(0.173991 0.200576 2.0829e-16)
(0.180368 0.258346 -4.90928e-16)
(0.128206 0.799277 8.96305e-17)
(-0.0229483 0.608131 0)
(0.866034 0.0131038 -4.87544e-16)
(0.467666 0.201841 3.87313e-16)
(-0.822401 -0.0624551 2.67889e-16)
(0.241665 0.2297 4.90936e-17)
(0.923269 0.190526 1.46268e-16)
(-0.867534 0.0535291 0)
(0.571057 0.309851 0)
(0.928457 -0.168686 -9.37154e-17)
(0.683247 -0.0379649 2.40451e-17)
(0.0457253 1.29959 -1.28075e-16)
(-0.836036 -0.140548 -4.82253e-16)
(0.721562 -0.291434 0)
(-0.229602 -0.665343 0)
(-0.766926 -0.010731 2.07254e-17)
(0.163328 0.156985 -4.68822e-17)
(-0.491311 0.35714 6.9843e-17)
(0.0271288 -0.0949883 0)
(0.688894 -0.241008 -3.48253e-16)
(0.389556 -0.193267 5.2536e-16)
(0.404666 -0.122106 2.78322e-17)
(0.251819 -0.0858842 4.23658e-17)
(1.08469 0.0100167 -1.56455e-16)
(-0.286592 0.870066 1.88451e-16)
(0.510057 0.0622263 -1.27723e-16)
(-0.0720865 0.34497 -4.25295e-16)
(0.581669 0.20385 -2.36342e-16)
(0.00909435 0.000954927 2.27662e-16)
(1.17109 -0.0325406 -6.24449e-17)
(0.980981 0.356961 1.623e-16)
(0.842181 0.125175 1.38597e-16)
(0.129093 -0.320046 -8.20694e-20)
(1.00687 0.474093 2.35394e-16)
(0.0326881 0.364157 -2.12209e-18)
(0.249783 1.2033 -4.83501e-17)
(0.88258 0.0670116 -8.48853e-17)
(0.661771 -0.258256 7.18537e-17)
(0.899805 0.0983112 -1.13115e-16)
(1.02645 0.0904126 7.61021e-17)
(0.0180215 -0.569797 0)
(-0.507216 -0.160786 3.2548e-16)
(-0.905337 -0.0872197 -1.80967e-16)
(0.346243 -0.373487 1.46705e-16)
(0.565432 -0.180233 6.69014e-16)
(0.150327 0.381057 1.26621e-16)
(0.0478218 -0.220437 -3.22992e-17)
(0.480955 0.113096 -2.31816e-16)
(0.341111 -0.0665958 5.60605e-17)
(0.305268 -0.046139 1.85268e-20)
(0.795152 -0.150361 0)
(-0.6635 2.25193 1.89014e-16)
(0.695927 -0.165536 1.01341e-16)
(0.473718 -0.0652726 3.46508e-17)
(0.17896 0.12013 -4.02424e-16)
(0.205532 -0.0201229 -7.25327e-16)
(-0.177713 0.0138456 0)
(0.154443 1.37969 1.15216e-16)
(0.76629 0.147412 -1.38828e-16)
(0.0352824 0.408511 -3.35599e-17)
(0.135406 1.29493 0)
(-0.582316 0.108453 -8.39489e-17)
(0.389035 -0.369043 -1.41337e-16)
(0.0372689 -0.580094 -2.0259e-16)
(0.128877 0.755488 -1.69673e-16)
(-0.586848 -0.0451405 -2.84211e-16)
(-0.298539 0.195474 7.26327e-17)
(-0.688208 2.26307 1.15837e-16)
(-0.310693 1.24195 0)
(0.682784 0.0517115 -2.11212e-16)
(-0.0327523 0.345383 3.23534e-16)
(0.0807483 -0.301928 1.98489e-16)
(0.248608 1.24796 -4.16665e-16)
(0.960977 0.0662435 9.63698e-17)
(1.02389 0.21388 -6.62673e-16)
(0.995824 0.37947 -6.65297e-16)
(0.051455 0.315767 -1.15406e-17)
(-0.0709127 0.267126 2.25752e-16)
(0.0526887 -0.107741 2.27059e-16)
(0.0826465 -0.629831 0)
(-0.246663 0.556095 1.7503e-17)
(-0.123745 -0.13667 4.51486e-17)
(0.153732 0.902711 4.7713e-17)
(-0.0163702 -0.508666 -9.11651e-17)
(-0.336371 0.151714 0)
(0.0925228 -0.790572 2.78704e-16)
(0.10911 1.04775 -1.57457e-16)
(-0.177058 0.609164 0)
(0.109837 -0.897336 -1.22833e-16)
(0.120299 -0.640672 5.94474e-16)
(0.921433 -0.11065 0)
(0.06341 0.172923 0)
(0.701586 0.144547 0)
(0.847535 0.126603 1.94386e-16)
(-0.853641 -0.0396086 1.10722e-16)
(0.698322 0.129835 -3.3557e-20)
(0.975144 0.0366185 -7.78749e-17)
(0.834517 0.126485 2.4789e-16)
(0.357439 0.0157592 -1.91812e-16)
(-0.40727 -1.26824 6.72645e-16)
(0.244959 -0.0403378 6.18619e-16)
(0.288911 0.182675 -6.67998e-17)
(-0.535026 1.91893 -1.43137e-16)
(-0.56427 2.03537 -1.46157e-16)
(0.177815 1.25803 -1.38472e-16)
(0.738627 0.214392 3.8016e-17)
(-0.402692 1.9303 1.41495e-16)
(-0.846447 -0.00865945 7.00979e-17)
(0.571838 0.430941 0)
(-0.934276 0.0644776 2.82137e-16)
(-0.699881 0.206177 -8.86355e-16)
(0.785658 0.234654 6.23868e-17)
(0.778105 0.0844902 0)
(-0.300787 0.0792029 0)
(0.190847 0.00243932 2.46039e-16)
)
;

boundaryField
{
    frontAndBack
    {
        type            empty;
    }
    wallOuter
    {
        type            noSlip;
    }
    inlet
    {
        type            fixedValue;
        value           nonuniform 0();
    }
    outlet
    {
        type            zeroGradient;
    }
    wallInner
    {
        type            noSlip;
    }
    procBoundary2to0
    {
        type            processor;
        value           nonuniform List<vector> 
42
(
(-0.495473 2.17753 1.52001e-19)
(-0.495473 2.17753 1.52001e-19)
(0.0486796 -0.563434 -2.62627e-16)
(0.0327974 -0.493331 2.02187e-16)
(-0.246447 -0.966834 0)
(-0.531628 3.08712 1.02335e-16)
(0.0580179 -0.583552 4.80335e-16)
(0.0580179 -0.583552 4.80335e-16)
(-0.269885 -0.613504 -1.58781e-16)
(-0.21366 -0.210262 1.91093e-16)
(-0.0985674 -0.97547 -1.36403e-16)
(-0.0985674 -0.97547 -1.36403e-16)
(-0.0967854 -1.12498 2.17393e-16)
(-0.0440703 -0.709929 -7.23545e-17)
(-0.0414525 -0.370093 7.52789e-17)
(-0.488404 3.41995 5.2533e-17)
(-0.232516 0.319208 2.31786e-16)
(-0.195568 -0.0906157 -3.25402e-17)
(-0.241703 -0.354568 3.70789e-20)
(-0.614311 0.422102 -1.48828e-18)
(-0.636294 0.956177 2.83052e-16)
(-0.0647552 0.00724892 -1.77605e-16)
(-0.0647552 0.00724892 -1.77605e-16)
(-0.488791 1.02107 -1.69663e-16)
(-0.636294 0.956177 2.83052e-16)
(-0.236722 0.187642 -3.05461e-16)
(-0.16078 1.33125 0)
(-0.235227 0.342806 4.17083e-18)
(-0.16078 1.33125 0)
(-0.347834 1.56836 -2.28164e-16)
(-0.232549 0.735029 -3.96205e-16)
(-0.222998 0.416456 -8.87363e-17)
(-0.160304 0.346367 9.06921e-17)
(-0.0780431 0.177826 -9.24761e-17)
(-0.0292692 -0.0298296 1.00446e-16)
(0.0327974 -0.493331 2.02187e-16)
(-0.232516 0.319208 2.31786e-16)
(0.0922545 -0.404458 -1.33344e-16)
(-0.358466 3.05692 -4.89061e-17)
(0.0382109 -0.521443 1.80916e-16)
(0.0382109 -0.521443 1.80916e-16)
(-0.000447808 -0.242199 -1.32818e-16)
)
;
    }
    procBoundary2to1
    {
        type            processor;
        value           uniform (-0.101602 0.114678 6.6852e-16);
    }
    procBoundary2to3
    {
        type            processor;
        value           nonuniform List<vector> 
29
(
(-0.383616 -0.323888 -3.66084e-16)
(-0.0130625 -0.53106 1.47243e-16)
(0.380614 0.0855368 -1.03524e-16)
(0.150695 0.0522701 -2.65722e-16)
(1.74904 0.0252362 -2.42103e-16)
(0.512664 -0.131419 -9.43691e-17)
(0.488378 -0.118057 1.40924e-16)
(0.479142 -0.45435 7.3694e-17)
(0.74681 0.184372 -4.62945e-16)
(0.560139 0.145493 2.775e-16)
(0.728107 -0.327177 1.01602e-16)
(1.53005 -0.0724252 -3.35361e-16)
(-0.688316 -0.154813 -2.0412e-16)
(0.39728 -0.27466 -2.3029e-16)
(0.737838 -0.220413 -1.95482e-17)
(0.439416 -0.236093 -1.04238e-16)
(1.00969 0.166 -9.58506e-17)
(1.00969 0.166 -9.58506e-17)
(-0.0130625 -0.53106 1.47243e-16)
(0.39728 -0.27466 -2.3029e-16)
(0.588182 -0.290986 -5.32632e-17)
(0.919758 0.140769 4.28265e-16)
(0.700349 -0.0631203 8.34445e-18)
(0.855067 0.193557 -2.39323e-16)
(0.862273 -0.138725 6.21178e-17)
(0.699495 0.08278 -6.28017e-20)
(0.74681 0.184372 -4.62945e-16)
(0.599973 -0.31637 7.6884e-17)
(1.53005 -0.0724252 -3.35361e-16)
)
;
    }
}


// ************************************************************************* //
