/*--------------------------------*- C++ -*----------------------------------*\
| =========                 |                                                 |
| \\      /  F ield         | OpenFOAM: The Open Source CFD Toolbox           |
|  \\    /   O peration     | Version:  v1912                                 |
|   \\  /    A nd           | Website:  www.openfoam.com                      |
|    \\/     M anipulation  |                                                 |
\*---------------------------------------------------------------------------*/
FoamFile
{
    version     2.0;
    format      ascii;
    class       volVectorField;
    location    "0.91";
    object      U;
}
// * * * * * * * * * * * * * * * * * * * * * * * * * * * * * * * * * * * * * //

dimensions      [0 1 -1 0 0 0 0];


internalField   nonuniform List<vector> 
1466
(
(-0.197587 -0.154687 0)
(0.0283017 -2.09969 -1.05384e-16)
(-0.867298 -0.180694 -1.4974e-16)
(-0.00478831 0.0369633 1.93863e-16)
(0.823644 0.00914863 -6.35592e-16)
(2.52971 0.218985 -3.70495e-16)
(0.129088 -0.00562771 3.18805e-16)
(-0.198237 -0.244102 4.73398e-16)
(-0.79071 2.16262 1.35189e-16)
(0.0215328 0.0480337 9.17797e-16)
(0.316656 -0.0589262 -1.7579e-16)
(0.345409 0.14014 1.79661e-16)
(-0.0676 -0.0605765 1.06316e-17)
(0.321651 0.686149 -1.34447e-16)
(0.708405 0.261032 -2.65678e-18)
(0.156673 0.564961 -1.44726e-21)
(-0.32021 0.0749486 7.47759e-17)
(0.0124346 -0.344427 -1.82382e-16)
(0.837236 0.102675 -1.71207e-16)
(0.123864 0.599926 0)
(-0.233102 -0.0664565 1.5458e-16)
(0.212496 -0.0454386 -3.90438e-16)
(0.457976 0.0408798 0)
(-0.186272 -1.87294 6.66393e-17)
(0.353815 0.686265 -1.93771e-16)
(-1.06712 -0.105917 1.5816e-16)
(-1.06937 -0.139215 1.63997e-16)
(0.298136 0.139977 3.46728e-16)
(0.134551 0.022232 0)
(-0.439714 -0.0316025 4.54594e-16)
(0.490334 -0.231176 0)
(1.14998 0.264377 7.56752e-16)
(0.281521 -0.0355875 -3.4654e-16)
(-0.444056 0.0818279 -1.1439e-16)
(-0.139117 -0.272906 0)
(0.407766 0.257763 2.85438e-17)
(-0.282512 0.153393 -4.34209e-20)
(0.952676 -0.143355 0)
(1.09518 1.80693 -4.74653e-16)
(0.180539 -0.0423999 3.49337e-16)
(0.347568 0.15624 -1.93666e-16)
(0.394969 -0.0452593 -2.04661e-16)
(-0.560135 1.8244 -3.94023e-16)
(-0.189887 -0.0854708 2.68733e-18)
(0.418317 0.160201 0)
(-0.284727 1.05372 -1.76037e-20)
(0.694432 -0.166944 -1.75801e-16)
(0.0449685 -0.394278 1.2685e-16)
(0.468046 -0.125986 -2.82998e-16)
(-0.187092 -0.0998562 -8.69858e-17)
(-0.715412 -0.173497 0)
(-0.0163461 0.0426048 -3.59573e-16)
(0.696807 -0.100149 4.383e-16)
(2.50983 0.0677794 3.83346e-16)
(0.0428708 -0.0132584 4.50632e-16)
(0.317743 -0.0310785 -1.43653e-16)
(1.15983 -0.070052 0)
(-0.217335 0.631065 2.84489e-16)
(0.0812904 -0.017344 1.67848e-17)
(0.277607 -0.0599718 0)
(0.113141 0.652549 -2.57204e-18)
(-0.463623 0.0465887 1.14351e-16)
(0.805805 -0.159615 1.43594e-16)
(2.28825 0.0860704 -3.85376e-16)
(0.137081 -1.94728 1.72527e-16)
(-0.0986329 0.472116 -4.14811e-17)
(0.336916 0.0139057 -4.36965e-17)
(-0.263461 -0.0224537 -2.03026e-16)
(0.0270782 0.0765127 -1.62208e-17)
(0.179044 -0.0303785 0)
(-0.95865 -0.121617 0)
(0.063433 -0.0396848 -8.36276e-17)
(0.919761 -0.0961454 -5.25642e-16)
(-0.20261 -0.0336212 -2.64777e-16)
(0.630586 -0.00461949 3.91482e-17)
(0.216502 0.0576598 -2.26573e-16)
(-0.139275 -0.137551 6.14818e-17)
(0.0644934 -0.224524 2.3305e-16)
(0.190859 -0.0195694 0)
(0.18923 -0.0357509 0)
(-1.02602 -0.0968257 -3.20808e-17)
(-0.338566 0.141108 2.52297e-16)
(0.735563 0.127823 0)
(0.500951 -0.191884 1.73609e-18)
(0.816561 -0.0977897 1.93595e-16)
(-0.0779897 -0.123841 -1.00154e-16)
(0.780668 -0.108888 -2.54719e-16)
(0.190342 -1.45757 1.37572e-16)
(-0.18791 0.381519 -4.12206e-17)
(-0.552846 -0.509943 6.70307e-18)
(-0.0912478 0.0803792 1.34021e-16)
(-0.555521 -0.0607231 0)
(0.0804254 0.0200815 -7.30758e-17)
(0.0786773 0.106867 2.63599e-16)
(-0.605113 -0.144165 0)
(-0.403345 -0.0679916 -2.07283e-16)
(-0.51303 -1.59383 5.85874e-16)
(0.0825286 0.0233411 0)
(-0.778397 -0.974442 1.38956e-16)
(-0.0997381 0.164277 -2.06181e-16)
(0.0860195 -0.01905 0)
(0.364893 0.163966 -1.07439e-16)
(-0.755955 -0.167439 4.02985e-16)
(-0.24506 -0.603969 -1.65182e-16)
(0.829014 -0.0802331 0)
(-0.490989 1.83856 -2.53436e-16)
(-0.278168 0.0371933 1.84402e-16)
(0.762604 0.0554811 -7.56123e-18)
(-0.518694 -1.01663 4.97572e-17)
(0.444095 0.607688 6.83953e-18)
(0.132706 -0.0313612 2.21595e-17)
(-0.138977 -0.128598 5.48588e-16)
(0.721922 -0.00899375 -3.46163e-16)
(0.865273 -0.145713 -6.79516e-20)
(-0.069236 -0.160039 -2.12427e-17)
(-0.126529 1.92814 0)
(0.20193 0.601463 -8.87816e-17)
(0.269742 0.692015 6.32754e-16)
(-0.613013 -0.635625 3.23955e-17)
(-0.175459 0.595893 -4.02607e-16)
(-0.478782 -0.00185121 1.947e-16)
(-0.139635 -0.096475 0)
(0.0812726 0.271078 -8.14781e-17)
(0.108721 -1.02401 -7.51347e-17)
(-0.153561 0.386912 3.32682e-16)
(0.0321996 0.165277 -1.29556e-16)
(-0.0202531 0.0032131 3.08193e-17)
(-1.44832 -0.857446 0)
(0.0634156 0.0636761 7.01584e-17)
(-1.04942 1.28179 -2.85465e-16)
(0.459386 -0.250945 1.28008e-16)
(0.00528537 -0.229736 -2.01432e-20)
(-0.45929 -0.285048 2.43147e-17)
(0.33035 0.0629141 -7.0754e-17)
(-0.533306 -0.10554 -9.78707e-18)
(0.123847 -0.0223901 1.75913e-16)
(0.332624 0.0239869 0)
(0.697458 -0.133186 0)
(0.473643 0.109297 4.04613e-17)
(-0.168532 -0.209792 1.02331e-16)
(0.0139437 0.0301191 -1.18011e-16)
(-0.618291 -0.0523974 -1.65661e-16)
(0.0634801 0.129198 7.95675e-17)
(0.168751 0.00734654 -4.82182e-16)
(0.443 0.133984 1.62708e-16)
(-0.0352651 0.182816 0)
(-0.113847 -0.146714 0)
(-0.84216 -0.626416 0)
(0.229366 0.0367899 7.93266e-17)
(0.873387 -0.0961106 2.51886e-16)
(0.0430713 0.108776 -1.60468e-16)
(0.0337481 0.13811 4.76975e-18)
(-0.483739 -0.403873 1.3067e-16)
(-0.175095 -1.85352 -1.95883e-17)
(-0.190958 0.131585 -2.27529e-16)
(-0.386524 -0.182748 -7.53674e-17)
(0.0520871 -0.00946821 -4.54103e-16)
(0.428352 -0.505914 2.0798e-16)
(-0.111875 0.232385 -7.31059e-17)
(-0.733105 -0.548604 0)
(0.373888 0.16752 1.28193e-16)
(-0.11519 0.341525 -2.67869e-17)
(0.259792 -2.06087 2.39371e-16)
(-0.450278 -0.039987 1.89092e-16)
(0.363831 0.141673 -5.5068e-18)
(0.0930121 -0.0156227 -2.31567e-20)
(-0.506874 1.09455 0)
(0.0218923 -0.10233 1.0476e-16)
(0.0193519 0.579053 5.34498e-18)
(-1.1907 -0.111634 2.87834e-16)
(-0.28467 -0.10508 2.685e-16)
(-0.0274045 -0.128277 2.62413e-16)
(0.0542004 0.0376359 0)
(0.128601 0.00102199 1.00748e-16)
(-1.17175 -0.109692 -6.33713e-16)
(0.0455703 -1.93466 1.60277e-16)
(0.380019 0.100328 1.77268e-16)
(0.14752 -0.0243675 -2.57872e-17)
(0.667049 0.311818 -1.3811e-16)
(0.0981623 0.00234444 2.53715e-17)
(0.00256193 -0.130006 -2.40058e-16)
(0.564358 -0.0887817 2.16791e-16)
(0.334233 -0.194167 -3.2542e-16)
(-0.108463 0.442593 -5.78912e-16)
(0.135226 -1.6289 -3.43442e-16)
(0.297891 0.6684 6.07171e-16)
(0.474926 0.0615739 0)
(-0.0889007 2.38429 0)
(0.426949 0.203761 -5.29713e-17)
(-0.921582 -1.04122 0)
(0.318735 -0.199073 0)
(-0.0642247 0.283166 1.4287e-16)
(-0.125146 0.411029 2.26493e-17)
(0.21154 -2.05766 -6.7467e-17)
(0.657323 -0.148882 7.43866e-20)
(0.0805597 -0.135508 0)
(0.502319 0.0845688 -5.35798e-17)
(0.523313 0.500096 -1.38735e-17)
(0.459579 0.524323 -1.3528e-17)
(0.405276 0.620207 -6.43156e-18)
(0.391155 -0.38261 -1.05604e-16)
(-0.354654 0.0875681 3.0662e-16)
(0.793075 -0.0162879 -6.18587e-17)
(-0.0319858 0.527855 2.70165e-16)
(0.125529 0.212535 0)
(0.490111 -0.133102 3.70972e-16)
(0.511022 -0.0162469 1.67746e-16)
(-0.137166 0.234094 1.47789e-16)
(0.396675 0.312868 5.13865e-17)
(0.374615 0.216772 1.13906e-17)
(0.46489 0.376254 5.52909e-17)
(0.422531 -0.453845 -4.77676e-20)
(-0.282462 0.187743 -1.03889e-16)
(0.589109 -0.136165 -5.30324e-20)
(-0.690431 -0.774631 -7.2061e-17)
(0.448648 0.137342 2.73953e-17)
(-0.755023 -0.334298 -7.67761e-17)
(-0.0361997 0.0174651 0)
(0.215498 0.706342 0)
(-0.0369173 -0.0833081 -1.87658e-20)
(-0.109194 -0.313462 1.5086e-16)
(-0.300589 -0.25379 0)
(0.174456 0.668121 6.52662e-17)
(0.623721 -0.170435 3.80447e-17)
(0.0766127 -0.0287277 -5.46109e-17)
(0.495082 -0.171077 0)
(0.319802 0.553593 8.56977e-17)
(0.190505 0.414708 1.34562e-16)
(-0.488545 0.159583 2.801e-18)
(-0.777902 1.68514 -3.55634e-16)
(0.58394 -0.142087 2.73516e-16)
(0.205628 -1.36155 0)
(-0.275386 0.317978 -1.3498e-16)
(0.50795 -0.206831 2.24825e-20)
(0.718717 0.197702 0)
(0.260448 0.409558 0)
(0.561122 -0.255333 0)
(-0.394573 -0.140002 -6.29833e-16)
(0.466181 -0.244592 -1.19297e-16)
(0.36278 0.626855 0)
(-0.831233 1.96774 1.39843e-16)
(0.341394 -0.196745 3.43611e-16)
(-0.482064 -0.0592235 -3.9663e-17)
(0.29459 0.0793507 -8.70188e-16)
(0.426712 0.0307591 0)
(-0.499442 0.0724994 -1.77472e-16)
(-0.98538 -0.037986 -5.10831e-19)
(-0.664573 -0.0316318 3.3803e-16)
(-0.189045 0.0629108 0)
(-0.616382 0.0389727 -5.41654e-18)
(-0.27217 0.192959 -8.64388e-16)
(0.143501 0.142441 -1.00458e-16)
(0.483467 -0.198377 -1.39428e-16)
(0.0413238 -0.825598 4.7378e-16)
(-0.211961 0.364647 0)
(0.174216 0.101345 1.68848e-16)
(0.312859 0.451957 -1.3217e-17)
(-0.271739 0.710012 -6.68056e-17)
(0.0433422 2.12326 1.03633e-16)
(0.0888776 0.041913 -1.39417e-16)
(0.500579 -0.135505 -4.26103e-20)
(0.672949 -0.146043 2.70883e-16)
(0.165129 0.0304191 -3.35868e-20)
(-0.654104 -0.464521 -2.41795e-17)
(2.08855 0.331707 -1.87736e-16)
(0.893922 0.172202 -2.60171e-16)
(-0.703999 2.35042 9.05589e-17)
(0.383231 -0.209305 1.76739e-19)
(-0.369483 -0.0483185 -6.74004e-17)
(0.0152304 -0.100168 -6.83464e-17)
(0.25234 -0.0089306 -9.99491e-17)
(-0.0510462 -0.112966 7.58106e-17)
(0.588741 -0.152563 3.04112e-17)
(0.150824 0.327717 3.2975e-18)
(0.782453 -0.144299 -4.03708e-16)
(0.206179 -0.040479 6.98508e-17)
(-0.0788285 -0.454533 1.48211e-16)
(-0.117263 0.310695 0)
(-0.98642 -0.793632 -5.13146e-18)
(0.464804 -0.0499849 2.2127e-16)
(0.411383 0.515479 2.85303e-17)
(-0.333909 0.0841675 0)
(-0.670037 0.0003897 -1.85495e-20)
(-0.138858 -0.0386699 5.14415e-18)
(-0.476678 -0.294199 -9.08972e-17)
(0.657746 -0.168511 -9.65491e-17)
(-0.226238 0.43235 0)
(-0.413517 -0.0498264 0)
(-0.56417 0.0410553 2.77083e-16)
(-0.32849 -0.0337621 1.3918e-16)
(0.398845 -0.150534 -2.18086e-16)
(-0.588118 2.42625 -4.36886e-17)
(-0.158039 0.504573 -3.96708e-17)
(0.174301 0.0707914 0)
(0.359401 -0.190283 -1.91288e-16)
(-0.390565 0.302452 0)
(-0.148155 2.61916 6.37014e-17)
(0.0985056 1.10284 -1.70145e-19)
(-0.276878 0.289159 0)
(0.127442 0.212498 -2.33281e-16)
(-0.0936293 0.169245 -6.53068e-17)
(0.377483 -0.531555 4.22822e-16)
(0.0591846 -0.0548825 -4.35301e-17)
(-0.136053 0.430539 7.2786e-17)
(0.722606 0.277837 2.53203e-16)
(0.0624268 0.215357 -4.14651e-16)
(-0.160964 0.112775 -1.72309e-16)
(0.530774 -0.252255 -1.40469e-16)
(-0.276423 -0.00454918 5.20195e-18)
(0.139153 1.78054 2.16629e-16)
(-1.02929 1.79655 2.80979e-16)
(-0.508639 -0.101017 3.85584e-17)
(-0.445877 0.119194 -1.30509e-16)
(0.191335 0.0642312 -2.60336e-16)
(0.465309 -0.236341 6.93436e-17)
(-0.276449 -0.023051 -2.45869e-17)
(0.542098 -0.242453 -5.99738e-21)
(-1.22296 -0.0869155 1.5992e-16)
(0.448297 0.0914573 0)
(-0.0932474 0.066173 -4.04825e-17)
(0.389287 -0.179477 -3.11996e-17)
(0.141793 -0.0300626 -1.86508e-16)
(0.221203 -0.137199 6.10725e-16)
(0.487182 0.0260666 -1.76386e-16)
(-0.287747 0.0970775 1.76882e-16)
(-0.824094 0.0110933 -1.21169e-16)
(-0.202573 -0.0384278 2.10272e-17)
(-0.562601 -0.122501 0)
(0.00509264 -0.0548711 0)
(-0.723251 -0.0172014 -1.43991e-16)
(0.184537 0.101049 0)
(0.527936 -0.0231915 3.7389e-16)
(-0.153447 -0.0363601 1.99685e-17)
(-0.583635 -0.0929185 0)
(-0.156285 0.115533 -1.21871e-17)
(0.555835 -0.000852922 0)
(-0.160849 -0.0413396 -4.93533e-17)
(-1.11755 -0.0550168 -1.11791e-16)
(0.627203 -0.103907 -1.49565e-17)
(-0.818161 -0.0412447 1.4678e-16)
(0.338851 0.124491 0)
(0.399702 -0.066327 -2.85212e-16)
(-0.639123 0.10137 0)
(-0.326218 -0.0485933 0)
(-0.831739 -0.0469017 -1.29108e-16)
(-0.934798 -0.0365913 0)
(0.714289 0.0339554 -8.23147e-17)
(0.0596872 -0.0513049 9.04821e-17)
(-0.0587065 0.162009 1.08284e-16)
(-0.487423 0.120521 -3.04387e-16)
(0.413548 -0.170659 5.51337e-17)
(0.412359 -0.130564 5.3405e-16)
(0.455301 -0.121591 -5.47582e-17)
(0.36501 -0.128258 -4.46995e-16)
(0.49579 -0.201894 2.54492e-16)
(-0.273483 0.0805358 -4.33324e-18)
(0.521834 -0.361532 -4.13965e-16)
(0.026807 -0.19121 3.76982e-16)
(0.217119 2.44648 3.75529e-19)
(-0.323324 0.436102 -1.83761e-16)
(-0.700628 -0.00433125 0)
(0.220264 -0.0270034 1.92954e-16)
(0.099059 -0.0365192 2.04849e-16)
(-0.454012 -0.086323 -2.70046e-16)
(0.0223497 -0.0444088 3.89241e-17)
(-0.714041 -0.100687 0)
(-0.258721 -0.0431841 -2.16134e-17)
(-0.102515 -0.0452063 -1.46158e-17)
(0.263635 -0.0657923 1.34318e-16)
(0.569255 0.0973987 0)
(-0.878949 -0.0360853 1.76039e-17)
(-0.0832452 -0.0262722 -9.41094e-17)
(0.720818 -0.00284758 -2.49495e-16)
(0.570776 -0.0170641 0)
(-0.616795 -0.0632793 -4.19268e-16)
(-0.00321318 0.117153 0)
(-0.770522 0.0624631 8.41717e-17)
(0.329593 -0.141571 -9.02482e-18)
(0.713047 -0.143652 3.5831e-16)
(-0.0428838 0.142142 -2.18374e-16)
(0.672565 -0.139373 2.61662e-17)
(0.0993349 0.0254935 -2.758e-17)
(-0.0440953 0.342343 -6.90023e-18)
(-0.450898 -0.085867 -7.92582e-17)
(0.0531786 -0.0155936 -2.4163e-17)
(-0.236077 0.516357 3.44861e-16)
(-0.345144 -0.0432242 1.03028e-16)
(-0.466845 -0.0630767 0)
(0.463619 -0.219978 0)
(0.00832007 0.164355 0)
(0.017937 0.186396 3.53196e-16)
(-0.00273988 0.27529 0)
(0.0642816 -0.0542564 1.32245e-17)
(-0.00627107 0.794139 6.28774e-17)
(-0.253052 0.0543205 -4.20375e-17)
(0.417886 0.401143 -7.99833e-17)
(0.0864222 -0.0568782 1.8307e-18)
(-1.15294 -0.0936514 -1.14924e-16)
(0.876421 -0.127862 -8.86671e-17)
(-0.209673 0.0115823 5.24272e-17)
(0.477902 -0.122174 3.66576e-17)
(-0.307187 -0.0823972 -3.723e-18)
(0.0902751 -0.0758924 -1.88308e-16)
(0.42594 -0.142859 -2.58438e-17)
(0.313859 0.115363 0)
(-0.484159 -0.318845 2.72905e-16)
(0.144912 0.0682254 -1.36885e-16)
(0.164991 2.45147 -2.04923e-16)
(-0.0756943 -0.175865 -1.01888e-16)
(0.285017 0.43251 -1.05032e-16)
(-0.468126 -0.200638 2.0963e-17)
(0.0802339 -0.0818044 -3.7467e-16)
(-0.0878774 0.252202 5.62615e-17)
(0.0586136 0.0454812 4.39856e-17)
(-0.395637 0.955529 -3.75662e-17)
(0.0500262 0.188754 1.50758e-16)
(0.146711 0.112373 -3.28516e-17)
(-0.0742601 0.523715 -9.7323e-20)
(-0.00405908 0.209225 0)
(0.0187619 0.213278 0)
(-0.0208389 0.47778 6.57653e-16)
(-0.00607808 0.112776 8.95611e-17)
(0.300941 -0.0526949 -1.66084e-16)
(0.346555 -0.0474845 5.858e-16)
(0.333079 -0.0556657 -3.5734e-16)
(0.325747 -0.0513832 7.60237e-16)
(0.346927 -0.0396748 -1.69638e-16)
(0.324011 -0.0482746 -4.5534e-16)
(0.320318 -0.0383493 -3.10574e-16)
(0.26587 -0.0276295 -3.35843e-16)
(0.380322 -0.0324308 -2.19454e-17)
(-0.359076 -0.179577 -4.27426e-17)
(0.0975639 0.179879 3.91266e-17)
(0.283359 -0.340621 -7.71316e-20)
(-0.244716 2.43722 -9.50072e-17)
(0.259787 -0.0949052 -1.72417e-16)
(-0.332605 0.660881 2.42217e-16)
(-0.0323086 -0.219764 2.56887e-16)
(-1.02749 0.285154 3.83939e-16)
(-1.21663 0.602309 -1.70018e-16)
(0.0473278 -0.634435 -5.13046e-17)
(-0.00990384 0.177536 0)
(0.240592 -0.500783 3.99444e-16)
(-0.504264 0.516616 3.80007e-17)
(-1.05594 0.550315 -2.09299e-16)
(-0.467015 0.632686 -2.40644e-16)
(-1.24224 0.984488 0)
(-1.22125 1.21857 2.71183e-16)
(0.231704 0.422541 0)
(-0.22929 0.63062 6.65657e-17)
(0.20907 0.619105 2.15793e-16)
(-0.617185 0.981645 0)
(-0.414702 0.431306 -4.4545e-17)
(0.0677773 0.347245 -3.48742e-16)
(-0.243897 0.324892 -7.97244e-17)
(-0.932186 0.0210831 -2.57868e-16)
(-1.12947 1.15767 -4.14923e-19)
(-0.731704 0.825423 0)
(-0.303909 -0.297737 0)
(-0.331905 0.658036 -1.04883e-16)
(-0.34265 0.311815 1.69336e-16)
(0.0786571 0.238297 3.10014e-18)
(0.066768 0.318241 3.094e-16)
(-0.125647 0.570595 3.48128e-16)
(0.139487 -0.521779 -6.91451e-17)
(0.0421182 -0.655125 0)
(0.152329 -0.0252933 1.85809e-16)
(-0.345188 -0.286311 -1.14741e-17)
(0.368769 0.145832 0)
(-0.168921 0.861518 1.04009e-16)
(0.141831 -0.264324 3.49824e-17)
(-0.722048 0.381442 -2.90076e-17)
(-0.217611 0.619076 -2.37719e-16)
(-0.577688 0.159915 5.91077e-17)
(0.234584 0.445607 -1.05381e-15)
(0.277008 -0.149393 -7.46698e-16)
(-0.245797 0.364619 0)
(-0.196189 0.645906 -4.44999e-17)
(0.619476 0.11729 -1.24263e-16)
(1.15178 1.17262 2.51413e-16)
(0.338127 0.316116 -5.25156e-17)
(-0.313309 -0.344411 -5.20779e-17)
(0.815132 0.470323 5.13664e-16)
(-0.429715 -0.301295 -1.67378e-16)
(0.307479 0.0750318 0)
(0.325391 0.44363 1.3487e-16)
(-0.248693 -0.273313 -5.56856e-16)
(-0.816769 -0.157886 5.58244e-17)
(0.328385 0.643939 -2.42386e-16)
(0.45051 0.0657272 -5.9355e-17)
(0.135267 0.197845 -1.85804e-16)
(0.257875 0.493112 -9.16269e-17)
(-0.337073 -0.204156 9.34456e-17)
(-0.810685 -0.138427 -3.75559e-17)
(0.06696 -0.104418 0)
(0.432224 0.183221 1.73379e-16)
(0.751022 1.75422 -1.53931e-18)
(-0.177284 0.0309866 1.40302e-16)
(-0.0218701 -0.713204 -1.33545e-17)
(0.00135527 -0.704957 1.20766e-17)
(0.207646 0.407817 1.95607e-16)
(-0.0894487 -0.0985062 1.26541e-17)
(0.0041702 -0.0511216 5.63762e-17)
(0.0406324 -0.0430147 -5.87027e-17)
(-0.802688 -0.127187 3.82524e-17)
(0.144143 -0.0875531 -1.41583e-16)
(0.385626 0.0736843 3.98521e-16)
(-0.551587 0.617235 -1.70347e-17)
(-0.328306 0.681654 -3.68892e-16)
(-0.789812 0.576141 -8.8e-18)
(-1.20863 1.04467 -3.74945e-16)
(0.153107 0.301813 0)
(-1.16443 0.894928 2.36727e-16)
(-0.371905 0.638669 6.43158e-17)
(-0.290604 0.602865 -5.51964e-18)
(-0.992423 0.788517 -7.23903e-17)
(0.267019 0.431223 2.81654e-18)
(-0.337493 -0.0975462 -9.33862e-17)
(-0.00101078 0.443525 -5.02117e-16)
(-0.0871046 0.530608 -1.75602e-16)
(-0.00119124 0.414774 8.42291e-16)
(-0.247008 0.909129 4.36044e-17)
(-0.061365 -0.51403 1.33847e-18)
(-0.250864 2.25313 2.51072e-16)
(-0.257904 1.72943 0)
(-0.00551346 0.169511 2.74381e-16)
(0.0316401 -0.512675 0)
(-0.104178 -0.461649 8.69338e-17)
(-0.0145353 0.125191 9.0332e-17)
(-0.647146 -0.115696 -4.159e-17)
(-0.623962 -0.284337 3.28851e-16)
(0.0970004 -0.0427193 -5.24775e-17)
(-0.515648 0.695031 -5.66899e-17)
(-0.406778 0.712098 1.19913e-16)
(-0.34915 0.60899 0)
(-0.127055 -0.227333 0)
(0.406379 0.171833 2.0492e-16)
(0.0300466 -0.235327 -3.45269e-17)
(-0.136266 -0.11592 -4.4418e-17)
(-0.024168 0.161263 -4.5185e-16)
(-0.068671 -0.257101 4.15316e-17)
(-0.141087 0.3066 4.13046e-17)
(-1.14562 0.923353 2.15573e-16)
(-0.098375 0.021012 -1.28822e-16)
(-0.755099 0.734716 9.30374e-17)
(-0.234559 0.691072 -4.43059e-17)
(-0.405384 -0.054167 0)
(-0.175587 1.15658 0)
(-0.196645 0.598268 0)
(0.141919 0.34512 1.02749e-16)
(-0.0780268 -0.0131514 2.91476e-16)
(1.02205 -0.0299105 -8.46505e-18)
(0.00425948 0.03636 7.62545e-17)
(0.102035 0.099867 8.65398e-17)
(0.0996817 -0.0117536 -1.47944e-16)
(-0.976034 0.927384 0)
(0.553858 -0.0687112 -1.51271e-16)
(-0.242522 -0.144787 -5.82156e-17)
(0.126516 0.181897 -1.39208e-16)
(-1.20021 0.702437 -5.70994e-17)
(-0.431222 -0.129594 5.05535e-16)
(-0.0601937 0.126557 1.31513e-17)
(0.0941974 0.032542 9.56939e-17)
(-0.236888 1.48025 0)
(0.34009 0.0939113 -6.02849e-16)
(0.221491 -0.0656082 -1.02092e-16)
(0.393761 -0.170484 0)
(0.189557 0.298735 5.03086e-17)
(-0.663612 0.813882 -1.06258e-17)
(-0.0707436 1.12943 1.87026e-17)
(1.15137 0.0608283 0)
(-0.874791 -0.0369493 0)
(-0.583342 0.827079 9.3703e-17)
(0.407151 0.176583 2.34979e-16)
(-0.879346 -0.43751 -6.48454e-17)
(-0.300559 0.6494 1.2631e-16)
(0.0692676 -0.210142 1.43737e-16)
(-0.779994 -0.125936 0)
(-0.875922 0.898586 -1.1581e-16)
(-0.50979 0.811629 9.74819e-17)
(-0.0072371 0.0246366 -1.11514e-16)
(0.543493 0.21746 9.07501e-17)
(0.186591 0.0616932 0)
(0.114468 -0.0694982 2.82031e-16)
(0.822561 -0.161194 0)
(0.197384 0.664643 -9.21603e-20)
(-0.0951869 0.713586 -2.02349e-16)
(-0.595966 0.0301259 8.59047e-17)
(0.0638026 0.842235 0)
(0.0789944 0.134241 1.25541e-16)
(-0.343562 -0.00326025 -2.18243e-17)
(0.19409 0.122952 1.80679e-16)
(0.418525 0.114881 5.22192e-16)
(-0.826806 -0.217324 0)
(0.234634 0.370863 0)
(-0.338811 0.00666303 -8.45361e-17)
(0.232501 -0.00025867 -9.05713e-17)
(0.0394533 0.0750195 -1.24686e-17)
(-0.109487 0.826639 0)
(0.127957 -0.0482542 -1.86589e-16)
(0.167189 0.650536 1.34454e-16)
(0.0806186 0.306845 -1.87955e-16)
(-0.0885001 0.0824478 -3.71305e-16)
(-0.774206 -0.291937 3.51558e-16)
(-1.02001 -0.114227 1.73176e-16)
(0.227342 -0.0161695 2.9505e-16)
(0.178785 0.112902 0)
(-0.52191 -0.115499 -1.60013e-16)
(-0.535152 1.12979 -1.68603e-19)
(-0.0447607 1.40378 3.35951e-16)
(0.0690783 0.0378167 -1.26226e-17)
(-0.408687 2.63081 6.35303e-17)
(0.0702394 0.338684 2.9078e-16)
(0.0169067 2.48626 -2.64173e-16)
(0.0492304 -0.0964666 0)
(-0.732625 -0.134795 -1.60589e-16)
(-0.316658 1.2348 -7.62852e-18)
(0.253021 0.671561 -5.76451e-16)
(-0.321224 -0.140525 -1.82681e-20)
(-0.0421202 0.114195 -1.95645e-16)
(-0.176949 0.292129 -1.85403e-16)
(0.37287 -0.137841 -1.47817e-16)
(0.0939729 -0.545139 -3.93198e-19)
(0.243992 -0.123851 0)
(-0.610972 0.149535 0)
(-0.127522 0.541101 -1.44551e-16)
(0.293679 -0.103161 -1.14609e-16)
(0.300812 0.354983 -5.69236e-17)
(0.271938 -0.0890918 -9.57811e-17)
(0.125551 0.226319 -1.10281e-16)
(0.140335 0.0578401 0)
(-0.129622 1.46012 -1.50914e-17)
(-0.818445 -0.236328 -1.98111e-17)
(-0.15506 -0.0734469 2.43391e-17)
(0.144139 -0.0199921 8.53583e-17)
(0.102764 0.00185493 2.66865e-17)
(0.0937994 -0.0397555 0)
(-0.0484392 0.298644 6.94793e-18)
(0.210854 0.333269 -8.62632e-17)
(-0.3521 0.117244 8.2217e-17)
(0.226649 -0.015187 0)
(-0.170549 -0.143195 8.79981e-20)
(1.17469 -0.0345761 -6.27916e-17)
(-1.18732 0.300125 -1.98909e-16)
(-0.227359 -0.0920913 3.56694e-17)
(0.418789 0.145172 0)
(-0.790537 -0.258641 -3.20291e-16)
(-0.75098 0.27651 -2.97267e-16)
(-0.361172 2.1338 1.41485e-16)
(0.200022 0.0649901 0)
(0.144444 0.21371 -4.66382e-17)
(0.144067 0.532889 0)
(0.158335 -0.049877 0)
(-0.573469 0.516918 0)
(-0.188512 0.365558 -7.06809e-17)
(0.113803 -0.0494662 2.76386e-16)
(-0.53568 1.62562 9.53353e-17)
(0.163438 -0.105357 1.08256e-15)
(0.18487 0.145073 -5.30522e-17)
(-0.762825 -0.23723 -2.55465e-18)
(0.134851 0.459401 3.22206e-21)
(-0.0786344 0.55011 -5.47054e-18)
(0.402445 0.180634 -2.25371e-16)
(0.0834866 -0.276077 1.46314e-16)
(-0.416677 1.28101 1.163e-16)
(0.0691528 0.133885 -9.61995e-17)
(0.0373319 0.263645 1.72469e-16)
(0.213682 -0.122046 -4.31682e-16)
(0.057073 0.495341 0)
(0.166947 -0.102114 -8.94378e-18)
(0.171782 0.215562 3.95323e-17)
(-0.6403 0.274408 9.54914e-17)
(0.309921 -0.0746067 1.0559e-16)
(-0.792765 -0.28849 1.46563e-16)
(-0.356993 0.0456502 -2.06523e-16)
(0.36808 0.0669481 -1.52428e-19)
(0.173824 -0.174457 -1.15776e-19)
(0.0117364 0.388013 0)
(-0.631583 0.274749 0)
(-0.0253778 0.161358 4.45939e-17)
(0.143819 0.0825515 -5.62939e-22)
(-0.421267 0.346313 1.77724e-16)
(0.611809 -0.000351992 0)
(-0.783413 -0.258509 1.20545e-16)
(0.411062 -0.121455 0)
(-0.342245 -0.0765315 0)
(-0.0485902 0.296559 8.17447e-17)
(-0.520851 0.0590374 -1.55682e-16)
(-0.746675 -0.0763474 -4.42471e-17)
(0.343374 -1.90882 -3.35667e-17)
(-0.198649 0.210196 9.97009e-17)
(0.155496 0.26244 -1.318e-17)
(-1.15645 0.0935151 2.51403e-16)
(-0.0523625 0.225722 1.19474e-16)
(0.35666 -0.447131 -2.09095e-16)
(0.195356 0.322193 4.04677e-17)
(0.469367 -0.049357 1.04101e-16)
(0.237945 -0.12018 -1.8967e-16)
(0.100828 -0.0767202 1.03086e-16)
(0.077277 0.148655 -2.28861e-16)
(-1.01572 0.996849 2.26999e-16)
(-0.748524 -0.271185 -1.54716e-16)
(0.316106 -0.122617 1.0281e-16)
(-0.242307 0.0632827 1.19323e-19)
(0.0516179 0.165106 1.34916e-16)
(-0.379078 -0.36938 -3.01148e-17)
(0.107432 0.131068 0)
(0.210222 0.230694 0)
(-0.807501 0.952415 -2.51894e-16)
(0.185884 0.263244 9.02005e-17)
(-0.38191 0.237801 -1.73482e-16)
(-0.436445 0.106687 1.08325e-17)
(0.544353 0.059818 2.75487e-17)
(0.0214897 0.246909 0)
(-0.120799 0.186938 1.85809e-16)
(0.0900304 -0.309265 0)
(0.374359 -0.0935876 0)
(0.00103346 1.12318 -1.03387e-16)
(0.148653 0.284067 0)
(-0.919824 -0.136054 -3.32132e-16)
(0.200094 -0.0400119 5.60135e-16)
(0.113642 0.240291 9.5981e-17)
(-0.587879 -0.0787633 -8.29627e-17)
(0.0815258 0.0813276 -9.01814e-17)
(-0.448539 1.26703 -1.59428e-16)
(0.303875 -0.131386 -2.55647e-16)
(0.197458 0.00230064 2.04709e-16)
(0.333418 0.532627 -1.47235e-17)
(-0.291577 -0.130569 -2.84444e-16)
(0.443841 0.115247 -1.33042e-16)
(-0.100517 0.408112 7.48784e-17)
(-0.345475 -0.311625 0)
(0.0100002 0.172752 -2.52198e-16)
(0.00545118 -0.00133441 1.06571e-17)
(0.0342754 0.00869031 -3.93754e-17)
(-0.942492 1.64624 -2.67689e-19)
(-0.0197442 -0.00947558 -1.10208e-17)
(0.088512 -0.0239055 0)
(-1.23208 -0.13344 -2.36483e-16)
(0.253713 0.404669 0)
(-0.278984 -0.0796391 3.99094e-16)
(-0.0469477 -0.00706236 -8.89305e-17)
(0.158754 -0.0725143 0)
(-0.0261366 0.385503 8.04776e-16)
(0.113344 -1.42083 1.49107e-16)
(-0.425527 0.503753 -2.88554e-16)
(0.0471403 0.105569 -4.38654e-16)
(-0.647048 -0.2362 2.52307e-17)
(0.14461 -0.426368 0)
(0.438543 0.0967948 2.77931e-16)
(-0.834828 -0.325556 7.36386e-17)
(0.113376 0.0567918 1.70078e-16)
(-0.136212 0.0799616 1.47668e-16)
(0.00896027 0.106811 5.19127e-17)
(0.122195 0.0464531 4.39644e-17)
(-1.02339 -1.20974 -5.4757e-19)
(0.126417 2.00544 1.29004e-19)
(-0.826794 1.52905 0)
(-0.790745 -0.432972 4.239e-17)
(0.0170467 0.193065 0)
(-0.0037783 0.0424457 -1.26936e-19)
(-0.402944 -0.165138 -2.90919e-22)
(0.0434771 0.0030145 5.55047e-17)
(-0.28917 -0.248068 -1.40833e-16)
(0.00574774 0.268467 0)
(-0.135112 0.752979 -7.03497e-17)
(0.20111 -0.0222162 -3.7452e-16)
(0.0490835 0.0512053 -3.45125e-16)
(-0.79967 -0.346871 0)
(-0.665886 -0.147346 -3.41857e-21)
(0.283794 -0.0456542 -1.86627e-16)
(1.78402 0.717473 4.41545e-16)
(0.800058 0.0532136 5.24921e-16)
(0.570729 0.0156754 -4.38341e-16)
(0.0999774 -0.0242378 -2.28386e-17)
(0.0413631 -0.0417812 1.97157e-16)
(0.0974985 0.0868989 -3.40501e-17)
(0.460461 0.0285382 -1.95266e-16)
(-0.00660334 0.164766 7.01315e-21)
(0.498572 0.214026 1.20062e-16)
(0.742768 2.53014 6.05118e-16)
(-0.295127 0.00906505 4.68505e-20)
(-0.200298 -0.051388 0)
(-0.155808 0.0989517 8.86798e-17)
(0.0602628 0.0332726 8.91948e-22)
(0.51436 -0.235301 -1.14694e-16)
(-0.815491 0.0533946 -8.39711e-17)
(-0.347809 -0.0899859 4.19584e-17)
(-0.0944952 -0.229508 -2.87371e-16)
(-0.0015989 0.291607 1.26706e-16)
(-0.525551 0.285066 -8.4732e-17)
(-0.0227044 0.292712 1.55888e-16)
(-0.200642 -0.0552756 2.17764e-16)
(-0.151449 0.370735 3.20178e-16)
(0.107267 -0.511452 -2.27247e-16)
(0.331335 -0.0476905 -4.83896e-16)
(-0.088674 2.60097 3.3913e-19)
(-0.412008 0.00460705 -5.39601e-20)
(0.283294 -0.0585525 3.03529e-16)
(-0.0338162 0.373201 -2.65178e-16)
(0.116955 -1.45202 0)
(0.168177 -0.0413728 3.09884e-16)
(-0.789932 -0.0550671 -9.06259e-17)
(-0.580085 -0.120989 3.67352e-17)
(-0.719523 -0.394737 2.38871e-17)
(-0.935296 -0.131984 3.87974e-17)
(-1.09771 0.678568 1.12721e-16)
(1.04074 -0.107243 -1.0831e-16)
(-0.834611 0.174088 8.39627e-17)
(0.194849 0.0127522 2.75988e-16)
(0.362057 2.85179 -3.23881e-16)
(-0.23854 0.0550918 -2.15898e-17)
(-0.500278 0.0486102 -3.47193e-16)
(-1.00618 0.434943 0)
(0.127877 0.654891 -7.39842e-17)
(0.172964 0.458753 -1.88064e-19)
(-0.0217261 0.0803572 -7.95304e-17)
(-0.607579 -0.0677665 -3.99956e-17)
(-0.127594 -1.37195 -2.42764e-16)
(-0.0173485 0.779989 6.97154e-17)
(0.556513 3.12292 -1.56407e-16)
(-0.638315 0.366166 -2.67417e-18)
(0.158934 0.179958 -7.98913e-17)
(0.067242 0.184564 8.71998e-17)
(0.992111 0.0149765 0)
(0.946365 0.0179808 0)
(-0.33516 -1.23586 -3.66212e-18)
(0.218358 -0.110645 -4.26572e-16)
(-0.216499 0.0137204 2.43809e-16)
(-0.909326 -0.169418 0)
(0.0178005 0.243072 0)
(0.0331491 0.186243 -1.93173e-17)
(-0.761268 0.33223 -8.29465e-17)
(-0.00528595 -0.103646 1.37411e-16)
(-0.88738 -0.0965398 1.42667e-16)
(-0.511171 0.147254 9.9312e-17)
(0.161398 -0.0297978 -9.39505e-16)
(0.0188094 0.0641865 0)
(0.222655 0.424873 -1.12165e-16)
(0.267985 -0.139674 -7.19696e-17)
(-0.106904 0.0782971 0)
(-0.0746896 -0.00759332 -1.78039e-16)
(0.396398 0.143868 -2.6412e-16)
(-0.786913 1.17614 7.0415e-16)
(0.449469 -0.118566 -1.12721e-16)
(0.0287253 0.288995 -2.19125e-16)
(0.410901 -0.041077 0)
(0.423629 0.0224404 0)
(0.0207364 0.348927 1.65809e-16)
(0.0444276 0.23881 -7.55024e-17)
(-0.424785 0.23572 1.69533e-16)
(-0.0218663 0.0936143 0)
(0.131654 -0.00660478 9.42224e-17)
(-0.660105 0.386376 3.27957e-19)
(0.683982 -0.0217521 0)
(-0.665388 -0.127163 0)
(-0.106554 0.364547 4.67543e-17)
(-0.380692 -0.152176 0)
(-0.99753 -0.438531 2.42297e-17)
(-0.0408451 0.0308998 1.74944e-16)
(-0.279942 1.21694 1.71815e-16)
(0.578421 -0.140105 3.59083e-16)
(0.363377 -0.381559 -1.17927e-16)
(-0.0244891 -1.8693 -1.70524e-16)
(0.128934 0.126629 1.94286e-16)
(-0.0854013 0.207663 0)
(-0.0524992 0.067481 -9.00525e-17)
(-0.513455 0.107036 1.84523e-16)
(0.22852 0.000954177 0)
(-0.668883 0.223973 -1.41968e-16)
(-0.763303 -0.188862 0)
(-0.349215 0.081361 -2.51296e-16)
(-0.872327 0.196654 0)
(-0.171903 0.0819802 -2.1987e-16)
(-0.764723 -0.18554 4.40513e-18)
(0.181356 -0.143463 1.34254e-16)
(-0.334688 0.290149 8.4735e-16)
(0.261979 -1.29824 0)
(0.441423 2.67715 2.31689e-18)
(0.0409122 0.392239 1.91135e-16)
(-0.441917 0.311217 -1.8655e-16)
(-0.654572 -0.17135 3.53769e-17)
(-0.254313 -0.205517 -1.29661e-16)
(-0.576077 -0.280338 1.65272e-16)
(-0.135465 -0.0461544 5.00165e-17)
(-0.874003 -0.266084 4.61519e-18)
(-0.350981 -1.78134 -4.78913e-16)
(0.136141 -0.0400188 -1.75088e-16)
(0.0946558 0.277172 2.9211e-16)
(0.726812 -0.0151779 3.15374e-16)
(0.0831068 -0.071281 -1.06009e-16)
(0.164663 -0.145119 -9.02223e-17)
(-0.101695 0.0628589 -7.68986e-17)
(0.151089 0.146716 4.284e-16)
(-0.768484 -0.138094 1.73055e-16)
(-0.195461 2.53787 7.37443e-17)
(-0.85285 -0.144977 0)
(-0.877815 -0.147493 0)
(-1.04941 -0.072711 -1.42786e-16)
(0.236241 0.0915775 3.08651e-16)
(-0.420448 -0.503875 -3.03991e-17)
(-0.616232 -0.265607 -2.76617e-16)
(-0.0466601 0.14904 7.61795e-18)
(-0.249087 0.646091 -7.42126e-17)
(0.243669 0.00246167 5.80585e-16)
(0.203454 -0.14908 1.10952e-16)
(0.107008 -0.144969 4.52919e-17)
(0.968117 0.0906258 0)
(0.417544 0.0822581 1.69625e-16)
(-0.72782 -0.222964 0)
(0.233589 0.38189 0)
(-1.11525 -0.0930398 -3.39181e-18)
(0.087436 0.0963391 0)
(0.775763 0.0526101 0)
(-0.0220431 0.130297 0)
(0.015929 -0.0715147 0)
(0.260002 0.12714 -6.63108e-16)
(-0.211902 0.303627 -2.19644e-16)
(0.284352 -1.77101 -1.26021e-16)
(0.146953 0.280142 -4.33074e-18)
(-0.0344294 -0.539147 -4.99136e-16)
(-0.224016 0.386258 -3.88884e-16)
(-1.04121 1.13215 2.8059e-16)
(0.428485 -0.54332 -6.20606e-16)
(-0.819834 0.662104 3.05322e-16)
(0.0764547 0.611608 7.57389e-17)
(-0.0484886 0.0551988 0)
(-0.178526 0.26026 0)
(-0.00779621 0.156163 2.45515e-16)
(-1.29146 -0.0906443 7.18406e-16)
(-0.311487 0.3711 3.32953e-16)
(0.127876 -0.898436 0)
(0.492028 -0.186001 0)
(-0.119889 0.500252 2.09174e-16)
(-0.136715 0.000384315 2.36898e-17)
(-0.523068 2.10141 -1.23888e-16)
(0.0664524 -0.124258 -1.33472e-16)
(0.108391 0.127531 -3.63599e-16)
(-0.278511 0.191304 -2.94841e-18)
(0.0551426 0.473237 3.39407e-17)
(0.0191554 0.511273 -1.16922e-17)
(-0.0145466 0.460355 0)
(-0.0061049 0.502334 -4.90811e-17)
(0.0642172 -1.91878 0)
(0.117859 -1.74305 0)
(0.0203522 -2.00597 0)
(-0.00967945 -1.97236 0)
(0.0790517 0.388652 0)
(-0.0308932 -1.95656 0)
(-0.0638119 -1.89795 0)
(0.0680936 0.27658 -2.32583e-17)
(0.0324906 0.169311 -2.3201e-17)
(0.00951605 0.0871315 2.406e-17)
(-0.452803 -0.656831 1.4583e-17)
(0.0113961 0.0182159 1.26476e-17)
(0.0111448 -0.0325197 3.19994e-18)
(0.359026 0.158176 6.64122e-16)
(-0.172718 -0.0509338 -9.71485e-17)
(0.336063 0.109847 0)
(0.841669 -0.044068 0)
(-0.0988678 -1.78011 0)
(0.340803 -0.0946665 8.63468e-18)
(-0.0657544 0.306084 0)
(0.156456 0.286756 1.55829e-17)
(-0.0920934 0.0227486 -9.68446e-17)
(-1.27276 -0.122106 -1.85834e-17)
(-1.02124 0.74571 0)
(0.0339329 0.101902 2.29894e-16)
(-0.834817 -0.182254 0)
(-0.054486 0.211236 -1.40041e-16)
(-0.118385 -0.529039 -1.81331e-17)
(0.178609 -0.0630579 -3.35114e-16)
(-0.0314796 0.271458 -2.93227e-16)
(-0.949152 -0.131264 1.39299e-17)
(-0.0826549 0.457001 1.96767e-16)
(-0.114934 -0.344054 3.21662e-17)
(0.159104 0.0459898 1.23145e-17)
(6.08731e-06 0.256661 0)
(-0.131354 -1.60152 0)
(0.18947 0.553217 2.5102e-17)
(-0.902989 0.523552 -3.348e-16)
(0.277709 0.339494 -1.11595e-16)
(0.174662 2.62369 4.75329e-16)
(-1.04643 1.62126 7.15686e-17)
(-0.0329444 -0.0163817 -1.95618e-16)
(-0.74022 -0.202163 -3.56555e-17)
(0.0904242 0.030133 2.93435e-16)
(0.476781 0.261216 1.32977e-16)
(0.185481 -0.217269 2.4673e-16)
(-0.157515 0.577509 4.94906e-16)
(-0.402251 -1.78988 -1.0837e-16)
(0.167229 0.107378 -7.36536e-17)
(-0.125752 -0.726989 0)
(-0.149794 -1.38582 -7.11099e-17)
(-1.11823 0.379894 0)
(-0.96359 -0.122064 0)
(0.00408812 0.0939746 0)
(0.149533 0.837282 -3.91039e-16)
(-1.18911 1.24535 1.03807e-16)
(-0.400942 2.46135 3.83504e-17)
(-0.132445 -0.935981 0)
(-0.146939 -1.15388 7.2104e-17)
(0.320486 -0.0626068 2.33839e-16)
(-0.0533536 0.133914 1.01518e-16)
(0.405736 0.130985 1.59248e-20)
(0.275591 0.600991 -6.97322e-16)
(0.200621 0.659174 -2.98171e-17)
(-0.479284 2.34914 0)
(0.260007 0.448841 -6.97252e-17)
(-0.0243243 -0.318523 -1.00868e-16)
(-0.282989 0.113571 0)
(-0.0708736 0.0971059 8.76413e-17)
(-0.0175662 0.100999 0)
(0.0180255 0.141058 -1.79256e-16)
(0.594117 -0.21081 -1.4759e-16)
(0.505565 0.0757636 0)
(0.177344 -0.030953 2.57737e-16)
(0.0992378 0.284061 4.48861e-17)
(0.381648 -0.140282 2.16113e-16)
(0.133462 -0.0786633 3.30925e-16)
(1.03642 -0.0791428 4.76114e-18)
(0.0461848 0.0912642 2.30428e-16)
(-0.183754 1.19341 0)
(0.0695477 -0.12315 0)
(-0.166961 0.200081 1.34367e-16)
(0.388005 0.160452 0)
(0.292698 -0.0328408 4.82886e-16)
(0.20543 0.0329534 -3.21253e-17)
(0.867484 0.0851802 -6.57518e-16)
(1.90144 0.574257 -1.20787e-18)
(0.00273934 -0.0785834 3.7241e-16)
(-0.706913 -0.298087 -1.32584e-20)
(-0.811668 1.33371 0)
(0.340108 0.0599592 2.56261e-16)
(0.048559 0.372455 2.64399e-16)
(0.115273 0.00358599 -9.37995e-16)
(-0.294775 2.72881 -2.42375e-16)
(0.426182 -0.067162 -3.42972e-16)
(0.293407 -0.16998 -2.34328e-16)
(0.747279 0.0991403 5.71236e-17)
(0.503203 2.08843 -1.27712e-16)
(0.340703 -0.0493214 2.17613e-17)
(-0.193203 -0.254366 -7.45863e-17)
(0.535758 0.0973382 -1.02675e-17)
(0.202966 -0.00857024 0)
(0.219594 -0.0718331 1.06213e-16)
(-0.838268 -1.57075 -2.55408e-16)
(-0.0382605 -0.226778 1.06853e-17)
(0.229489 0.031218 -9.23747e-17)
(0.138931 -0.106429 -2.63324e-16)
(0.181888 0.330932 0)
(-0.97235 -0.104923 8.57326e-17)
(-0.563016 -0.120095 3.53101e-16)
(-1.10126 1.38518 -4.91915e-16)
(-0.0606817 0.0165386 0)
(-0.0190706 0.254041 0)
(0.32234 -0.130201 -3.43327e-17)
(-0.510765 -0.0971776 0)
(-0.034008 0.14286 0)
(0.135 -0.516982 3.02525e-17)
(-0.265181 2.47135 -1.44712e-16)
(-0.0459632 0.0449005 0)
(-0.842851 0.23128 8.07839e-17)
(0.0189568 -0.108708 1.22483e-17)
(-0.0421475 -0.294608 2.66178e-16)
(0.434457 0.340857 0)
(1.16651 0.0136716 6.52711e-17)
(-0.0548807 1.65709 -2.71989e-16)
(0.34487 0.122363 0)
(0.392438 0.174027 0)
(0.497162 -0.177682 4.89298e-16)
(0.513937 0.0358259 -6.4038e-17)
(0.139303 -0.167255 -5.08982e-16)
(0.321398 0.33671 -1.58603e-16)
(-0.0569568 2.04433 0)
(-0.163736 0.0945656 0)
(0.409395 0.141072 1.20845e-16)
(-0.440686 -0.0338118 0)
(-0.782811 -0.220478 0)
(-1.24066 -0.29242 0)
(0.344216 -0.0257129 5.82987e-16)
(0.757418 0.0852624 0)
(0.252974 0.0569108 -3.64929e-16)
(-1.01312 0.133493 2.67496e-16)
(-0.559325 -0.259711 -3.65554e-17)
(0.39535 0.175578 -1.50521e-16)
(-0.167845 2.27903 0)
(0.392523 0.162094 -2.70617e-17)
(-0.774866 -0.254775 -2.98273e-17)
(-0.0378945 0.267867 -4.59488e-17)
(-0.498098 -0.151448 2.24147e-16)
(0.276103 -0.09561 -3.68037e-16)
(-0.297535 -0.0507477 4.20624e-17)
(-0.29968 1.80428 7.3704e-17)
(0.0179964 -0.407838 0)
(-0.0301226 0.21642 -1.1843e-16)
(-0.958854 -0.394308 0)
(-0.635333 -0.170893 1.88354e-16)
(0.247092 0.107137 2.11627e-16)
(-0.504617 -0.193886 -2.8254e-16)
(-0.0313436 0.154785 1.45449e-20)
(0.404725 0.0493841 4.64042e-18)
(-0.211959 -0.101843 -1.92228e-16)
(-0.772747 1.00284 3.20821e-16)
(-0.498261 0.303385 3.06974e-16)
(0.690891 -0.112297 -2.47021e-16)
(0.0214116 -0.142054 4.74752e-17)
(0.185168 0.0587985 0)
(0.374341 0.0998719 -1.6618e-16)
(-0.109863 -0.172363 0)
(-0.884775 -0.14831 -2.06398e-16)
(0.236958 -0.054701 0)
(0.0824256 -0.0804187 -1.94553e-16)
(-0.197586 -0.15526 -3.18882e-16)
(-1.13977 0.0566412 8.72015e-20)
(-0.0173757 0.258015 -8.46685e-17)
(-0.048932 0.513408 -3.02907e-18)
(0.198472 -2.14488 -1.3615e-16)
(-0.401854 0.179972 -9.28206e-17)
(0.423735 0.0823988 2.67756e-16)
(0.765485 -0.0372116 0)
(-0.497976 -0.0598909 4.08445e-17)
(0.125258 0.261868 3.34829e-16)
(-0.826876 0.282921 -1.01255e-17)
(0.978371 -0.0273471 -1.15474e-21)
(-0.142516 -0.0468878 0)
(0.752416 -0.0452911 4.14578e-16)
(-0.366641 -0.071628 -4.92009e-18)
(0.591425 0.0158948 8.21363e-18)
(-1.22553 -0.0529542 -2.83e-16)
(-0.167471 0.0321698 -1.07309e-16)
(0.695565 -0.214918 -2.44509e-16)
(0.592189 -0.176972 4.01717e-18)
(0.103905 0.217079 0)
(-0.159985 -0.0291942 -1.99543e-17)
(0.751446 -0.134903 1.77332e-17)
(-0.0119362 0.284117 7.95584e-17)
(0.0260046 0.243723 4.51794e-17)
(0.292249 0.192707 0)
(-0.90501 -0.129251 1.65194e-16)
(-0.0948923 -0.0216572 -9.07372e-17)
(0.0764518 0.00152246 0)
(-0.0684243 0.0418216 -8.43868e-17)
(-0.493432 0.606852 2.18938e-16)
(-0.0524888 0.262637 1.29712e-16)
(0.0626787 0.00393374 0)
(0.0226824 -0.181053 -4.61657e-17)
(-0.258966 -1.71624 0)
(0.213013 0.0695531 -5.27518e-16)
(-0.169916 -0.210057 0)
(-0.244014 -0.29189 0)
(0.0165659 0.305009 3.22323e-16)
(1.12184 -0.0900637 0)
(0.0617383 0.0516562 -2.24243e-17)
(0.382442 0.0836426 -1.12742e-17)
(-0.0842742 0.502253 -1.44154e-16)
(0.179929 0.0761345 9.44746e-17)
(-0.134179 0.105568 0)
(0.51865 -0.245935 -3.16846e-16)
(-0.947728 -0.011222 4.25679e-17)
(-0.719843 -0.210322 -2.937e-17)
(-0.392455 0.754662 -9.91108e-17)
(-0.747736 2.11233 -1.94265e-16)
(0.561165 0.0292659 3.18125e-17)
(0.154499 0.185224 3.52655e-16)
(-0.578685 -0.381938 -9.71769e-17)
(0.031487 -0.364806 1.03225e-16)
(0.151218 0.627447 -6.87653e-18)
(-0.946928 0.168805 -2.52496e-18)
(-1.07285 -0.0918628 -1.24248e-17)
(0.0375541 0.14881 1.07862e-16)
(-0.736787 -0.190121 0)
(-0.588282 1.95179 0)
(-0.973475 0.0792214 0)
(-0.052361 0.177497 9.28974e-17)
(0.544378 -0.0488688 1.57656e-16)
(1.71571 0.325685 -4.50962e-16)
(-0.590398 -1.25959 3.12257e-18)
(0.0576182 0.642026 -2.09424e-17)
(-0.248566 0.631968 -5.09992e-17)
(-0.196176 -0.19151 0)
(0.269016 0.125103 9.48544e-17)
(-0.0883861 -0.0918732 2.61305e-16)
(0.0042231 0.613013 0)
(0.777737 0.0221895 0)
(0.015193 -0.124753 0)
(-0.188609 0.573882 -3.64415e-16)
(-0.114992 -1.99048 0)
(-0.444073 0.866831 -3.37413e-16)
(-0.178374 -2.00708 -1.3486e-16)
(-0.587475 -0.186625 0)
(0.477093 -0.166825 -1.32421e-17)
(0.268034 0.503019 -4.79141e-17)
(0.00559974 0.264107 2.0796e-17)
(-0.0936597 0.167785 5.13999e-17)
(0.0618927 1.69245 2.05183e-16)
(-0.791846 1.32026 0)
(-0.188483 0.553672 0)
(-0.050116 -0.13786 1.87233e-22)
(0.241604 -0.0333454 1.12633e-15)
(0.591838 -0.213347 -6.81091e-17)
(-0.646281 -0.16049 0)
(-0.363589 1.66939 4.81436e-16)
(-0.0866259 -0.0636855 3.5747e-16)
(-0.38373 0.39903 0)
(0.126109 -0.573491 -4.66594e-16)
(1.00597 -0.0974781 2.73859e-20)
(0.0341775 1.20844 2.02077e-16)
(-0.677563 -0.145367 0)
(-0.246029 2.18682 0)
(0.242694 -0.074109 -2.90178e-16)
(-0.534241 -0.221721 -4.05465e-17)
(-0.500326 -0.0965626 -3.71216e-16)
(-0.309175 -1.00969 0)
(-0.194342 1.83929 -1.24236e-16)
(0.99751 0.029109 1.02153e-17)
(0.270466 -0.0511895 -3.09625e-16)
(0.131451 0.212851 1.44747e-16)
(0.277926 -0.0780099 1.76441e-16)
(-0.0059029 -0.404386 0)
(0.246258 0.000564637 7.53915e-17)
(0.0215067 -1.38639 -1.27336e-16)
(-0.287684 -1.92157 -6.18585e-17)
(0.352481 -0.157203 5.52698e-16)
(-0.479333 -0.127658 0)
(0.0372738 0.0672167 -1.02883e-16)
(0.0394203 0.199119 -4.94722e-17)
(0.15622 0.936752 4.36097e-16)
(-1.17181 1.40568 -3.61249e-16)
(0.0842844 -0.29955 -9.02676e-17)
(-0.100654 -0.22918 9.94325e-17)
(0.629422 0.080536 3.07396e-17)
(-0.145342 -0.127467 -2.02799e-21)
(-0.246811 -0.1689 -2.5516e-17)
(0.119833 0.573504 -2.30912e-16)
(0.0450734 0.306468 5.84028e-20)
(-0.930277 -0.147113 0)
(-0.378603 0.169116 6.54297e-17)
(-0.379875 0.07879 -1.76195e-16)
(-0.76075 -0.043041 2.96098e-16)
(0.352059 -0.0356987 -3.98374e-16)
(-0.20729 0.0525524 2.92965e-16)
(-0.368463 1.5109 -1.66694e-16)
(0.0924102 0.941472 -3.14886e-16)
(-0.0807283 0.418718 -1.86842e-16)
(0.0407222 1.43902 -1.21672e-16)
(-0.442177 0.399809 0)
(0.10043 -0.245449 -2.17504e-17)
(-0.826491 -0.210116 1.65219e-17)
(0.0522881 -0.0668484 2.2537e-16)
(0.509258 -0.0862589 8.23255e-17)
(0.145409 2.52421 -4.17314e-16)
(-0.0680158 0.259862 -7.50107e-17)
(0.384926 -0.404354 0)
(0.0626522 0.369733 -1.77843e-16)
(0.132983 0.204182 8.776e-17)
(-0.200478 0.188076 -1.12195e-20)
(0.466272 -0.460481 -1.8665e-16)
(0.119288 0.255277 9.5803e-17)
(-0.185587 -0.128078 1.63206e-16)
(0.1223 -0.0247798 -6.96359e-16)
(0.198569 -0.0417114 -1.23408e-16)
(-0.611484 -0.21809 -7.48002e-17)
(0.226533 0.093609 -4.48375e-20)
(0.282696 -0.0406158 0)
(0.118633 0.143377 3.43516e-17)
(-0.250143 0.236238 -1.09842e-16)
(0.241216 -0.0424281 0)
(0.0838552 -1.36988 0)
(-0.0164584 0.384827 0)
(-0.274699 0.19081 0)
(-0.241658 0.602528 -9.84953e-17)
(0.150301 0.0666921 -5.8285e-16)
(0.668958 -0.0927727 3.09682e-16)
(0.168508 1.0339 -2.14918e-16)
(-1.14435 1.48811 5.30106e-16)
(-0.973158 1.94773 0)
(0.0979021 -0.0274329 0)
(0.981299 -0.136894 3.04084e-16)
(0.611728 0.343432 0)
(-0.687929 -0.147031 -5.50305e-17)
(0.481011 -0.394133 -2.48143e-16)
(0.101863 -0.050067 5.70709e-16)
(-0.21163 2.30574 -4.86652e-17)
(0.277748 0.137203 2.03113e-16)
(-0.244236 0.0677004 -1.19189e-17)
(0.299585 -0.0686999 1.99909e-16)
(0.238437 -0.0915018 -3.45401e-16)
(-0.281876 -0.623147 -1.04393e-17)
(-0.578921 0.385626 9.88204e-17)
(0.465786 0.0815733 0)
(0.131242 1.48973 0)
(-1.07315 1.62775 0)
(-0.790764 -0.0989568 3.94776e-16)
(-0.669942 1.4389 1.40219e-16)
(-0.905676 1.14255 0)
(0.257444 -0.0118946 0)
(-0.00804777 -0.248489 0)
(0.203351 0.0590947 1.32261e-16)
(0.0140509 -0.374824 -1.17694e-16)
(-0.624799 0.988747 -1.39431e-16)
(0.3883 -0.371612 -1.99271e-16)
(0.431771 -0.0178147 0)
(-0.035211 -0.319461 0)
(-0.420308 -0.147683 -3.47245e-17)
(0.322994 -0.0607596 -2.82624e-16)
(-0.26846 0.603898 -7.43828e-17)
(0.40098 -0.519454 6.22694e-16)
(0.171901 -0.0583264 -3.27397e-17)
(-0.127889 0.305039 1.1554e-17)
(0.397624 0.160807 -1.89333e-16)
(0.084895 -2.1354 0)
(-0.0925718 -0.253231 -7.3509e-17)
(-0.0350968 0.232137 2.69753e-21)
(0.633693 -0.199203 1.27591e-16)
(0.182826 0.128622 -2.25117e-20)
(-0.666397 -0.162749 -3.00119e-16)
(0.571766 -0.350864 2.01823e-16)
(-0.201707 0.100007 -1.6714e-20)
(-0.553616 1.55395 1.37226e-16)
(-0.202455 0.0101479 2.05418e-16)
(0.657558 -0.255163 3.83024e-16)
(0.303674 -0.05259 6.19664e-16)
(0.935277 0.143021 -2.36086e-16)
(0.263842 0.116599 -3.45822e-16)
(-0.0126695 0.385379 -5.6959e-16)
(-0.651611 -0.338265 -1.22174e-17)
(0.217648 -0.0184549 3.41602e-16)
(-0.0590422 0.181148 5.08239e-16)
(0.273013 -0.519075 -4.55842e-16)
(-0.171118 -0.200284 2.55234e-16)
(-0.482831 1.67884 1.66311e-16)
(-0.0582581 -0.14086 8.1942e-17)
(0.732139 0.05318 -2.82974e-16)
(0.290811 -0.0426119 -7.53642e-16)
(-0.0628908 0.0024011 9.33659e-17)
(0.217262 -0.132552 2.98658e-16)
(0.383956 0.00615421 1.83829e-16)
(-0.0328003 0.178678 -3.94105e-16)
(-0.0814401 -0.00180756 2.72718e-16)
(-0.534002 -1.57225 0)
(-0.703284 -0.148943 -2.1106e-20)
(0.0247498 0.109482 -2.68096e-17)
(0.331092 -0.133826 6.38598e-16)
(0.264319 0.23458 -2.11136e-16)
(1.00822 -0.0042211 1.55981e-16)
(0.584646 -0.241319 2.89771e-18)
(-0.403558 -0.0752022 5.53735e-17)
(0.351763 0.0709012 0)
(-0.148316 0.137237 2.03303e-16)
(0.102841 0.28962 -4.32198e-16)
(-0.0300871 0.589904 9.09156e-17)
(0.0769735 0.146952 0)
(0.390321 -0.0546822 -5.02622e-16)
(0.106786 0.205932 3.99378e-16)
(-1.10603 -0.142154 2.39918e-16)
(-0.0741338 0.40312 4.10786e-17)
(0.356696 -0.0294602 1.61818e-16)
(-0.629585 -0.113239 0)
(0.311857 -0.0527132 0)
(0.0735901 -0.202415 -1.05742e-16)
(0.63575 0.150421 2.42922e-17)
(0.0421215 0.440931 -1.47774e-16)
(-0.767102 -0.127913 -4.64163e-16)
(0.70925 -0.0949019 0)
(-0.322304 -1.49037 0)
(-0.564964 -0.121853 1.8733e-17)
(0.025395 0.227787 -4.50614e-17)
(0.255757 0.19279 8.29112e-17)
(0.013661 -0.22329 0)
(-0.164027 -0.0803075 -3.67541e-16)
(0.694861 -0.118301 5.11485e-16)
(-0.154761 -0.305924 2.85565e-17)
(0.458723 0.250981 4.11839e-17)
(0.915151 -0.041399 -1.57752e-16)
(-0.363008 0.953186 1.74996e-16)
(0.553502 0.0869483 -1.23809e-16)
(0.023417 0.389807 -3.91049e-16)
(0.167977 0.201523 -2.39185e-16)
(-0.289083 -0.0653845 2.17184e-16)
(1.06307 -0.11249 -6.32254e-17)
(0.584323 0.421241 1.65947e-16)
(0.138646 0.0639875 1.62382e-16)
(-0.161491 -0.0867652 -1.28953e-21)
(0.148573 -0.0244404 2.74224e-16)
(0.0799156 0.217593 -2.17336e-18)
(-0.0665607 0.508708 -5.29712e-17)
(0.328621 0.140007 -9.77784e-17)
(0.468135 -0.196782 7.19267e-17)
(0.186409 0.0813967 -1.29929e-16)
(1.1227 0.0873883 7.36491e-17)
(0.0836335 -1.9985 0)
(-0.534189 -0.161728 3.13325e-16)
(-1.27599 -0.112191 -1.63492e-16)
(0.0158416 -0.09398 1.5255e-16)
(0.615069 -0.0169741 6.48088e-16)
(-0.127637 0.347972 1.2245e-16)
(-0.211959 -0.283566 -3.1261e-17)
(0.301093 -0.0769648 -2.37783e-16)
(0.665822 -0.140582 5.20321e-17)
(0.289799 0.129306 4.04279e-21)
(0.521927 0.0610602 0)
(-0.4185 1.80322 1.94395e-16)
(-0.0159967 -0.29811 1.10612e-16)
(0.549429 0.209412 3.4125e-17)
(0.274912 -0.0625225 -4.06764e-16)
(0.489181 -0.0980323 -6.82908e-16)
(0.0668855 -0.0101155 0)
(-0.11156 0.24213 1.32359e-16)
(0.10195 0.0452224 -1.63716e-16)
(0.110419 0.327458 -3.4068e-17)
(0.0252083 0.53824 0)
(-0.488106 -0.826992 -7.00884e-17)
(0.086459 -0.122573 -1.43661e-16)
(-0.0227685 -2.08996 -1.33657e-16)
(0.2002 0.493197 -1.82116e-16)
(-0.408261 0.297761 -2.83294e-16)
(0.21925 -0.11671 7.16835e-17)
(0.115778 1.2801 1.29719e-16)
(-1.07713 1.46003 0)
(0.94931 0.0796955 -2.05869e-16)
(-0.261647 0.392558 2.97995e-16)
(-0.0638227 -0.368814 1.98101e-16)
(-0.0916583 0.455407 -4.55632e-16)
(1.0709 0.0807926 9.24532e-17)
(0.267387 -0.0376535 -7.41683e-16)
(0.195186 -0.0282788 -7.59006e-16)
(0.0678854 0.131955 -1.18867e-17)
(-0.230017 0.364687 2.07964e-16)
(-0.0718447 -0.107322 2.29247e-16)
(-0.0542329 -2.05779 0)
(-0.266202 -0.449471 1.73333e-17)
(-0.191562 0.22605 4.32119e-17)
(-0.0457642 0.56263 4.87942e-17)
(0.171427 -2.1744 -6.3693e-17)
(-0.297887 -0.81192 0)
(0.137795 -1.28851 2.35147e-16)
(-0.012504 0.294936 -1.97504e-16)
(-0.289277 0.691112 0)
(0.208712 -0.721531 -1.20106e-16)
(-0.0672508 -2.06998 4.26034e-16)
(0.574755 0.0373316 0)
(0.0579415 -0.00834022 0)
(0.320006 -0.0706662 0)
(0.308062 -0.0605996 2.10507e-16)
(-0.891508 -0.15224 1.01868e-16)
(0.689181 0.183885 -3.24655e-20)
(0.296713 0.0907828 -8.94503e-17)
(0.823544 0.175202 2.44363e-16)
(-0.119629 0.177587 -1.80892e-16)
(0.412003 -0.426789 8.03831e-16)
(0.515374 -0.0967182 5.79376e-16)
(-0.0152022 0.346779 -5.73453e-17)
(-0.789683 1.76005 -1.44432e-16)
(-0.669004 1.8308 -1.4671e-16)
(-0.0397308 0.445928 -1.63138e-16)
(0.193872 0.0695196 4.58856e-17)
(-0.872835 2.05423 1.36298e-16)
(-0.927945 -0.117554 6.35451e-17)
(0.533596 0.711287 0)
(-0.314564 -0.00473345 2.94118e-16)
(-0.103625 0.400011 -8.94918e-16)
(0.824558 -0.0765796 6.3522e-17)
(0.0642487 0.00726025 0)
(0.165249 -0.031392 0)
(0.138094 0.0515002 2.44756e-16)
)
;

boundaryField
{
    frontAndBack
    {
        type            empty;
    }
    wallOuter
    {
        type            noSlip;
    }
    inlet
    {
        type            fixedValue;
        value           nonuniform 0();
    }
    outlet
    {
        type            zeroGradient;
    }
    wallInner
    {
        type            noSlip;
    }
    procBoundary2to0
    {
        type            processor;
        value           nonuniform List<vector> 
42
(
(0.156967 1.30012 -1.12473e-19)
(0.156967 1.30012 -1.12473e-19)
(0.406642 -1.84433 -1.95582e-16)
(0.29552 -1.92048 1.49533e-16)
(0.239337 -0.340457 0)
(0.150657 2.10139 1.08924e-16)
(0.376731 -1.64713 3.79608e-16)
(0.376731 -1.64713 3.79608e-16)
(0.196175 -0.161231 -1.70861e-16)
(0.198121 0.182494 1.93813e-16)
(0.351518 -0.555916 -1.68705e-16)
(0.351518 -0.555916 -1.68705e-16)
(0.24432 -0.478709 2.57029e-16)
(0.329708 -0.462887 -8.82904e-17)
(0.309716 -0.275358 8.692e-17)
(0.308054 2.81503 5.52241e-17)
(0.283244 0.126676 2.60988e-16)
(0.217005 0.324651 -3.22658e-17)
(0.191335 0.0117506 -2.71213e-21)
(-0.202527 0.340291 -9.74651e-19)
(-0.23187 0.601952 3.08089e-16)
(0.30271 0.438113 -1.68129e-16)
(0.30271 0.438113 -1.68129e-16)
(0.243702 0.968583 -1.66114e-16)
(-0.23187 0.601952 3.08089e-16)
(0.290103 0.458593 -3.04116e-16)
(0.562912 2.4426 0)
(0.359921 0.408673 4.14476e-18)
(0.562912 2.4426 0)
(0.172919 0.895069 -2.60591e-16)
(0.230466 0.373402 -4.63083e-16)
(0.370787 0.364927 -8.79023e-17)
(0.387652 0.330638 8.81725e-17)
(0.40088 0.252081 -8.73952e-17)
(0.397626 0.0727037 9.53291e-17)
(0.29552 -1.92048 1.49533e-16)
(0.283244 0.126676 2.60988e-16)
(0.105573 -1.1667 -1.12157e-16)
(0.419866 3.34857 -4.63689e-17)
(0.286527 -0.948923 1.62851e-16)
(0.286527 -0.948923 1.62851e-16)
(0.38763 -0.259138 -1.28054e-16)
)
;
    }
    procBoundary2to1
    {
        type            processor;
        value           uniform (0.238612 0.161061 6.81265e-16);
    }
    procBoundary2to3
    {
        type            processor;
        value           nonuniform List<vector> 
29
(
(-0.173343 -0.277308 -3.81029e-16)
(0.0643237 -0.413309 1.51231e-16)
(0.132262 0.023116 -1.03483e-16)
(0.0142796 0.0192417 -2.63964e-16)
(2.45654 0.0481536 -2.22703e-16)
(0.495035 -0.148622 -9.25667e-17)
(-0.0879793 0.0154211 1.47786e-16)
(0.468637 -0.350223 7.52938e-17)
(0.307448 -0.0246919 -5.1851e-16)
(0.232236 -0.0178505 2.96933e-16)
(0.698866 -0.287156 1.01707e-16)
(2.13777 -0.024201 -3.10612e-16)
(-0.258246 -0.112079 -2.1061e-16)
(0.295131 0.0519298 -2.34246e-16)
(0.533509 0.0390899 -1.99752e-17)
(0.0724565 0.0180846 -1.11628e-16)
(0.369389 -0.0246179 -1.0327e-16)
(0.369389 -0.0246179 -1.0327e-16)
(0.0643237 -0.413309 1.51231e-16)
(0.295131 0.0519298 -2.34246e-16)
(0.455699 0.0479996 -5.51172e-17)
(0.347595 -0.0205223 4.54954e-16)
(0.605404 -0.00568134 8.43947e-18)
(0.340797 -0.0202053 -2.67056e-16)
(0.60425 0.0116699 6.42674e-17)
(0.26576 -0.00547522 3.53924e-21)
(0.307448 -0.0246919 -5.1851e-16)
(0.916298 -0.0894345 7.5903e-17)
(2.13777 -0.024201 -3.10612e-16)
)
;
    }
}


// ************************************************************************* //
