/*--------------------------------*- C++ -*----------------------------------*\
| =========                 |                                                 |
| \\      /  F ield         | OpenFOAM: The Open Source CFD Toolbox           |
|  \\    /   O peration     | Version:  v1912                                 |
|   \\  /    A nd           | Website:  www.openfoam.com                      |
|    \\/     M anipulation  |                                                 |
\*---------------------------------------------------------------------------*/
FoamFile
{
    version     2.0;
    format      ascii;
    class       volVectorField;
    location    "0.74";
    object      U;
}
// * * * * * * * * * * * * * * * * * * * * * * * * * * * * * * * * * * * * * //

dimensions      [0 1 -1 0 0 0 0];


internalField   nonuniform List<vector> 
1466
(
(1.17502 -0.218936 -2.25747e-16)
(4.7031 -0.111986 -3.45299e-19)
(-2.16744 -0.316123 5.20651e-16)
(-0.0684768 9.41146 -3.70934e-17)
(-0.626926 -0.826671 -6.42593e-16)
(-2.12781 0.114905 -8.96016e-16)
(-0.660625 0.096843 2.19226e-16)
(2.67428 -0.432557 1.38858e-16)
(7.43578 0.113118 -8.92299e-19)
(4.92516 -0.168395 1.32402e-16)
(6.20542 -0.204577 -1.75427e-16)
(5.18288 -0.498406 0)
(8.44185 0.0669792 0)
(-0.221424 -1.48005 -1.4775e-16)
(-1.21335 0.140037 0)
(4.80899 -0.472194 1.36121e-16)
(1.65826 -1.46094 -9.3855e-17)
(0.0396167 5.26272 -2.49712e-17)
(0.906782 5.58692 -7.97431e-17)
(-0.106575 7.47219 1.33032e-16)
(0.119749 7.68185 5.71597e-17)
(-2.15475 0.0538387 5.26503e-18)
(0.013094 6.19221 -5.56526e-17)
(-0.136952 7.1918 -1.44178e-17)
(8.33263 0.145432 7.27508e-17)
(-0.268548 0.0696694 -2.79009e-16)
(-1.37431 0.572056 -1.21324e-16)
(-0.119601 7.82175 0)
(-1.50619 0.0498311 0)
(4.76355 2.36807 5.04341e-17)
(6.44917 -0.569922 1.15535e-16)
(-0.437912 -0.048726 1.68125e-16)
(-0.0769577 -0.910638 2.19132e-16)
(-0.616151 6.8083 1.34665e-16)
(4.3391 -0.200248 9.23653e-17)
(-0.860702 0.821472 2.37748e-16)
(-0.582598 6.17715 0)
(1.63508 -0.627704 -2.66438e-16)
(5.31205 0.182261 -2.62529e-16)
(-1.2685 -0.212327 -3.72557e-16)
(-1.0727 -0.0868701 -1.50462e-16)
(-2.94538 0.0237255 -2.99285e-16)
(-3.09823 -0.0778875 1.62686e-16)
(-0.600135 -0.190092 1.38925e-18)
(-0.088403 -0.291124 -4.39076e-18)
(2.15259 -0.0501486 0)
(6.37347 0.128479 6.69457e-18)
(1.46379 -0.1553 0)
(-1.88407 -0.326046 1.24727e-16)
(1.13371 -0.269881 0)
(-1.22689 0.297619 -1.00719e-16)
(4.60647 -0.0716723 -3.42868e-16)
(-2.27147 -0.0853711 5.96857e-16)
(-0.0616636 -0.338888 6.40012e-16)
(-0.536814 -0.395464 -1.02229e-16)
(6.45559 -0.0459843 1.21392e-16)
(1.69631 -0.159531 -2.10717e-17)
(6.07903 0.022749 0)
(-0.160423 -0.317583 1.12551e-17)
(4.85778 0.0231589 0)
(0.354366 -0.00156041 2.09421e-19)
(-0.682043 -0.196414 -1.19098e-16)
(-0.882904 -0.729843 1.76265e-16)
(4.10026 -0.201514 1.33301e-16)
(1.38766 5.64907 -1.73007e-16)
(1.833 0.412219 2.22504e-16)
(-0.349332 1.99224 0)
(-0.152205 5.33964 2.69967e-17)
(7.32151 0.520371 2.86231e-17)
(-2.12638 -0.0268752 -1.56669e-16)
(1.18755 0.86199 1.17355e-15)
(-0.118263 5.96488 0)
(-0.0385918 5.70719 0)
(8.2474 0.216877 -1.4951e-16)
(0.0839792 -0.308077 2.94112e-16)
(6.01015 -0.0532851 -1.11699e-16)
(-0.590007 -0.282134 1.02738e-16)
(-0.495004 -0.842891 -1.031e-16)
(-1.8374 -0.0953202 0)
(3.8035 0.785648 0)
(4.43876 0.0158576 -1.23328e-16)
(5.0516 -0.32016 -1.64324e-16)
(-1.47228 0.9095 -2.53709e-16)
(0.93114 3.35372 2.55981e-16)
(-0.139531 5.29854 1.1329e-16)
(0.638408 5.9337 4.07229e-17)
(-0.67753 8.03318 0)
(3.60108 0.266754 1.63558e-18)
(5.08806 0.106038 2.4329e-16)
(-0.163405 0.493009 -3.0543e-16)
(-0.0422293 0.061149 -9.96686e-17)
(-2.04593 0.378837 -2.17241e-16)
(0.0487142 7.04839 -4.14275e-17)
(0.491817 -0.507922 -2.13048e-16)
(1.40607 -0.623153 0)
(-1.45655 -0.278247 -3.4576e-16)
(4.47438 -0.131535 3.00543e-16)
(6.44727 -0.0165257 -6.94049e-18)
(6.62411 -0.124814 3.03596e-16)
(-1.12651 -0.392481 9.02046e-17)
(-1.82988 0.254306 4.94423e-16)
(-0.606635 0.0192724 0)
(1.54426 -0.014618 3.6453e-16)
(-1.08203 -0.525082 3.2473e-16)
(-3.05199 -0.122242 -1.21388e-16)
(3.11375 0.0758828 6.34565e-17)
(-2.35625 -0.164235 -2.25433e-17)
(0.87248 -0.333229 0)
(5.55018 -0.411976 1.67588e-16)
(1.30534 -0.116836 7.67233e-17)
(0.219063 0.0215889 -2.75477e-16)
(4.75593 -0.0822175 3.64888e-17)
(1.15919 -0.510821 -3.87561e-17)
(-3.20264 0.000390422 -3.76191e-17)
(4.35383 -0.338464 0)
(0.54105 0.063853 8.96711e-17)
(-2.76581 0.167196 1.39117e-16)
(3.90983 -0.00935457 0)
(-0.892479 -0.00473461 1.59585e-16)
(-1.46625 -0.110994 -5.87374e-16)
(-0.367353 9.23994 -2.86192e-17)
(0.0360905 -0.583882 3.13501e-16)
(0.0932955 -0.695551 -1.09099e-15)
(-0.182781 -0.202271 0)
(0.427459 -0.0937683 -8.18503e-16)
(-1.194 0.981659 -7.09604e-19)
(6.45509 0.964989 4.61451e-17)
(-0.247078 5.803 -6.0931e-17)
(-0.133058 6.97207 2.3086e-17)
(0.885566 0.477719 1.74241e-16)
(5.14185 -0.0306505 2.00788e-17)
(-2.40131 0.181783 0)
(-0.154054 6.31944 3.84528e-17)
(-0.169789 7.21747 3.02856e-17)
(0.0257432 -0.034958 -1.6131e-17)
(-1.05677 -0.0169573 0)
(-1.52669 -0.0587496 0)
(0.29216 -0.428732 -1.03981e-17)
(-1.11106 -0.0546606 -1.03108e-16)
(-1.58474 -0.206172 1.95223e-16)
(0.494256 -0.488277 0)
(-0.0468385 7.82934 -5.59517e-17)
(-0.137618 6.56669 -2.68116e-17)
(0.357552 5.28236 -2.2118e-18)
(-1.65607 -0.427185 -2.13618e-16)
(1.00362 6.62059 8.59673e-17)
(-0.439546 -0.0515798 -2.88633e-16)
(0.568031 0.0630196 -4.44074e-16)
(1.56471 0.713402 -6.88022e-17)
(-1.01496 -1.05696 1.13606e-15)
(0.0580024 0.0355251 1.85458e-16)
(3.39078 -0.132725 -5.0724e-20)
(6.90531 0.829748 -1.38831e-19)
(0.521977 -0.125026 0)
(1.60434 0.700349 0)
(-2.0842 0.145088 2.05058e-16)
(-0.246107 7.646 -1.36892e-17)
(-0.64914 8.67921 -1.3013e-16)
(-0.171943 0.00232887 1.082e-15)
(5.53497 3.78497 6.51844e-17)
(-0.424089 -0.0117451 1.27047e-16)
(5.36928 1.29685 0)
(0.597826 3.05239 7.18867e-17)
(-0.244901 6.89015 7.33108e-19)
(2.56288 2.64362 0)
(-2.74016 -0.196424 1.35611e-16)
(-0.139001 6.61894 0)
(-0.211338 4.92838 1.86187e-16)
(-0.197684 6.69488 -2.77114e-17)
(2.04768 8.86627 5.58529e-17)
(-0.117965 6.89112 1.86028e-16)
(-0.386292 0.0739146 -1.21361e-16)
(1.50145 -0.00869648 4.25514e-17)
(7.22654 0.674917 -1.49429e-17)
(3.8362 -0.00572804 -2.35195e-16)
(7.74546 0.141842 -2.8826e-16)
(5.11067 2.94158 1.60839e-16)
(3.62495 1.6566 -7.35619e-17)
(0.0862108 0.04203 -3.73419e-16)
(0.919918 1.18679 -2.44519e-16)
(8.70247 0.169928 3.5471e-16)
(3.93991 -0.137102 -2.43177e-17)
(-0.0788885 4.89265 -1.73716e-16)
(1.16162 0.381677 2.68715e-16)
(3.8669 0.184212 -4.13895e-17)
(0.220089 5.63746 -2.72541e-18)
(-0.174176 5.20461 -1.11505e-16)
(2.01167 4.62717 -1.41593e-16)
(7.16658 0.347851 7.07495e-17)
(-1.77363 0.102739 3.58467e-16)
(-0.0491431 7.01767 -1.25176e-16)
(0.387618 -0.0442915 1.48769e-19)
(0.479055 3.97965 6.65542e-18)
(0.81636 6.22386 2.25507e-16)
(5.91858 3.30783 -3.85157e-17)
(0.346915 0.116353 0)
(-1.49595 0.13631 3.28927e-18)
(3.51527 1.21861 -3.51124e-16)
(1.28479 2.33234 -2.59478e-16)
(1.78391 5.9635 -4.55365e-16)
(0.281346 3.0076 0)
(1.19245 0.560001 0)
(5.36847 2.17048 -7.47393e-21)
(0.491568 2.5819 0)
(1.35716 0.636818 2.06347e-16)
(1.64419 1.87764 -1.84628e-16)
(0.615346 6.94771 -1.0102e-16)
(6.77342 3.62558 0)
(-0.0207645 0.0753444 1.38136e-16)
(-0.0809882 7.35271 2.43503e-19)
(0.542991 5.9957 7.45136e-17)
(-0.0979676 5.39238 -1.0589e-16)
(-0.236077 2.43255 0)
(-0.179423 7.31905 1.36695e-16)
(0.26923 7.45337 -3.53897e-17)
(-0.222574 6.60919 1.50464e-19)
(0.0111609 5.64059 2.86296e-18)
(-0.22027 5.05655 -9.6725e-17)
(3.57369 4.15493 1.42972e-16)
(-0.161719 6.91005 2.08865e-16)
(-0.276195 5.44764 -1.41071e-16)
(0.585035 0.00905389 -1.25284e-16)
(-0.213458 6.4401 -2.08774e-16)
(0.589601 0.169768 2.49292e-16)
(-0.222766 6.54711 8.95375e-17)
(3.49091 3.63058 -1.50942e-16)
(-0.868297 -1.3655 4.8965e-16)
(0.789608 0.719726 -2.65579e-16)
(0.0547316 0.0810051 -3.02227e-16)
(0.552417 -0.027232 -3.33508e-20)
(0.682896 0.402212 -6.23869e-16)
(4.15157 0.0894214 2.22955e-16)
(1.06289 5.07448 1.133e-16)
(0.487543 3.2218 2.04001e-16)
(-0.927775 0.77674 5.46923e-17)
(2.06671 1.38268 -7.44027e-16)
(-0.133803 6.56279 3.93701e-17)
(0.0158748 5.07673 1.76891e-17)
(0.640866 0.268946 2.45011e-16)
(-0.0535801 6.67854 2.38267e-17)
(0.206481 1.89416 0)
(4.19835 0.727918 4.69288e-17)
(5.70536 3.10567 8.56168e-17)
(2.42348 4.43901 2.0591e-16)
(0.169749 0.198918 0)
(5.79036 1.19126 0)
(-0.393388 -0.0352787 0)
(8.64716 0.339126 0)
(2.92274 0.808721 -1.23111e-16)
(5.96881 3.5757 -7.76959e-17)
(-0.0439442 6.28859 -5.19422e-17)
(1.19 6.07012 -2.46961e-16)
(6.96792 4.23419 3.37356e-18)
(4.09773 -0.705973 -9.9518e-17)
(-0.464099 0.0420168 3.09516e-16)
(0.399166 -0.000142511 -2.77228e-16)
(-0.301216 7.75161 0)
(9.03111 4.00309 -1.81241e-16)
(-0.0754653 3.91942 -7.23946e-17)
(-0.101198 2.41559 1.11343e-16)
(-0.0185775 -0.54817 0)
(-0.196395 6.42333 -2.4399e-17)
(-0.156698 7.14312 -3.87114e-17)
(0.582173 -0.0649909 2.4275e-21)
(4.34576 3.86363 1.02609e-17)
(1.16705 0.100696 -2.91276e-16)
(4.02608 -0.0748497 2.39569e-16)
(1.58033 0.774223 -1.2184e-16)
(0.520791 6.75749 -1.84395e-17)
(9.3584 3.61859 -8.74214e-17)
(1.86174 4.24804 -1.20214e-16)
(-0.106824 3.84744 0)
(-0.294269 -0.61781 7.05721e-18)
(0.0384633 0.0969679 -1.76907e-16)
(-0.0593774 -0.0191909 -4.06122e-16)
(0.745833 0.244113 4.80766e-16)
(0.282735 0.0888692 -2.59357e-16)
(2.71735 5.32967 -1.25457e-16)
(-0.21056 6.33799 -1.23997e-16)
(2.01999 0.853651 1.87376e-16)
(0.429353 -0.0609501 2.24514e-16)
(1.92931 -1.07321 2.42819e-17)
(2.46848 3.7493 0)
(5.25664 0.518905 -4.19844e-17)
(-0.0598003 -1.67893 4.68379e-16)
(0.762729 -0.187552 -1.73496e-16)
(2.62974 1.26794 0)
(2.69765 1.2442 -3.39551e-16)
(-0.708106 -0.340025 0)
(7.89839 4.09235 -2.90052e-16)
(7.66405 1.18185 1.48948e-16)
(0.697585 -0.16465 -2.28059e-19)
(8.62699 0.130211 -3.72062e-16)
(-1.05788 -0.0499968 0)
(3.89756 5.86249 1.08747e-16)
(1.05011 2.49959 -3.88252e-16)
(-0.144566 3.4518 1.33516e-16)
(0.926011 -0.556446 4.11454e-17)
(2.55143 1.22336 8.34597e-17)
(0.392908 -0.0507919 -2.74909e-16)
(0.229138 -1.3799 0)
(-0.797342 -0.0371021 1.92593e-16)
(-0.421924 -0.200982 0)
(8.82151 0.402419 -2.23946e-16)
(-0.653561 8.49484 0)
(0.0721857 0.510885 9.42602e-17)
(0.332235 -0.452033 1.42554e-16)
(-0.200703 -1.41135 -2.44198e-17)
(3.2757 8.47908 -2.77677e-17)
(-0.273249 7.47459 6.82884e-17)
(7.04368 1.88908 1.62675e-16)
(-0.389686 4.44167 0)
(-0.167368 6.59421 -2.78355e-19)
(3.06646 0.338733 -1.49952e-16)
(3.81371 1.85038 -1.99367e-16)
(4.83695 2.86382 -3.00004e-16)
(-0.234507 -0.0113307 0)
(5.3035 3.54303 2.25248e-16)
(-0.600301 -1.17523 0)
(-0.636059 0.177032 3.18773e-16)
(0.0162745 -1.3104 0)
(-0.127556 3.68823 -1.39633e-16)
(0.06864 1.86226 -6.90013e-17)
(0.287956 -0.0331568 3.51339e-16)
(-0.447694 8.9231 -1.98045e-17)
(7.89534 5.29569 -9.06034e-17)
(1.07539 -0.0762713 -8.63873e-17)
(4.85407 3.74345 -2.25441e-16)
(0.00226809 -0.059796 -2.92262e-16)
(3.06824 0.124755 1.8235e-16)
(0.0704782 5.76657 1.00038e-16)
(7.95128 4.69086 5.49619e-16)
(-1.33619 -1.14591 -3.94002e-16)
(3.60235 7.25067 2.35212e-17)
(2.38247 2.72979 -1.62565e-16)
(7.235 1.772 6.71142e-17)
(2.4711 1.44554 -4.22787e-16)
(0.677833 0.160322 4.27387e-16)
(0.227759 -0.196266 -2.28665e-16)
(0.170456 -0.59217 -2.11475e-16)
(0.443427 -0.301896 -1.19574e-19)
(6.52664 3.17072 7.24618e-17)
(0.477302 -1.18238 4.56436e-17)
(3.23384 3.27846 -3.55282e-17)
(1.64514 8.7826 -6.05014e-17)
(-0.603394 -0.118958 -9.85831e-17)
(5.5137 0.419999 -1.97302e-17)
(3.93134 6.13754 -8.25935e-17)
(6.86639 0.222585 2.63173e-17)
(2.84964 2.28463 1.76155e-16)
(6.35626 4.62492 -2.18662e-18)
(8.68241 2.77715 -5.10032e-17)
(-0.0143548 10.4108 -6.25611e-17)
(0.817341 0.919453 1.30209e-17)
(-0.970702 -0.98091 0)
(0.927123 1.60276 2.31527e-16)
(-0.501273 3.06099 -2.46585e-16)
(3.57874 0.449916 6.63085e-18)
(9.62621 2.52389 0)
(3.5708 7.45465 2.48541e-17)
(-0.439952 -0.341161 0)
(1.32445 2.9012 1.08966e-16)
(1.93082 4.96216 1.12155e-16)
(0.150441 2.85542 0)
(-1.04377 -0.852084 -2.75994e-16)
(0.00352018 2.04374 4.81992e-19)
(7.11692 2.96183 5.78076e-17)
(7.30755 2.52376 5.01328e-17)
(-1.02406 -2.06204 1.66616e-16)
(2.83672 6.94268 4.03819e-18)
(3.08945 8.98173 0)
(0.702055 2.37669 1.16911e-16)
(1.38392 2.93764 -3.45636e-17)
(3.07551 8.48386 -3.26706e-18)
(-0.258419 -1.69698 5.90507e-16)
(-0.394393 4.68045 4.03257e-17)
(3.15913 -0.504909 -2.62754e-17)
(1.24205 5.37127 7.66049e-17)
(0.512383 -0.69994 6.41965e-16)
(4.08074 4.67562 -8.80356e-17)
(-0.000927955 1.93245 1.02347e-16)
(-0.0195371 1.5992 -3.27934e-16)
(-0.0535863 2.41355 -1.96458e-16)
(-0.111816 2.79034 2.74728e-16)
(-0.126248 2.13602 0)
(-0.0742663 1.91206 1.55238e-16)
(0.123498 -1.73972 -2.17221e-17)
(-0.000364933 -1.96953 -2.12641e-16)
(0.00681891 -1.55341 1.75372e-16)
(-0.00610352 -1.28142 -4.54927e-17)
(0.0590225 -0.191919 1.99366e-17)
(0.0389596 1.10711 4.74799e-17)
(0.0930827 1.76331 -6.44411e-17)
(0.00390049 0.932803 -5.6109e-17)
(0.320311 0.157405 -1.22898e-20)
(0.351871 -0.785667 1.47316e-16)
(0.114681 -0.333346 -6.0769e-17)
(1.24288 7.10873 -3.08685e-17)
(0.317035 -0.00233998 8.02594e-17)
(0.461179 -0.772816 0)
(0.150204 0.407795 -2.03724e-16)
(0.687041 0.504946 2.25876e-16)
(1.65711 8.99862 0)
(-0.829771 -0.314591 2.81179e-16)
(1.2411 9.74792 -2.04333e-17)
(-0.00128627 -0.1134 6.01217e-19)
(1.67997 7.80544 -3.22583e-16)
(-0.211815 0.506023 -1.22949e-16)
(2.41951 -0.304206 0)
(1.64819 -0.0859347 1.05226e-16)
(-0.00778224 0.394744 -1.48596e-16)
(1.43917 6.92975 -1.44287e-16)
(1.13768 3.60727 2.60161e-16)
(0.834529 -0.13094 5.97435e-16)
(2.97961 1.50713 -1.15139e-16)
(-0.618239 -1.17563 0)
(-1.15699 -0.644935 0)
(1.06086 0.973231 1.34126e-16)
(0.223757 0.171663 0)
(0.722277 -0.310926 0)
(0.283471 0.169234 -1.7971e-16)
(-0.49511 0.104583 3.97912e-16)
(0.525645 -0.260897 0)
(1.06595 4.62044 1.06152e-16)
(0.0524425 -0.149951 1.52552e-16)
(-0.16214 -0.590311 -3.03956e-19)
(-0.248487 0.560681 4.39529e-16)
(2.07059 0.440248 2.72903e-17)
(-0.230657 -0.00417389 -8.47476e-16)
(-0.559514 -0.0804448 4.01952e-16)
(0.662799 -0.1054 0)
(0.334484 -0.509438 9.16776e-20)
(-0.426655 -1.08535 5.62557e-16)
(-1.6363 10.3424 1.88581e-17)
(2.1823 -0.0439146 -5.07111e-16)
(0.0669637 -0.447735 -4.4263e-16)
(-0.703793 -0.408499 7.59694e-17)
(-0.300631 -0.76509 -7.97126e-17)
(-0.0456014 -1.36056 3.16038e-16)
(0.0385959 -0.135079 -3.73495e-16)
(-0.363975 0.324714 4.51496e-17)
(0.27806 -0.546956 -9.73428e-17)
(0.929479 -0.275955 2.74843e-16)
(-1.58371 -0.451652 0)
(1.37099 -0.0381812 -3.06032e-16)
(0.661119 -0.611809 1.75817e-16)
(8.63 0.102876 7.92049e-17)
(2.20549 -0.101953 0)
(0.662128 -0.659099 -1.11127e-16)
(1.75133 -0.408351 1.61521e-16)
(2.57002 -0.144439 -1.52454e-21)
(0.736736 -0.66979 -1.46529e-16)
(-0.00598281 -0.542379 -4.76173e-17)
(8.79977 0.143555 3.61209e-17)
(0.0133894 0.265499 -2.07549e-18)
(-0.00566839 -0.503074 5.97494e-18)
(0.201243 0.776217 0)
(-0.793425 1.57622 0)
(-0.0385729 -0.514568 0)
(1.49558 -0.091632 2.70335e-16)
(-0.00136399 -1.46896 -4.67548e-16)
(-0.0416479 -0.206866 -2.473e-17)
(-0.373458 1.12035 -2.12883e-16)
(-0.661933 1.93114 5.90212e-16)
(1.09874 -0.974811 2.19839e-16)
(0.482839 -0.775525 -1.67675e-16)
(-0.0892025 1.34459 -1.11773e-16)
(-0.0314235 -0.205609 -3.6616e-17)
(0.0619086 -0.196526 -6.47781e-17)
(-0.041784 1.19237 5.95602e-17)
(0.0110081 -0.204342 1.45947e-16)
(0.144301 1.17479 -9.72499e-19)
(-0.504501 -1.35422 -6.17685e-16)
(0.457138 0.744401 1.02017e-18)
(1.10252 -0.0918302 1.56339e-16)
(0.360508 -0.778339 4.83533e-20)
(0.174685 -0.393596 -2.26948e-16)
(0.664159 3.06338 0)
(0.580379 2.23495 0)
(1.66816 1.21281 -8.89674e-18)
(2.55051 7.57325 -8.96781e-17)
(-0.399596 4.24342 2.00509e-16)
(-0.388884 8.03532 -1.32305e-16)
(0.59049 2.70528 7.98013e-17)
(1.04885 1.5059 -3.13863e-17)
(6.88789 4.79216 -1.79267e-16)
(0.370059 -0.784075 -1.70985e-16)
(0.191431 -0.185051 2.0539e-16)
(0.494278 2.39402 -1.09077e-16)
(1.55337 5.17445 1.04759e-16)
(0.892839 0.940157 1.36422e-16)
(-0.129974 7.87779 3.5169e-17)
(0.67398 -1.88051 -1.93798e-16)
(-0.116427 1.43896 1.07979e-16)
(0.801667 2.53572 0)
(-0.107819 1.76863 2.52909e-17)
(-0.360509 3.82246 0)
(-0.165482 2.254 6.02785e-18)
(4.53399 2.74989 0)
(0.017981 2.67473 6.14863e-17)
(-0.164843 3.1566 0)
(-0.232182 4.24491 0)
(-0.372043 2.57271 -1.15189e-18)
(-0.0489961 -1.29121 2.60517e-16)
(-0.0736399 1.43055 -2.47724e-16)
(0.140261 3.78485 0)
(2.33646 8.10916 0)
(2.01293 -0.0680544 2.25399e-16)
(0.403047 -0.737474 1.23665e-16)
(-0.257299 2.78796 0)
(1.77811 -0.0638512 2.81803e-16)
(1.06107 2.1168 -1.44577e-17)
(0.28549 2.65441 5.33792e-17)
(-0.688801 9.4431 -6.51418e-17)
(-0.423647 3.8558 -8.44003e-17)
(0.0625705 2.87355 -9.49142e-17)
(-0.0422161 0.19983 -2.32683e-17)
(8.85918 0.149574 -3.35595e-16)
(8.22506 0.259417 8.42366e-18)
(1.64379 -1.16283 6.15945e-16)
(-0.224432 3.25154 -4.92058e-18)
(0.0905688 -0.0759279 2.46174e-16)
(0.168094 4.29909 6.18237e-18)
(5.80287 4.87116 0)
(0.903457 2.67002 0)
(-0.0189624 0.618265 3.54401e-17)
(0.0424488 0.114157 0)
(0.248051 -0.982526 -4.2018e-16)
(-0.0598825 0.70974 -4.79926e-17)
(0.515437 3.20005 -1.03316e-16)
(0.388996 -0.389921 1.9763e-16)
(-1.16909 10.3994 -2.1781e-17)
(0.143548 0.770368 -2.55518e-16)
(-0.115995 1.61307 0)
(-0.209952 2.43158 0)
(-0.00569296 0.163661 -4.37375e-17)
(5.31293 6.2624 0)
(2.35631 6.67921 0)
(-0.0496519 0.225259 0)
(-0.262745 7.24492 -1.42977e-16)
(6.82515 5.53544 7.19303e-17)
(-0.638031 -1.11262 -2.52018e-16)
(0.114773 1.67412 -2.324e-16)
(0.119569 1.67816 1.81008e-16)
(-0.078424 0.76746 6.01738e-17)
(4.54772 7.25135 -3.22238e-17)
(-0.0597631 0.826172 1.79725e-18)
(6.65335 6.29128 -3.75529e-17)
(-0.173875 6.40869 -4.46308e-17)
(1.358 -0.0131305 1.2556e-16)
(2.33359 -1.08748 1.9399e-16)
(0.367838 -0.651686 9.02737e-17)
(0.0875055 0.172909 -4.11375e-17)
(-0.194627 2.33025 -9.06958e-18)
(-0.793607 9.91664 2.64589e-17)
(-0.370972 3.33636 1.40758e-16)
(-0.308113 2.92589 2.42289e-20)
(0.0654697 1.88061 2.76162e-17)
(2.07722 -0.299533 1.28265e-16)
(7.54507 5.89836 -1.60681e-16)
(0.398297 3.65156 1.26567e-17)
(-0.545854 -0.581957 1.91983e-16)
(0.816763 -0.059579 2.88023e-16)
(4.38652 4.77732 2.71284e-17)
(8.29457 0.341544 -2.91332e-16)
(0.196961 0.776754 6.8196e-17)
(-0.128133 1.50982 6.52932e-18)
(0.0860367 4.71191 -1.18178e-17)
(2.61453 4.95156 5.92555e-17)
(-0.410092 5.63348 8.41048e-17)
(-0.42396 8.96467 1.81495e-17)
(0.0512475 5.08289 0)
(0.839118 0.41217 0)
(3.87519 1.98947 4.80428e-16)
(1.34865 1.837 -5.90726e-18)
(-0.556185 9.15439 4.70257e-17)
(8.83931 3.61161 -3.93122e-17)
(-0.348389 4.47388 2.18422e-17)
(-0.2264 2.5828 -1.16569e-17)
(5.47769 -0.543454 2.38442e-16)
(1.6005 1.88206 -5.07053e-17)
(-0.471944 5.87593 -3.88417e-17)
(-0.323123 3.54811 8.65523e-17)
(0.292699 3.54094 -1.47108e-16)
(0.0194232 2.16303 1.91822e-16)
(1.23805 2.35963 5.83563e-17)
(-0.398148 9.41797 1.02369e-20)
(9.06481 1.85375 1.08473e-17)
(-0.132668 1.97604 -1.51322e-16)
(0.183929 0.953526 -1.08036e-16)
(-0.702393 8.23879 -7.617e-17)
(5.56834 7.01227 0)
(-1.439 -1.35928 0)
(-0.29068 3.391 -9.09143e-17)
(0.234879 6.88098 2.57051e-19)
(-0.184082 6.68329 3.02179e-17)
(1.55467 5.47413 7.39058e-17)
(-0.458865 10.5563 4.9983e-18)
(2.05841 1.59132 2.13579e-18)
(-0.285759 8.5874 1.56654e-17)
(4.26816 2.35019 0)
(8.62983 4.75134 -5.48403e-18)
(8.41537 4.39771 -7.66857e-17)
(3.75149 8.22737 3.07915e-18)
(0.95163 3.79369 -6.97965e-17)
(-1.18751 -1.08778 -1.72801e-16)
(1.81478 -0.0444773 -2.04198e-16)
(0.843897 0.177158 -1.28582e-16)
(-0.78778 -0.927331 -1.02675e-16)
(-0.148337 3.83558 0)
(0.670514 1.61133 6.91712e-18)
(0.0503785 6.52537 0)
(6.40555 6.40251 0)
(5.88213 5.34186 4.01092e-17)
(-0.174773 5.86795 0)
(5.79094 3.96144 1.06952e-16)
(4.13937 2.11833 -1.3027e-16)
(5.58333 5.89835 4.80019e-17)
(7.37444 1.35526 0)
(-0.493639 9.53384 -6.52233e-18)
(4.38016 7.75849 1.11765e-17)
(0.499799 -0.878054 3.37623e-16)
(1.11914 -0.0720388 -1.4732e-16)
(7.39861 5.49935 2.20378e-16)
(7.2509 0.120076 -5.55063e-18)
(-0.266566 3.29067 9.55866e-17)
(-0.480112 6.66773 1.00176e-16)
(-1.35131 -1.43238 9.98944e-17)
(-0.931169 -1.32289 -1.69195e-16)
(-0.465419 4.95607 0)
(1.46525 0.596561 -4.65374e-17)
(7.65074 3.52194 1.05099e-16)
(7.41014 1.69094 -1.08799e-16)
(7.73269 4.78574 6.20863e-17)
(-0.305705 4.35888 -4.71027e-17)
(9.11882 2.89557 5.59234e-17)
(-0.553107 9.37752 -1.02857e-18)
(-0.248162 8.84913 -2.12612e-17)
(2.84097 1.11391 3.85816e-16)
(-0.25327 9.11105 3.58343e-17)
(-0.17395 6.72176 4.50733e-17)
(0.576056 8.87544 2.88943e-17)
(0.16074 10.6986 5.20295e-18)
(0.668666 0.145482 2.15445e-16)
(-0.294603 5.51483 -7.97705e-17)
(8.28887 5.24388 -9.38755e-17)
(-0.949737 -1.66045 9.83476e-17)
(0.0625361 4.74958 0)
(-0.0162343 10.79 2.34582e-18)
(5.04006 6.92887 -2.36972e-17)
(-0.271339 4.35239 -4.53505e-17)
(8.69115 0.389949 4.07663e-16)
(4.00245 0.307395 2.47564e-19)
(0.585601 -0.929067 2.52276e-16)
(-0.023085 0.275911 2.20779e-16)
(-0.220256 5.02211 1.55541e-16)
(0.312234 -0.498213 1.51153e-16)
(-0.195618 5.97628 1.21326e-16)
(-0.00246597 -0.0685497 3.67369e-16)
(9.49957 1.17776 6.70228e-17)
(0.27675 3.94818 -7.61108e-17)
(4.62402 0.0151855 4.90393e-18)
(0.00547295 -0.427623 4.56084e-16)
(8.72625 4.19745 0)
(0.683784 0.398946 0)
(0.494862 0.267602 1.63085e-16)
(-0.544551 3.681 9.42921e-19)
(1.95725 0.692927 0)
(2.91549 -0.262795 0)
(0.358159 -0.626849 0)
(-0.256761 -0.90956 -4.61397e-17)
(0.576932 0.126313 5.60007e-17)
(2.43464 -1.27217 0)
(0.843263 0.307768 8.47799e-16)
(-0.702529 -0.91097 -8.94751e-16)
(-0.186279 -1.80197 1.31179e-16)
(-0.248806 0.0448331 -2.77299e-16)
(-0.420667 -0.124438 2.58154e-17)
(1.79767 -0.208053 1.22856e-16)
(8.12163 3.06091 2.61586e-16)
(-0.260459 8.62916 3.73382e-18)
(-0.289712 -1.70344 -1.92446e-17)
(-0.368192 -0.0114403 8.97261e-16)
(0.0265122 -0.546042 0)
(-0.195877 0.106072 -3.86877e-16)
(0.375764 -0.0240482 2.67967e-16)
(0.5437 0.19312 0)
(-0.657786 0.0506028 2.12346e-16)
(2.30616 0.985718 9.19314e-18)
(-0.546699 0.0480237 0)
(-0.146571 0.220073 1.1339e-16)
(8.19777 2.47199 -3.84244e-17)
(8.6484 3.67275 -1.75543e-16)
(2.06271 9.38902 -1.14813e-16)
(0.0179581 0.129337 3.70633e-16)
(-0.712896 0.0478956 -7.36122e-16)
(1.827 9.92947 -6.69302e-17)
(1.46147 -1.33125 -9.47947e-17)
(0.789134 0.19402 -5.57e-18)
(0.454346 3.31975 7.8879e-17)
(-0.363702 6.84576 1.19257e-16)
(0.296629 0.156417 0)
(-0.603023 0.0487236 1.96669e-16)
(0.0105469 -0.0556131 0)
(-0.0920892 3.3569 0)
(-0.0325139 2.98592 1.08917e-16)
(1.25466 0.309935 -1.73704e-16)
(0.146577 -0.739295 9.83001e-17)
(-0.764361 0.0405738 3.5604e-16)
(-0.0415196 2.8166 -9.41612e-17)
(0.336139 1.45928 0)
(0.234837 4.41378 1.05525e-18)
(0.640179 -0.252936 3.77915e-16)
(-0.191502 10.5622 1.9151e-17)
(-0.170064 6.96686 4.57456e-17)
(-0.391108 8.31966 1.1924e-16)
(4.34178 1.32229 -4.86328e-17)
(0.0286455 3.93072 -2.67419e-19)
(-0.542848 -1.41022 -1.4669e-16)
(1.69079 0.615441 -1.16628e-16)
(6.70203 -0.0574792 6.00102e-17)
(3.59598 -0.37643 -1.61622e-16)
(-0.541474 0.106571 0)
(-0.125306 3.71311 0)
(-0.347745 6.34032 0)
(-0.415015 6.68477 2.29468e-16)
(-0.253056 8.9326 -2.11042e-17)
(0.0296434 0.461136 0)
(0.202104 0.226312 0)
(-0.718081 -0.0665263 5.87958e-17)
(0.796593 -1.57292 7.95919e-17)
(-0.0998269 3.67841 1.83533e-16)
(-0.272566 -1.24524 3.3784e-16)
(-0.730801 -1.14442 0)
(1.07856 -0.441194 -4.75212e-17)
(3.08023 1.99628 6.82581e-16)
(-0.13935 6.8822 7.09831e-21)
(-0.285911 8.85357 0)
(-0.730422 0.677611 -2.51407e-16)
(-0.0486814 6.09277 4.17597e-17)
(-0.537738 5.5798 7.23388e-17)
(1.77427 -0.0190995 1.12119e-16)
(-0.290142 4.84287 0)
(-1.99413 0.176182 1.43522e-16)
(-0.0381555 0.0741437 6.78126e-16)
(0.116694 0.0126638 3.57461e-16)
(1.54015 0.172805 0)
(0.055582 -0.702085 2.91232e-17)
(0.187675 1.54214 -1.21658e-16)
(6.07679 1.07299 -9.87371e-18)
(-0.2484 8.73345 -1.20049e-17)
(5.13027 -0.716176 -2.89887e-16)
(-0.277989 0.0353854 1.76167e-19)
(0.461958 1.04762 1.33745e-16)
(-0.245691 5.65845 2.28761e-16)
(2.52735 0.468435 -1.11565e-16)
(1.35319 6.23049 1.11205e-16)
(-0.254327 9.25294 0)
(8.50285 0.920974 -1.19924e-16)
(0.18434 2.71987 -8.65166e-17)
(-0.118627 5.36438 5.59995e-17)
(0.0974508 -0.40881 1.96277e-16)
(1.03615 0.261451 -5.67589e-20)
(3.386 1.30589 -4.20895e-17)
(0.446328 3.49713 -5.14518e-17)
(5.56931 2.68322 0)
(-0.170844 7.62463 -1.84673e-17)
(2.83003 3.12555 0)
(1.24576 -0.936965 0)
(-0.0614877 5.43581 1.74814e-16)
(1.9015 -0.034931 -7.65404e-17)
(0.289525 0.117812 1.89228e-20)
(-0.0202958 -0.962327 2.59108e-16)
(0.0760859 -0.555626 1.94248e-16)
(-0.962455 0.371028 4.31057e-19)
(-0.13745 5.34715 -2.84315e-16)
(4.06976 1.89015 2.89965e-17)
(-0.361715 0.0795235 3.96927e-16)
(0.00898815 0.949974 -8.64117e-20)
(1.37277 6.47048 1.6067e-16)
(0.157809 0.383145 0)
(0.431378 -0.406272 3.88118e-17)
(-0.0802897 7.73879 2.40594e-17)
(2.26288 -0.0369311 -1.88712e-17)
(-0.431386 -0.850999 -6.80528e-17)
(-0.345456 -1.60567 -2.23584e-16)
(0.300381 0.0781787 3.48078e-16)
(-0.503366 4.85749 0)
(-0.0221027 3.68254 5.31724e-17)
(2.31343 8.19686 -1.38435e-16)
(0.0377166 1.18564 1.13242e-16)
(0.477125 -0.139048 -4.19271e-16)
(-0.188861 5.53031 0)
(0.156245 -0.51517 -4.82383e-16)
(2.85079 -0.112283 -1.01399e-17)
(8.32833 1.4887 -6.01515e-17)
(-0.410957 8.0615 7.61726e-17)
(6.15029 -0.0870487 8.1248e-18)
(-1.21172 -0.698112 -2.29731e-16)
(0.287117 0.336291 -4.98685e-17)
(0.409239 -0.568698 -2.68851e-16)
(-0.345172 -0.885705 -1.61307e-16)
(-0.525904 7.09592 7.7624e-17)
(-0.530207 -1.75728 -2.57989e-16)
(5.93466 2.66013 1.92708e-16)
(1.31369 0.172806 -3.14269e-16)
(-0.0623236 -0.615374 1.88876e-16)
(8.48119 0.516389 8.05276e-17)
(-1.60549 0.244304 3.1224e-19)
(-0.194198 9.24638 7.44255e-17)
(-0.0833403 7.10596 4.29489e-17)
(-0.140732 8.26519 -5.67811e-17)
(-0.193964 5.65812 3.75646e-18)
(-0.185406 6.96473 9.18287e-17)
(1.26987 0.436015 -1.02201e-19)
(-1.22552 -1.21366 2.07979e-16)
(1.05828 -0.23489 -7.74422e-17)
(-0.144358 7.69249 0)
(-0.0621295 -0.0102336 -1.93375e-16)
(-0.459839 8.92614 -4.64147e-17)
(4.70822 0.637582 -6.77343e-17)
(0.0501692 4.31969 1.7701e-19)
(-0.802388 0.627545 -2.52413e-16)
(2.697 1.10667 -9.79444e-17)
(0.116289 -1.0322 1.79292e-16)
(0.268473 -0.300553 1.88936e-16)
(-0.145646 3.65076 0)
(8.79101 1.44102 0)
(8.21395 1.0662 4.40929e-17)
(-0.087846 5.65197 0)
(3.39474 0.83047 0)
(2.06788 0.721999 -2.03352e-16)
(0.229617 0.409843 0)
(1.63708 -0.296324 9.28136e-17)
(2.11273 -0.0817768 1.85074e-16)
(0.0586591 0.683804 6.84165e-19)
(-0.904802 0.652772 -1.02941e-16)
(-0.47388 0.0606476 -4.01056e-16)
(0.27708 -0.348862 -3.32492e-19)
(0.284977 -0.118911 0)
(0.201225 0.59974 -7.06844e-17)
(-0.107741 5.66622 8.13721e-17)
(0.286084 4.02091 2.48903e-17)
(1.41099 -0.397053 -3.21943e-19)
(0.649934 -0.957319 0)
(2.11711 8.69401 2.70192e-18)
(1.75231 0.139878 -1.52323e-16)
(-0.611748 7.45477 1.41737e-16)
(4.37765 -0.0614376 0)
(-0.796431 -1.18919 -6.19501e-16)
(3.14475 -0.843851 1.60046e-16)
(5.60262 0.312736 4.0471e-17)
(-0.00203707 9.56036 -4.80898e-17)
(-0.0698844 1.55032 0)
(0.221131 0.515998 1.39402e-16)
(1.24358 0.100051 6.25069e-16)
(2.72354 0.378151 -9.21515e-19)
(4.00095 0.106565 4.46627e-16)
(3.33007 0.0602603 5.79572e-17)
(-0.520111 10.5302 -9.43169e-17)
(0.489462 2.7876 -3.15016e-16)
(-0.550781 6.26214 -2.84293e-16)
(8.71162 0.24935 6.47934e-19)
(0.136503 0.207256 -5.3254e-16)
(-0.167915 -0.0262159 -1.28089e-17)
(1.33224 -0.154088 1.73374e-16)
(-0.019212 9.52458 5.17006e-17)
(-0.607079 6.91962 -1.85475e-16)
(3.00985 -0.0682949 2.34292e-16)
(-0.188316 2.22038 4.90518e-17)
(0.135824 1.10999 -7.95657e-17)
(-0.507549 0.0517181 5.33483e-16)
(-1.15632 -1.05444 -9.05601e-17)
(-0.0774005 0.039386 -6.71789e-17)
(0.497235 1.80382 -1.1925e-16)
(0.0824022 0.196471 -6.7567e-20)
(0.178757 4.35995 0)
(0.0775698 6.06307 0)
(0.0456951 6.01111 0)
(0.0611238 6.00467 -3.76855e-17)
(-0.180456 6.01792 2.21492e-17)
(-0.00507621 5.87997 0)
(-0.192978 6.47289 0)
(-0.088267 5.85975 0)
(0.103187 7.57032 -7.60026e-17)
(0.0624926 6.12431 0)
(0.164931 5.88314 0)
(0.161891 7.24521 7.67375e-17)
(0.0227938 7.62692 0)
(-0.0413907 7.58481 -3.47762e-17)
(0.199096 6.87072 1.87934e-17)
(-0.0369725 6.1601 0)
(0.298714 5.37721 -1.00973e-16)
(0.230557 6.01629 -3.6571e-17)
(0.229566 6.45818 2.2276e-17)
(0.442429 4.60315 1.12829e-16)
(0.536744 3.62751 3.45202e-17)
(0.636374 1.87792 1.86827e-17)
(0.589244 2.71561 -2.03918e-17)
(-0.0628267 7.53364 3.62412e-17)
(-0.0634991 7.51934 0)
(-0.0532893 7.50584 0)
(0.00653349 5.90967 3.77267e-17)
(4.74642 -0.0630864 4.29473e-17)
(8.40291 0.0298515 -2.37662e-18)
(-0.71708 -0.01155 -3.08957e-16)
(-0.735848 -1.52675 -8.32323e-17)
(1.24357 1.02387 -1.68712e-16)
(-1.40178 0.576641 -2.00714e-16)
(0.210806 -0.454856 2.73222e-16)
(0.297179 -1.10529 2.40471e-16)
(-1.64732 0.00633366 0)
(-0.251244 6.88363 -1.41484e-16)
(0.230694 5.99367 -6.69998e-17)
(-0.385178 6.43255 -4.24411e-17)
(-1.32945 0.282989 -4.18576e-16)
(1.30719 0.191694 0)
(8.83495 2.20609 -1.02203e-17)
(0.469455 -0.592143 -1.48782e-16)
(0.14242 -0.154207 1.52046e-16)
(-1.394 -1.15517 7.62724e-17)
(1.49388 -0.0716055 8.33463e-16)
(0.0193302 8.49293 9.84865e-17)
(3.14288 -0.100221 0)
(2.37002 9.79585 3.09625e-16)
(0.00648194 5.44142 0)
(-1.88416 -0.201787 0)
(-0.0597315 7.50632 0)
(-0.245169 -0.388103 8.85039e-17)
(0.169222 -0.546989 1.87697e-16)
(9.0284 0.925593 -2.5747e-16)
(-0.842998 0.0345902 -2.07632e-16)
(8.84834 0.586113 -7.9255e-17)
(0.100457 1.87631 0)
(1.83492 0.0873399 0)
(-1.81805 -0.879387 -1.04792e-16)
(-0.539509 8.17594 1.61498e-16)
(-1.13068 0.923958 0)
(-0.0069872 -0.269675 -3.45625e-16)
(0.162341 -0.0744873 0)
(-0.656641 -1.142 0)
(0.0663393 0.146171 3.68498e-17)
(4.44525 0.286139 5.61545e-19)
(-0.446656 7.94461 -3.81765e-17)
(-0.6067 -0.13121 -4.09749e-16)
(-1.005 -0.58152 2.63169e-16)
(2.73255 0.141214 -1.4969e-16)
(-0.0213565 5.32606 0)
(6.9773 0.178692 3.24403e-17)
(8.47253 1.9206 0)
(2.12515 0.9377 -3.54667e-16)
(1.65665 0.344063 -2.70702e-16)
(3.26056 1.04122 -3.16265e-16)
(0.927454 0.317082 -1.84175e-16)
(2.48736 0.908401 -1.70046e-16)
(0.785862 -1.43353 -5.27579e-16)
(-0.186928 -0.117999 -1.41054e-17)
(1.84585 -0.183322 5.54078e-17)
(3.27438 -0.0882523 -1.2172e-17)
(4.32129 0.270042 1.55699e-17)
(-0.0900869 5.88244 8.82979e-17)
(4.70149 2.51398 2.68785e-16)
(-0.0762669 7.18953 1.83121e-17)
(1.90886 0.0985991 6.28402e-19)
(-0.105115 5.24217 -3.44816e-19)
(-0.519048 1.96898 -1.77395e-18)
(1.08724 0.631031 2.44875e-16)
(3.43671 -0.339297 2.2004e-16)
(0.0658901 0.610807 1.33148e-16)
(-1.31549 -0.84757 -3.77782e-16)
(-1.60005 -0.121081 2.45368e-16)
(-0.225476 5.03414 3.08843e-16)
(-1.88329 -0.0655233 0)
(-0.179234 5.29913 -1.86213e-16)
(3.61569 -0.100643 -4.37367e-16)
(4.38936 -0.136766 -2.81954e-17)
(1.12513 0.145963 -5.77989e-16)
(-0.452206 8.69905 4.86638e-17)
(1.93621 -0.087996 -1.08887e-16)
(-0.122951 -0.0281363 -6.46911e-16)
(0.904626 -0.518965 1.35284e-16)
(-0.0766933 5.58357 4.56473e-17)
(-0.374266 2.551 -2.71886e-16)
(-0.356767 5.45753 -2.29647e-17)
(8.53747 0.150819 -3.86807e-17)
(-0.0763205 7.33787 1.74284e-17)
(-0.17727 5.90853 3.34944e-17)
(4.09697 -0.169303 9.4881e-17)
(-0.585274 0.945214 2.93359e-16)
(-0.0582578 4.40359 -1.88763e-16)
(-0.468623 -0.0138471 3.53909e-16)
(0.723867 -0.51766 2.76249e-17)
(-0.771208 -0.444518 0)
(2.451 9.13594 -9.07588e-17)
(-0.0805231 4.10253 -7.24882e-17)
(0.611094 2.78472 1.39045e-16)
(3.45067 1.3425 -4.41772e-16)
(-0.725498 -0.853395 2.40715e-16)
(-1.6176 -0.222146 1.15262e-18)
(-1.71899 0.611192 -5.96803e-17)
(0.0654794 1.36567 -3.86892e-20)
(2.38515 -0.0809607 6.32657e-17)
(-0.077187 -1.2111 1.90786e-16)
(8.50822 0.70416 -1.13424e-17)
(0.348385 -0.216102 -1.97833e-16)
(-0.422815 -0.0707854 4.6809e-16)
(-0.824513 -0.364422 1.49384e-16)
(1.20239 0.211277 2.73733e-16)
(-1.35872 -0.63316 6.0726e-17)
(8.10547 0.050055 -1.51269e-16)
(0.124049 2.20585 2.29964e-16)
(-0.584527 -0.596748 5.89683e-16)
(-1.43599 -0.568154 3.60906e-16)
(-0.726543 -0.0075083 2.34734e-16)
(0.28838 5.18226 -6.47083e-18)
(0.772183 0.755677 -3.18444e-16)
(-1.55317 -0.284965 -1.26019e-16)
(0.61479 -0.0786666 9.49884e-17)
(5.09698 -0.157337 -3.04157e-16)
(-0.378303 7.60372 -1.29959e-16)
(0.120971 5.36936 2.67717e-17)
(-1.23472 -0.446463 4.98223e-16)
(-1.12095 0.0447252 -2.91349e-16)
(1.75424 3.29235 0)
(-0.420296 8.93189 -8.96039e-17)
(-0.0553286 5.49773 -2.72112e-17)
(-0.0489783 5.56695 1.80979e-17)
(0.245222 6.13027 -3.7693e-17)
(-0.0982652 7.23636 -5.70153e-17)
(-0.109419 -1.14865 2.19694e-16)
(-0.0695203 -0.384459 -4.22125e-17)
(0.462735 7.22775 1.00104e-16)
(1.8928 0.119014 0)
(-0.314964 0.0830029 -2.06568e-17)
(2.3755 1.07933 3.5289e-17)
(-2.10815 -0.409704 0)
(2.38045 0.437639 -3.92227e-16)
(0.012412 -0.133712 0)
(1.6739 -0.679843 -1.79459e-19)
(8.72461 0.287592 1.60251e-16)
(2.5323 0.344055 2.82457e-16)
(2.21098 0.0992994 -6.73513e-17)
(0.00693146 -0.376949 0)
(0.582956 -0.199526 9.2855e-16)
(1.99719 0.0700766 -1.88633e-17)
(-0.305737 -1.09586 5.51052e-16)
(0.111041 -0.383683 1.7188e-19)
(-0.568224 -0.020044 0)
(0.845582 1.14697 2.06997e-16)
(-0.194865 6.62356 -7.86159e-17)
(0.178977 -0.663865 5.10792e-16)
(0.252616 -0.475584 8.51509e-16)
(-0.408235 -0.0309554 1.80196e-16)
(-0.524724 8.67663 -3.24584e-19)
(2.41768 0.0678078 -3.02218e-17)
(0.208701 -0.504517 -2.72367e-16)
(2.06494 0.0277014 0)
(1.9093 3.03275 0)
(0.0614281 -0.0341132 -2.8525e-16)
(4.35977 0.115491 3.78258e-16)
(1.15088 0.0584105 -1.9496e-16)
(9.8543 1.7801 0)
(1.05835 0.19133 1.33539e-18)
(2.05459 0.079707 1.52613e-16)
(-0.442129 -0.0356816 -8.08194e-17)
(-0.436784 8.64584 1.64378e-16)
(0.463182 0.481739 4.31016e-16)
(0.379572 -0.704311 -7.49071e-16)
(0.0980059 -0.630841 7.5018e-16)
(-0.201915 -0.0928292 3.76741e-17)
(1.9417 0.300706 -1.65937e-16)
(0.112302 0.705434 2.35437e-16)
(-0.664705 -0.0266322 2.32604e-17)
(0.425079 -0.0199787 2.39633e-16)
(-0.782631 0.0070318 3.40061e-16)
(1.66315 -0.291188 -9.38372e-17)
(9.66008 1.88595 0)
(-0.753988 0.00441824 -6.54631e-16)
(-0.811339 -0.00122676 0)
(0.328514 -0.729379 1.20891e-19)
(0.371217 -0.246071 -2.03615e-16)
(8.8138 0.148017 0)
(-0.0699215 7.09281 -7.05858e-17)
(-0.70978 -0.0028217 -2.5875e-17)
(-0.738748 0.0105174 3.8881e-16)
(-0.672423 -0.0060754 0)
(-0.730554 0.00283025 -2.61743e-17)
(2.45557 0.0586353 -7.20819e-18)
(2.45024 0.02622 7.28104e-18)
(-0.871463 0.025117 0)
(-0.878842 0.0171752 0)
(-0.865169 9.20619e-05 0)
(-0.84333 0.00242081 -2.0885e-17)
(1.92919 -0.0202947 7.20341e-17)
(0.15856 -0.726283 1.15996e-16)
(-1.39019 -0.839763 9.38802e-17)
(1.84331 0.214466 -3.14883e-16)
(0.440576 -0.08067 2.0775e-16)
(-0.175242 3.24295 -8.02812e-17)
(-0.144119 6.02264 0)
(3.19638 -0.180614 -1.77632e-16)
(-0.0873802 5.54127 2.24578e-17)
(-0.0149385 5.56649 -5.58691e-17)
(0.146915 0.868952 -2.53245e-16)
(-0.149382 -0.212296 1.85186e-16)
(-0.425422 -0.827175 -1.8231e-16)
(-0.846422 0.690512 0)
(-0.0252305 7.19377 1.32709e-16)
(4.77815 1.32858 0)
(-0.255103 7.16205 -5.416e-17)
(0.0762256 1.53955 -2.69705e-16)
(-0.811804 0.0358718 0)
(0.477869 4.973 7.5953e-17)
(4.68061 -0.0661326 1.56408e-16)
(1.16538 0.456906 1.38834e-16)
(0.199751 -0.434513 -2.68917e-16)
(3.98973 -0.208924 -1.79926e-16)
(4.49982 -0.109509 4.31679e-17)
(0.110227 7.00572 0)
(-1.12033 0.0517157 -2.20596e-17)
(2.24199 4.85583 -2.18249e-16)
(0.766136 0.320561 -3.19849e-19)
(1.41446 6.40393 -1.4466e-17)
(-0.0367392 5.52453 2.20238e-17)
(-0.124868 5.73171 0)
(8.91262 1.03105 4.08942e-17)
(0.75359 -0.995593 -1.00026e-16)
(0.000186918 -0.0592457 -7.32196e-17)
(2.00995 0.430217 0)
(1.24999 0.191764 9.34353e-17)
(5.36022 0.199531 -2.16526e-16)
(3.33981 0.31416 -6.67534e-18)
(2.53826 -0.333076 -2.65189e-16)
(1.02088 -0.491559 2.01764e-16)
(0.0209687 0.946676 -4.38283e-17)
(0.294352 -0.0482348 0)
(0.773127 0.346093 -1.32297e-16)
(5.43275 -0.666221 -4.61372e-16)
(-0.616911 8.37949 -3.81763e-17)
(2.45313 -0.3336 -3.49728e-16)
(-0.358662 6.02263 -8.19597e-17)
(0.0820814 -0.637832 -4.98842e-16)
(1.26139 -0.359978 0)
(-1.64662 -0.318552 -3.07141e-17)
(4.62663 2.54832 -1.59572e-16)
(1.02922 8.36975 3.87376e-17)
(0.123759 0.538679 3.12704e-16)
(0.363074 -0.0371801 0)
(0.571362 -0.674366 3.79889e-17)
(2.66766 9.43431 1.89145e-16)
(-0.319046 5.30071 -6.35357e-17)
(2.43686 -0.00360413 -5.58478e-17)
(2.37299 -0.0325649 6.00633e-17)
(-0.485518 8.05248 -2.0294e-17)
(-0.423939 0.0526243 -3.0673e-16)
(-2.28257 0.422309 1.89026e-18)
(4.65268 0.216701 -1.6975e-16)
(4.2398 0.165341 7.93159e-19)
(3.90437 0.775828 -1.08528e-18)
(-0.426541 7.36422 1.51036e-16)
(8.49042 0.0938829 3.36458e-16)
(3.69606 2.98419 3.71441e-17)
(-0.0975694 5.60947 0)
(-0.0153735 5.49751 -2.10565e-17)
(-0.260861 3.42182 0)
(0.218362 0.83446 3.6781e-16)
(6.34456 2.3899 -1.24995e-16)
(1.32475 -0.801959 -4.4729e-18)
(0.91693 6.1185 1.68915e-16)
(-0.38699 -0.951772 9.93412e-17)
(-0.230231 -0.264278 2.55605e-17)
(0.285503 0.31669 -6.0483e-21)
(0.0107814 1.31797 5.18384e-17)
(0.128427 -0.406193 -1.00568e-15)
(0.666876 -0.147528 8.15772e-16)
(-0.595982 -0.716558 3.50984e-16)
(4.9138 0.605086 -3.79289e-17)
(0.834375 -1.03787 -1.79589e-16)
(3.0497 -0.359124 2.03419e-16)
(1.10204 -0.258765 7.32168e-20)
(0.375729 1.34815 -2.4483e-16)
(7.7886 0.0480433 0)
(3.67963 0.344577 -2.70028e-16)
(-0.244787 7.22632 -4.12013e-17)
(6.32934 -0.586837 2.28074e-16)
(-0.145602 2.49338 4.04378e-20)
(-0.431075 7.75121 -1.84739e-16)
(0.517487 -0.603142 0)
(0.438199 0.17975 0)
(3.01313 -0.398214 -2.58547e-17)
(3.38796 -1.11207 4.71892e-17)
(-0.330483 0.875397 -9.53239e-18)
(0.218708 -0.592702 -1.3186e-16)
(1.65093 0.312879 2.86978e-19)
(0.447088 -0.412128 -1.65376e-16)
(4.10422 -0.128043 -4.87186e-17)
(0.477502 9.63899 -1.03162e-17)
(8.40005 0.219329 -2.45081e-17)
(-0.0795223 0.0972291 -1.1795e-19)
(-0.119291 0.03908 4.26629e-16)
(4.50584 1.91978 1.5551e-16)
(-0.506417 0.020845 -2.21787e-16)
(-0.982998 0.418785 3.66301e-16)
(6.216 1.91006 -9.09999e-17)
(6.2119 2.71562 -2.10798e-19)
(0.924976 -0.0958706 0)
(1.7116 3.19528 0)
(7.69339 0.11327 -1.90997e-16)
(1.24961 0.437353 2.31995e-16)
(0.295538 0.235827 -1.20692e-16)
(0.0403958 -0.519282 -1.95389e-16)
(-0.410756 0.0387277 6.86367e-17)
(3.25987 0.785214 -9.18368e-17)
(-0.0689048 -0.514377 0)
(0.275519 -0.4905 -1.90649e-16)
(9.25525 0.710006 -4.87268e-18)
(2.97699 -0.339548 1.89035e-16)
(1.95384 8.93371e-05 -7.28196e-17)
(-0.0818484 7.45187 0)
(-0.462853 6.87202 -1.81685e-16)
(-0.132987 4.47698 -2.81281e-16)
(-1.99956 -0.169309 -2.04586e-16)
(1.29421 9.01953 1.11694e-17)
(9.061 1.22048 -1.80656e-17)
(1.26869 0.0477378 0)
(4.03684 -0.232029 1.16307e-16)
(0.0611805 -0.623088 -2.09653e-17)
(0.334348 -0.375578 -4.92675e-16)
(3.89408 -0.311591 -5.55623e-16)
(-0.760186 -0.412925 -2.43206e-16)
(1.09176 -0.499965 2.0123e-16)
(2.40819 0.826535 6.64561e-16)
(0.209911 -0.0661631 -1.22863e-16)
(-0.170203 4.09171 -7.38423e-17)
(0.549804 -0.660099 -6.01383e-16)
(0.676106 -0.0697426 7.51907e-17)
(4.03013 -0.227751 8.15654e-17)
(-0.787357 0.39983 2.19106e-16)
(0.485285 -1.10772 0)
(-0.899891 -0.205631 1.1898e-16)
(0.102568 1.01091 -1.41774e-16)
(-0.300722 -0.299986 1.90866e-16)
(0.477702 0.629554 7.86048e-17)
(-0.13914 10.0112 2.13364e-16)
(-0.558153 0.0109379 4.10154e-16)
(1.25236 3.0274 0)
(-0.898921 -1.02732 -4.09685e-16)
(1.29878 0.167377 -3.69175e-16)
(-0.296005 7.74007 0)
(2.62145 0.183424 3.95731e-17)
(8.86444 0.778128 0)
(-0.659984 7.2986 -1.18539e-16)
(-0.541665 8.81646 -3.17737e-18)
(5.018 1.075 2.69709e-16)
(-0.294747 7.78945 1.78982e-17)
(7.06093 0.139417 -9.20877e-17)
(1.12601 -0.358113 -4.19243e-17)
(5.0573 -0.511964 1.39678e-16)
(-0.476656 8.87454 0)
(0.252961 -0.0769281 -3.23592e-16)
(2.91285 0.593801 3.54615e-17)
(3.1613 -0.0231027 -1.78977e-16)
(-0.0259619 4.04802 1.0346e-16)
(1.94925 0.595147 3.46381e-16)
(0.967542 -0.252347 1.41928e-16)
(0.374808 3.6954 1.78731e-16)
(4.06295 -0.238918 -1.17201e-16)
(0.0179049 6.41974 -4.84944e-17)
(-0.32645 9.15371 -5.09862e-17)
(-0.48924 6.86516 9.0932e-17)
(8.55906 0.219213 -7.2226e-17)
(4.4196 -0.172599 2.8197e-16)
(2.14424 0.748886 -2.1212e-19)
(-0.858219 0.0319148 1.85074e-16)
(-0.0466122 5.3339 0)
(0.112235 -0.398738 3.45141e-16)
(4.53621 0.6676 -1.90906e-19)
(-0.0170607 4.79407 2.94206e-16)
(1.28602 -0.300335 0)
(-0.31134 3.97917 0)
(-0.209706 6.48939 -2.56541e-19)
(9.61081 1.51207 -7.33362e-18)
(-0.247934 1.69698 1.36961e-16)
(3.3613 0.0308491 -2.74214e-16)
(-0.350895 -0.25254 0)
(7.31689 0.0837278 -3.04017e-17)
(0.91558 0.291048 -3.53885e-16)
(0.216065 0.583235 -7.13776e-18)
(0.427008 -0.293279 0)
(0.44088 0.562124 -1.27319e-16)
(-0.276363 6.38619 -1.1609e-16)
(-2.23384 -0.231025 1.5127e-16)
(1.99667 8.97922 -1.58456e-16)
(0.708124 -0.26541 1.14744e-17)
(0.743753 -0.669085 -9.49339e-17)
(0.206531 5.64526 6.81721e-18)
(-0.116449 3.22977 1.44588e-16)
(-0.188141 -0.0366632 -4.79377e-16)
(2.20635 -0.0501937 -6.57288e-17)
(0.891296 5.50919 5.33395e-17)
(-0.149165 6.62017 5.25643e-17)
(0.495531 6.7938 -5.42516e-17)
(1.65578 -0.275922 0)
(-0.469041 1.22272 -1.02729e-16)
(3.21514 -0.270957 1.08049e-16)
(9.06571 0.448486 0)
(-0.146925 5.97038 -8.85647e-17)
(-0.455393 3.09331 0)
(-0.30551 3.17233 4.1984e-17)
(0.565657 -1.34613 8.88352e-17)
(0.396971 -0.710923 2.37774e-16)
(0.311113 0.0601159 2.30255e-16)
(-0.416547 -0.360709 -5.68655e-17)
(-0.126118 -0.750676 -5.19925e-17)
(0.995019 -0.381524 0)
(0.836942 -0.060426 -3.13718e-16)
(-0.0724561 3.78337 2.72924e-20)
(9.14665 1.53172 3.28865e-18)
(-0.609543 0.00208204 -4.70066e-16)
(3.57526 -0.667252 -6.78519e-18)
(0.684185 -0.189162 0)
(3.78504 0.219768 0)
(-0.0783371 5.33687 -1.31179e-16)
(2.87373 0.149525 0)
(-0.288692 -0.303367 1.37367e-16)
(4.6936 0.0747969 1.78815e-17)
(0.140434 -0.54438 2.82506e-16)
(8.63216 0.434196 0)
(-1.20607 -0.626645 -4.43961e-16)
(-0.283703 0.253748 0)
(-0.166675 -0.240397 3.42318e-17)
(1.65827 1.40255 1.11892e-16)
(-0.687584 -0.00944238 0)
(-0.0623099 4.54642 -8.6501e-17)
(0.15551 0.78384 5.31969e-17)
(0.367175 -0.186067 -6.65292e-17)
(-1.49471 0.193084 2.52098e-16)
(-1.29041 0.210087 1.55243e-18)
(0.56752 5.98756 -6.5792e-17)
(0.735272 0.961284 0)
(-0.35721 -0.0491277 -3.13317e-17)
(0.0801197 2.13841 2.56401e-16)
(-0.412767 -0.0559579 0)
(3.38931 -0.618902 3.51969e-17)
(3.87474 -0.0819176 -1.24783e-16)
(-1.4473 9.30182 -9.82898e-17)
(1.74435 0.501574 2.23909e-16)
(0.731251 0.281326 0)
(2.61472 0.559947 -1.91477e-17)
(0.103238 0.131301 -2.22798e-17)
(3.16612 -0.0545886 0)
(0.0457926 -0.0642259 1.42584e-16)
(0.365295 0.194114 -1.66994e-16)
(-0.394976 9.19173 -6.89363e-17)
(-1.76896 0.511095 -4.54433e-16)
(4.29313 1.56399 -8.26426e-17)
(4.64869 0.33502 -9.76274e-17)
(3.94988 0.638459 5.35866e-16)
(2.37794 0.403743 3.74334e-18)
(1.25202 0.39672 -1.08895e-16)
(-0.339921 7.96155 3.87645e-17)
(4.28103 0.000102428 1.38846e-16)
(-0.557691 9.91266 1.05281e-17)
(-0.0892414 -0.430661 -2.26575e-17)
(5.27502 1.78497 0)
(0.228397 5.9368 4.74868e-17)
(3.46369 0.183329 3.9772e-18)
(-0.251859 -0.466884 -1.7242e-16)
(-0.0935884 -0.356802 -2.43588e-16)
(-0.613714 0.00606039 -3.43451e-17)
(-0.213755 0.0874592 3.07047e-16)
(-0.0406204 3.82994 0)
(3.85586 0.151306 1.33065e-16)
(2.86457 0.713357 -9.09326e-16)
(0.407506 8.1737 1.06344e-17)
(0.591108 0.923197 0)
(4.38324 -0.0803276 -4.06199e-17)
(1.37874 -0.602498 -2.62411e-17)
(3.20587 1.22016 3.38647e-18)
(5.79171 -0.343213 -1.31591e-16)
(6.20727 -0.246696 -5.34956e-20)
(0.678751 -0.0945533 -1.18371e-16)
(2.20578 0.476441 -3.03705e-16)
(-0.466881 -0.104203 0)
(-0.752414 -0.237337 0)
(-0.0591424 1.85278 0)
(-0.0290989 7.90994 0)
(-1.91483 0.490703 -1.54948e-16)
(1.34188 3.91436 -1.27938e-16)
(0.321661 -0.218409 1.91333e-16)
(-0.199763 7.62911 0)
(1.24638 4.86203 1.72949e-16)
(-0.147911 7.44967 -6.30961e-17)
(0.0258652 7.84716 -1.48781e-17)
(-0.00446208 7.93851 -3.18829e-17)
(4.68659 -0.0306976 -8.37445e-17)
(0.54863 6.37929 -9.80672e-18)
(0.52661 -0.096128 -2.42952e-16)
(0.389148 -0.677911 4.86889e-16)
(-0.442464 -0.0243464 -2.04378e-16)
(0.835296 -0.79353 0)
(-1.77491 -0.151305 -9.93485e-20)
(-0.503286 0.0032175 -6.26857e-16)
(4.29515 -0.925342 -2.12966e-16)
(3.83806 0.152578 3.86678e-16)
(-0.208227 6.17793 6.94355e-17)
(-0.133577 6.9847 0)
(2.31146 3.97818 0)
(-0.220451 7.40316 -7.28586e-17)
(0.0318712 7.2516 1.72325e-17)
(-0.373541 -0.0464957 7.93585e-17)
(-0.422247 8.07388 1.7162e-18)
(-0.402591 -0.21286 -6.64007e-17)
(0.830923 -0.509482 -4.18502e-16)
(-2.63576 0.143478 0)
(0.64167 5.67652 -2.43949e-16)
(3.84708 -0.117426 -8.64124e-20)
(1.57789 -0.204349 -2.40697e-16)
(1.82651 -0.115943 -5.29187e-17)
(3.04025 0.353042 0)
(3.85126 -0.139233 -3.26479e-16)
(1.23862 5.3399 -6.95369e-18)
(2.7158 -0.123702 -3.96714e-17)
(4.09943 0.0337364 -8.70593e-17)
(-0.398776 -0.0268238 -6.56792e-17)
(8.06879 0.196289 -7.95537e-17)
(4.14486 1.26622 0)
(0.314319 6.28017 -6.10018e-17)
(4.45293 -0.576306 -1.17809e-16)
(-0.0645202 -0.0176696 -1.75172e-17)
(4.26353 0.689887 4.66603e-16)
(4.80628 -0.211401 8.81307e-17)
(4.19685 -0.0989816 -2.8816e-16)
(-2.51274 -0.167514 -9.35015e-17)
(7.15241 -0.014878 1.48864e-16)
(0.486642 -0.180204 9.9407e-16)
(3.66213 -0.113966 3.73937e-16)
(4.36646 -0.29609 -2.33383e-16)
(0.770206 -0.0561398 -9.4351e-16)
(0.232085 -0.217281 -5.52675e-16)
(-0.341931 0.562958 -2.3775e-16)
(0.126516 -0.194501 -1.00152e-15)
(-0.76853 0.996912 -1.54909e-16)
(0.764657 1.72208 -6.20744e-18)
(-0.133129 0.100296 0)
(0.280614 0.516281 0)
(4.89032 0.177772 1.12827e-16)
(-0.372943 2.2906 9.96262e-17)
(0.789285 2.41926 -9.10555e-16)
(0.0983815 -0.336938 1.1825e-15)
(5.20003 0.453224 -5.22905e-17)
(4.62425 -0.121377 0)
(5.28945 0.0154175 9.26677e-17)
(6.31057 0.0300261 3.31165e-16)
(7.38784 0.0372628 -1.52272e-17)
(-0.927668 -0.140769 1.67772e-16)
(1.90173 -0.123296 2.48412e-17)
(-0.72225 -0.335201 1.34225e-18)
(3.50089 0.305971 0)
(-1.40264 -0.04254 1.12046e-16)
(-1.09531 0.163503 0)
(5.13172 0.350528 -1.10651e-17)
(-1.89308 -0.0275668 -2.98564e-18)
(4.91385 -0.221325 2.33557e-16)
(3.87339 0.0483571 -3.93003e-16)
(4.36148 -0.0468941 0)
)
;

boundaryField
{
    frontAndBack
    {
        type            empty;
    }
    wallOuter
    {
        type            noSlip;
    }
    inlet
    {
        type            fixedValue;
        value           nonuniform 0();
    }
    outlet
    {
        type            zeroGradient;
    }
    wallInner
    {
        type            noSlip;
    }
    procBoundary1to0
    {
        type            processor;
        value           nonuniform List<vector> 
29
(
(-1.21999 0.196869 -2.02418e-16)
(-1.21999 0.196869 -2.02418e-16)
(-1.02963 0.0658859 0)
(-0.221989 0.130133 2.02049e-16)
(-0.28721 0.644927 -1.1449e-16)
(-2.19206 0.441675 -1.16277e-16)
(4.31026 -0.148831 2.46807e-16)
(2.36169 -0.138407 0)
(6.50688 0.415919 0)
(0.734156 0.0627722 -1.86205e-16)
(1.99965 -0.0807102 -2.93279e-16)
(-2.19206 0.441675 -1.16277e-16)
(-1.02963 0.0658859 0)
(-1.57446 0.164474 0)
(7.04268 0.0308876 9.50977e-17)
(8.69429 0.164686 0)
(-0.28721 0.644927 -1.1449e-16)
(0.96593 0.677413 0)
(-0.221989 0.130133 2.02049e-16)
(-0.524864 0.371919 -1.3806e-18)
(8.80662 0.14674 -3.1441e-17)
(8.12153 0.0938853 -1.50908e-17)
(5.45675 0.27703 -1.28858e-16)
(6.97729 0.0757029 1.79269e-16)
(6.97729 0.0757029 1.79269e-16)
(5.45675 0.27703 -1.28858e-16)
(8.87321 0.0407496 -6.4041e-17)
(1.81723 0.0189168 0)
(8.87321 0.0407496 -6.4041e-17)
)
;
    }
    procBoundary1to2
    {
        type            processor;
        value           uniform (0.725091 0.0226528 -2.10684e-16);
    }
    procBoundary1to3
    {
        type            processor;
        value           nonuniform List<vector> 
48
(
(-0.590538 5.98706 0)
(-0.5417 8.27652 -9.41796e-20)
(-0.70069 7.98225 1.07479e-16)
(-0.70069 7.98225 1.07479e-16)
(-0.237662 5.45446 -6.64665e-17)
(-0.359955 5.60459 4.46125e-16)
(-0.359955 5.60459 4.46125e-16)
(-0.0758949 0.365908 0)
(-0.450092 3.70806 0)
(-0.253136 -0.845642 0)
(-0.374218 0.130579 -3.12492e-16)
(-0.253136 -0.845642 0)
(-0.194542 -1.54302 3.18527e-16)
(0.484733 -0.882272 3.01363e-16)
(0.417546 -0.739083 -1.76217e-16)
(-0.194542 -1.54302 3.18527e-16)
(-0.344976 -1.81676 -1.70623e-18)
(-0.344976 -1.81676 -1.70623e-18)
(-0.31955 -1.17482 0)
(-0.31955 -1.17482 0)
(0.127836 -0.848668 2.33446e-17)
(0.00689831 -0.656673 1.82912e-16)
(-0.556983 -0.361336 -1.82908e-16)
(-0.39639 1.33204 8.53647e-16)
(-0.39639 1.33204 8.53647e-16)
(-0.25158 0.633736 0)
(-0.0114546 -0.488596 0)
(-0.0114546 -0.488596 0)
(-0.00937629 -0.132232 3.67732e-16)
(-0.21312 2.89356 -2.39415e-16)
(-0.573777 1.26305 -1.31046e-16)
(-0.00937629 -0.132232 3.67732e-16)
(-0.0758949 0.365908 0)
(-0.259559 2.56719 -3.73515e-16)
(0.0404011 0.092006 -1.91634e-16)
(-0.21312 2.89356 -2.39415e-16)
(-0.146258 1.15596 -2.40581e-16)
(-0.374218 0.130579 -3.12492e-16)
(-0.544492 4.78905 0)
(-0.247136 6.88244 1.4232e-17)
(0.264347 -1.23872 3.96261e-16)
(-0.180606 1.84888 1.77042e-16)
(-0.259559 2.56719 -3.73515e-16)
(0.0404011 0.092006 -1.91634e-16)
(0.641152 -0.339912 7.6447e-17)
(-0.105474 5.28094 -2.01148e-21)
(-0.264865 6.5798 0)
(0.264347 -1.23872 3.96261e-16)
)
;
    }
}


// ************************************************************************* //
