/*--------------------------------*- C++ -*----------------------------------*\
| =========                 |                                                 |
| \\      /  F ield         | OpenFOAM: The Open Source CFD Toolbox           |
|  \\    /   O peration     | Version:  v1912                                 |
|   \\  /    A nd           | Website:  www.openfoam.com                      |
|    \\/     M anipulation  |                                                 |
\*---------------------------------------------------------------------------*/
FoamFile
{
    version     2.0;
    format      ascii;
    class       volVectorField;
    location    "0.31";
    object      U;
}
// * * * * * * * * * * * * * * * * * * * * * * * * * * * * * * * * * * * * * //

dimensions      [0 1 -1 0 0 0 0];


internalField   nonuniform List<vector> 
1466
(
(0.143213 2.30027 0)
(-0.0762665 2.89458 -8.54211e-17)
(0.656634 -0.102396 -1.41721e-16)
(0.0172282 1.89129 1.21089e-16)
(-1.12006 -0.217062 -5.74043e-16)
(-3.57328 -0.271358 -2.6049e-16)
(-0.160881 -0.143296 2.9239e-16)
(-1.00216 -1.00958 3.85051e-16)
(-1.65264 -0.795578 1.26937e-16)
(-0.751808 0.208608 6.96772e-16)
(0.456699 -0.258303 -1.57226e-16)
(1.85364 2.32097 1.07348e-16)
(-0.0962912 -0.075106 9.71421e-18)
(0.683871 1.70269 -9.79208e-17)
(1.76701 0.337272 -2.10349e-18)
(0.0428527 0.964417 -8.52196e-21)
(0.681522 -0.0302502 6.44101e-17)
(0.0137342 1.88189 -1.18619e-16)
(-0.627203 -0.385808 -1.64912e-16)
(0.0762096 1.71769 0)
(0.0597632 -0.484583 1.40807e-16)
(0.672235 0.364717 -3.25311e-16)
(2.27068 0.0892669 0)
(0.0827267 2.98052 5.18988e-17)
(0.8275 1.65266 -1.47176e-16)
(0.1099 -0.210733 1.88915e-16)
(0.11277 -0.116602 2.11615e-16)
(1.3501 0.524896 2.43505e-16)
(0.0700539 -0.0753324 0)
(-1.52684 -0.381327 3.6821e-16)
(-1.25979 -0.742418 0)
(-4.26213 -0.612279 4.18893e-16)
(0.306084 0.519992 -2.96658e-16)
(-1.89764 -0.575479 -8.47664e-17)
(0.368912 1.78271 0)
(1.27182 0.324368 2.31929e-17)
(-0.675199 0.254053 -1.61977e-19)
(1.21367 -0.207503 0)
(-3.39621 -0.988169 -3.31023e-16)
(1.02773 0.293881 2.7566e-16)
(2.15952 2.0359 -1.20926e-16)
(0.50019 0.239666 -1.80567e-16)
(-1.59174 -0.887979 -3.51264e-16)
(-1.17925 -0.887794 2.03292e-18)
(2.54258 1.01449 0)
(-1.98483 -1.00578 4.24934e-19)
(1.22275 -0.370951 -1.51507e-16)
(-0.00706234 1.61311 8.54932e-17)
(0.413824 0.168561 -2.59474e-16)
(0.228672 -0.476408 -7.94299e-17)
(-0.169899 -0.335785 0)
(-0.932352 0.0826557 -2.81347e-16)
(-0.892692 -0.147042 3.93767e-16)
(-2.54901 0.0124487 2.93472e-16)
(1.21413 0.223033 3.57036e-16)
(0.310128 1.00743 -1.12011e-16)
(1.56491 -0.300294 0)
(0.589025 -0.481852 2.87909e-16)
(0.564246 0.0763193 1.40164e-17)
(0.164789 0.632188 0)
(0.0136385 1.05579 -2.17797e-18)
(-2.25836 -0.335105 8.8004e-17)
(-1.3291 -0.298614 1.23312e-16)
(-4.96155 -0.592476 -2.27891e-16)
(-0.241581 2.12262 1.49989e-16)
(0.208203 1.70703 -2.9284e-17)
(0.530847 1.41466 -3.20778e-17)
(-0.103054 -0.432897 -1.8058e-16)
(-0.0359661 1.90873 -1.08871e-17)
(0.626523 0.430973 0)
(0.239218 -0.233193 0)
(-0.0124834 2.02138 -5.00308e-17)
(0.885901 -0.0805094 -4.83518e-16)
(0.106354 1.98241 -1.69721e-16)
(0.302436 0.0925393 3.82317e-17)
(0.820391 0.248137 -1.73746e-16)
(0.0572296 1.93292 4.19095e-17)
(-0.0342684 1.96621 1.49083e-16)
(-0.20047 0.0850242 0)
(0.0541548 0.742719 0)
(0.586751 -0.348804 -3.15097e-17)
(0.206233 1.77317 1.71044e-16)
(1.76246 -0.0886274 0)
(0.36966 0.102478 1.64172e-18)
(0.831189 -0.0425133 1.7813e-16)
(0.472074 -0.355429 -8.92778e-17)
(0.789118 -0.0420456 -2.36781e-16)
(-0.45365 1.30155 1.23393e-16)
(0.340976 1.83252 -3.19181e-17)
(0.281998 2.19011 5.0493e-18)
(0.124758 2.01122 8.71373e-17)
(-0.00215931 -0.147641 0)
(-0.145073 0.435023 -6.12428e-17)
(-0.0068987 1.86773 1.62325e-16)
(-0.437723 -0.257429 0)
(0.0307498 -0.301856 -1.96047e-16)
(0.0451146 1.80923 5.17689e-16)
(0.683782 0.133104 0)
(0.0997672 1.95999 1.23618e-16)
(0.171642 1.92248 -1.37504e-16)
(-0.0703866 0.0211189 0)
(1.43494 0.811148 -7.43304e-17)
(0.777043 -0.00833147 3.62296e-16)
(-0.104572 0.893344 -1.42699e-16)
(1.6559 -0.505469 0)
(-2.43742 -1.06824 -1.884e-16)
(-0.243247 -0.310975 1.64783e-16)
(1.73395 -0.282581 -5.88508e-18)
(0.167892 2.63861 3.93361e-17)
(1.15836 1.28515 5.13952e-18)
(0.517353 0.0376395 1.91191e-17)
(0.180176 -0.259221 4.86531e-16)
(-0.867855 0.462091 -2.94877e-16)
(1.15018 -0.186274 -6.08106e-20)
(-0.0948828 -0.198274 -1.93217e-17)
(-0.0492244 -1.72415 0)
(0.306682 1.71052 -6.82356e-17)
(0.447051 1.79427 4.72717e-16)
(0.21428 2.1637 2.53503e-17)
(0.603647 -0.341996 -4.31788e-16)
(-0.396339 -0.277614 1.73785e-16)
(0.1927 2.20307 0)
(0.16264 0.692287 -7.01159e-17)
(-0.510165 1.21723 -6.46735e-17)
(0.341597 1.61865 2.55021e-16)
(-0.21926 -0.603625 -1.10674e-16)
(0.0311128 0.0746987 2.72272e-17)
(-0.0745464 0.900362 0)
(-0.158962 0.0514991 6.20146e-17)
(0.871874 1.17591 -2.55096e-16)
(0.350705 -0.0393538 1.20877e-16)
(-0.0134683 1.91996 -1.77872e-20)
(0.447437 1.31769 1.94772e-17)
(0.820366 1.86585 -4.84192e-17)
(-0.153761 -0.388952 -9.99919e-18)
(-0.0469225 0.825574 1.42662e-16)
(0.616806 0.317448 0)
(0.753354 -0.0931643 0)
(2.99789 0.590536 2.5574e-17)
(0.030572 1.23784 8.05264e-17)
(-0.670924 0.271454 -9.48298e-17)
(-0.233798 -0.172312 -1.5745e-16)
(-0.155318 -0.251477 7.11523e-17)
(-0.0428462 1.12903 -3.90195e-16)
(2.79123 0.766555 1.02463e-16)
(0.543753 0.655538 0)
(-0.692441 0.425357 0)
(0.00118281 1.22823 0)
(0.627337 2.21008 5.54519e-17)
(0.853437 -0.0542433 2.32138e-16)
(-0.171792 -0.289385 -1.41174e-16)
(0.176784 0.289186 4.05214e-18)
(0.345116 2.13875 9.58173e-17)
(0.00217424 2.18302 -1.65903e-17)
(0.190609 2.07601 -1.37196e-16)
(0.257522 -0.209348 -8.28321e-17)
(-0.0340911 2.01101 -2.88354e-16)
(-0.0242725 1.23437 1.62998e-16)
(0.00905359 -0.593209 -6.93227e-17)
(0.100185 1.41984 0)
(1.72813 0.819718 8.44961e-17)
(0.224799 1.78132 -2.02524e-17)
(-0.0693141 2.07978 2.1501e-16)
(-0.182112 -0.309495 1.7437e-16)
(1.12474 0.737106 -4.05735e-18)
(-0.118523 0.889984 -4.87945e-19)
(0.250687 0.178364 0)
(0.607271 0.581561 8.46644e-17)
(0.114244 1.50956 3.96781e-18)
(0.0769715 0.0917127 3.54027e-16)
(0.365636 -0.24508 2.47528e-16)
(0.540967 -0.315586 2.33498e-16)
(0.153854 0.183973 0)
(0.290382 2.35663 6.76673e-17)
(0.0431628 -0.163568 -7.95315e-16)
(-0.187851 2.19841 1.36016e-16)
(0.864315 0.626706 1.3923e-16)
(-0.0164615 0.351168 -2.21669e-17)
(1.68435 0.524264 -1.09762e-16)
(-0.0959102 0.399476 2.14484e-17)
(-0.00987199 2.0382 -1.57546e-16)
(1.35521 -0.570093 1.72354e-16)
(0.284957 -0.099155 -3.06616e-16)
(0.257197 1.76816 -4.27967e-16)
(-0.362699 1.70775 -2.93781e-16)
(0.629412 1.68093 4.67804e-16)
(1.336 -0.326049 0)
(0.385562 -0.601401 0)
(1.28663 0.102921 -4.42192e-17)
(-0.0542829 0.895168 0)
(-0.28974 1.22978 0)
(0.107636 1.14333 1.09331e-16)
(0.242778 1.8071 1.7653e-17)
(-0.22417 2.00629 -5.89162e-17)
(1.37433 -0.552116 3.09687e-19)
(-0.0359088 2.03565 0)
(3.18715 0.464716 -3.24141e-17)
(1.33412 0.978021 -1.06255e-17)
(1.27946 1.10545 -1.02387e-17)
(1.07256 1.38659 -4.85982e-18)
(-0.658101 1.28897 -7.80878e-17)
(0.268086 -0.225565 3.02606e-16)
(1.69716 -0.429709 -4.76823e-17)
(0.158689 1.60504 2.10937e-16)
(0.349755 0.486084 0)
(0.377567 0.254842 3.33727e-16)
(1.34565 -0.484893 1.31772e-16)
(-2.23626 -0.897142 9.72484e-17)
(1.26166 0.555358 4.07851e-17)
(0.878885 0.381716 9.03753e-18)
(1.12188 0.695463 4.3384e-17)
(-0.529468 1.33661 1.14667e-18)
(0.179757 -0.273599 -1.03925e-16)
(0.837488 -0.182195 -1.05785e-19)
(0.149987 2.07254 -5.98966e-17)
(1.313 -0.119564 2.2715e-17)
(0.0399953 0.274998 -7.94599e-17)
(-0.41513 0.10528 0)
(0.240172 1.88576 0)
(0.05429 2.07336 -3.51308e-20)
(0.228379 1.38086 1.37428e-16)
(0.288212 2.40815 0)
(0.111377 1.49856 5.02687e-17)
(1.07115 -0.310455 3.30423e-17)
(0.124572 2.43908 -3.64478e-17)
(0.895536 -0.311798 0)
(0.820026 1.29047 6.71026e-17)
(0.323596 1.05447 1.05767e-16)
(-0.747336 0.0522439 2.4893e-18)
(-0.577627 -0.173348 -3.54277e-16)
(0.716375 -0.152052 2.54424e-16)
(-0.52872 0.852492 0)
(0.345299 1.72778 -1.01076e-16)
(0.492609 0.0120411 1.28364e-19)
(1.77614 0.123884 0)
(0.68274 0.846814 0)
(0.446064 -0.034784 0)
(-1.20067 -0.616437 -4.9678e-16)
(0.406148 -0.0783756 -1.13073e-16)
(0.899113 1.4443 0)
(-1.12412 -0.470537 1.38164e-16)
(0.351188 -0.136532 3.25774e-16)
(0.2046 -0.112313 -3.80312e-17)
(0.790088 0.41721 -6.98256e-16)
(0.646767 0.525956 0)
(-0.939894 -0.0577538 -1.53377e-16)
(0.0518222 -0.0452152 -5.34311e-19)
(-0.477079 -0.18053 3.11609e-16)
(-0.738975 0.0738222 0)
(-0.855709 -0.122495 -5.16481e-18)
(0.257221 1.97366 -5.60129e-16)
(1.33683 1.65629 -7.02521e-17)
(0.318754 0.126556 -1.30696e-16)
(-0.615839 0.794716 4.17813e-16)
(0.434705 1.43689 0)
(1.08831 1.75238 1.22189e-16)
(0.961693 1.02512 -1.018e-17)
(0.738156 0.38173 -5.69281e-17)
(-0.1687 -0.880395 1.195e-16)
(-0.34573 0.291478 -1.11358e-16)
(0.743048 -0.195693 -1.16828e-19)
(0.933819 -0.178109 2.42455e-16)
(1.05608 1.71819 7.9526e-19)
(0.212572 1.5156 -2.02666e-17)
(-2.14639 -0.135624 -1.49059e-16)
(1.87377 0.176742 -2.06052e-16)
(-2.456 -1.22065 8.09334e-17)
(-0.588534 1.02751 1.35544e-19)
(0.338368 -0.270057 -6.32091e-17)
(0.0109371 2.05864 -4.50592e-17)
(0.507102 2.13947 -6.94485e-17)
(0.0620416 2.03695 4.80897e-17)
(0.652678 -0.128141 2.8426e-17)
(0.50342 0.78618 2.65799e-18)
(1.03596 -0.156991 -3.62905e-16)
(0.542755 0.110747 6.02065e-17)
(-0.610545 0.632874 1.23359e-16)
(0.496215 1.04717 0)
(-0.0628388 1.02401 -5.17446e-18)
(0.487335 0.392406 1.89209e-16)
(1.04842 1.02792 2.19418e-17)
(-0.891327 0.0138783 0)
(-0.695605 -0.163367 -5.00516e-19)
(-0.12582 -0.0156185 4.67045e-18)
(0.286887 -0.79871 -7.98286e-17)
(0.61392 -0.0537743 -9.19147e-17)
(0.40317 -0.487011 0)
(0.359265 -0.0845147 0)
(0.38808 1.6093 2.46413e-16)
(0.0890315 1.20908 1.11787e-16)
(0.789754 -0.290784 -1.97434e-16)
(-2.81693 -1.7373 -3.57116e-17)
(0.503486 -0.488706 -3.93336e-17)
(0.315822 0.263062 0)
(0.236169 -0.00317794 -1.81451e-16)
(0.380379 -0.335496 0)
(0.480567 0.113542 8.04119e-17)
(-0.572053 -1.9553 2.56603e-19)
(0.262386 -0.39207 0)
(0.271709 0.519358 -1.94896e-16)
(0.344327 -0.531068 -5.69104e-17)
(-0.867724 1.2136 3.1412e-16)
(0.12266 0.0994917 -3.82173e-17)
(0.425064 -0.51045 7.19371e-17)
(1.63889 0.442271 2.01322e-16)
(0.769832 0.326912 -3.51471e-16)
(-0.698803 -0.157508 -1.4986e-16)
(0.403499 -0.00257896 -1.29997e-16)
(-0.322623 5.29558e-05 4.73805e-18)
(-3.3515 -2.32358 1.72152e-16)
(-0.568522 0.10864 2.93947e-16)
(-0.499066 -0.146377 3.65358e-17)
(0.385527 -0.265307 -1.23594e-16)
(0.854489 2.84319 -1.61854e-16)
(0.314091 0.0268446 6.58465e-17)
(0.200585 -0.174582 -2.34189e-17)
(-0.519077 1.02758 -2.19724e-19)
(0.0314319 -0.149895 1.81837e-16)
(3.31409 0.645109 0)
(-0.0273085 0.132049 -3.59952e-17)
(0.876703 -0.405227 -2.72006e-17)
(0.0473209 1.30659 -1.43281e-16)
(0.274162 -0.175708 5.70575e-16)
(1.6131 0.00161016 -1.39846e-16)
(-0.302758 0.0191216 1.6233e-16)
(-0.994555 0.0505678 -1.07357e-16)
(0.000693016 -0.0601295 1.95867e-17)
(-0.467205 -0.0956679 0)
(0.280032 -0.0690657 0)
(0.60398 -0.165809 -1.31732e-16)
(-0.866733 -0.125982 0)
(1.60533 -0.0877894 2.96273e-16)
(0.109483 -0.0539036 1.8411e-17)
(1.12638 -0.126086 0)
(-0.400951 0.0122363 -1.09343e-17)
(1.69536 -0.0295862 0)
(-0.0299599 -0.0363308 -4.59768e-17)
(-0.0625747 -0.0748146 -1.18123e-16)
(-0.644767 0.227337 -1.3307e-17)
(0.332542 -0.117579 1.40843e-16)
(-1.33929 -0.0952643 0)
(1.36414 -0.204624 -2.30395e-16)
(-0.643644 0.136642 0)
(-0.313825 -0.0666483 0)
(-0.970243 -0.0259464 -1.15828e-16)
(0.0957117 -0.0172594 0)
(-1.24771 0.0947457 -6.75862e-17)
(0.367955 -0.185345 7.63775e-17)
(0.066611 -0.540457 9.77111e-17)
(0.25579 1.45229 -2.76737e-16)
(0.248499 0.162931 5.06487e-17)
(0.650938 -0.201389 4.92094e-16)
(0.328754 0.368145 -4.76024e-17)
(0.497175 0.0663786 -3.97017e-16)
(0.448945 0.0324833 2.30659e-16)
(0.1587 -0.167066 -4.32499e-18)
(-0.457062 1.24602 -2.93954e-16)
(-0.168285 1.01151 3.1309e-16)
(-3.41373 -2.05617 -1.06823e-18)
(0.450263 -0.39966 -1.81484e-16)
(0.424485 1.34129 0)
(0.174767 1.1796 1.49366e-16)
(-0.0528637 1.39952 1.56223e-16)
(1.21038 -0.0864628 -2.22265e-16)
(-0.0944547 2.20018 2.56221e-17)
(-0.716302 -0.113543 0)
(-0.145618 -0.0702501 -2.00154e-17)
(0.2134 -0.0504122 -1.3276e-17)
(0.942709 -0.236813 1.09315e-16)
(-1.46238 -0.0187984 0)
(0.166678 -0.0375654 1.76539e-17)
(0.0902764 -0.0680194 -8.3454e-17)
(-1.09206 0.145815 -2.1357e-16)
(1.71373 -0.0662849 0)
(0.803887 -0.0552032 -3.58706e-16)
(-0.530819 -0.0550537 0)
(-0.880235 0.113278 7.48187e-17)
(-1.63647 -0.883732 -7.11143e-18)
(0.86023 -0.132307 3.31469e-16)
(-0.0431804 -0.100373 -2.00325e-16)
(0.674269 -0.0696047 2.43389e-17)
(0.4685 2.87541 -1.72524e-17)
(0.339262 -0.471082 -6.81352e-18)
(-0.350654 -0.212291 -7.56133e-17)
(0.2411 2.84339 -1.50841e-17)
(0.484042 -0.48189 3.5031e-16)
(0.497066 -0.135955 9.19237e-17)
(0.408573 -0.345768 0)
(0.459188 -0.111886 0)
(-0.262803 -0.709546 0)
(-0.22661 -0.698952 3.07363e-16)
(1.31789 0.879675 0)
(0.00396683 2.45596 8.59564e-18)
(-0.194164 -1.5631 5.92744e-17)
(-0.260307 0.0779518 -3.82428e-17)
(1.27188 0.821862 -6.1715e-17)
(-0.0773398 1.9882 1.28157e-18)
(0.142726 -0.115371 -1.25883e-16)
(1.60489 -0.493882 -7.01393e-17)
(-0.0533894 -0.0418372 4.84122e-17)
(-0.0521842 0.445595 3.22952e-17)
(0.201648 -0.125639 -3.70784e-18)
(-0.106235 2.40009 -1.14377e-16)
(0.601314 -0.181116 -2.37012e-17)
(2.11359 0.845091 0)
(0.211895 -0.863268 2.3154e-16)
(0.00776629 0.542921 -1.20024e-16)
(-1.69934 -1.13088 -2.16618e-16)
(0.854521 -0.428565 -8.0423e-17)
(-1.09239 -0.10581 -8.68396e-17)
(0.366332 -0.563232 1.89292e-17)
(-0.250439 2.76763 -2.33533e-16)
(0.341345 -0.35286 5.01881e-17)
(0.0847288 2.39833 2.77055e-17)
(-0.776281 -0.461848 -3.81819e-17)
(-0.0389629 -0.409253 1.38593e-16)
(0.183116 0.565733 -2.94148e-17)
(1.09098 0.618538 1.66925e-19)
(-0.122683 -0.647696 0)
(-0.0561039 -0.572047 0)
(0.850739 0.227421 6.11075e-16)
(-0.186165 -0.568995 7.74534e-17)
(0.138562 0.480529 -1.50328e-16)
(-0.407011 0.29896 5.3744e-16)
(-0.126758 0.426088 -3.23444e-16)
(-0.0981357 0.480367 6.84468e-16)
(-0.257749 0.652169 -1.4966e-16)
(-0.121841 0.397045 -4.15647e-16)
(-0.306532 0.0474686 -2.96307e-16)
(-0.157712 0.0858774 -3.19488e-16)
(-0.584514 0.771782 -1.72433e-17)
(0.38129 -0.497725 -3.83715e-17)
(0.179339 0.0878401 3.7357e-17)
(0.364392 1.04011 -8.84723e-19)
(0.47541 0.363297 -1.07086e-16)
(0.106022 0.0883651 -1.74726e-16)
(-0.442205 -0.115006 2.6039e-16)
(-1.09347 -1.02695 2.12042e-16)
(0.421862 0.525881 4.00066e-16)
(0.94582 1.50299 -1.49698e-16)
(0.790598 1.59107 -3.91999e-17)
(-0.230167 -0.682686 0)
(0.74309 1.54128 2.97238e-16)
(0.234609 -0.158258 4.18631e-17)
(0.856607 1.00916 -2.03186e-16)
(-0.329358 0.378593 -2.52679e-16)
(0.761949 1.50778 0)
(0.422829 1.18971 2.6451e-16)
(-0.747818 -1.68332 0)
(0.948284 0.371846 6.03158e-17)
(-1.1496 -1.98877 1.78756e-16)
(-0.616868 0.194862 0)
(0.0286561 -0.247994 -4.7886e-17)
(0.712356 0.255728 -3.30118e-16)
(-0.117796 0.333096 -8.8344e-17)
(0.098984 0.142689 -3.1789e-16)
(0.157301 1.04725 -4.32745e-19)
(-0.266536 0.721986 0)
(0.0190273 -0.194957 0)
(0.662872 0.0386523 -1.05617e-16)
(-0.0609951 0.710053 1.81958e-16)
(0.34175 0.0575316 2.98375e-18)
(0.559732 0.0591897 2.94691e-16)
(0.749151 0.000175838 3.35916e-16)
(0.535186 1.73812 -5.38343e-17)
(0.107563 0.792253 0)
(0.233357 0.338298 1.96053e-16)
(0.432309 -0.808594 -9.77236e-18)
(-0.612788 0.604987 0)
(0.348831 -0.399043 1.02812e-16)
(0.427141 1.0916 3.10881e-17)
(0.332078 0.145043 -3.14521e-17)
(0.61685 -0.188429 -2.45893e-16)
(0.0922257 -0.0939697 6.4479e-17)
(-2.96417 -0.574468 -5.97144e-16)
(-0.99298 -0.920732 -6.13045e-16)
(-0.0564298 -0.133383 0)
(0.00963867 -0.0591325 -4.48617e-17)
(-0.40981 -0.599983 -1.12155e-16)
(-4.20726 -1.02496 1.47012e-16)
(-0.677525 0.454721 -4.48561e-17)
(0.515609 -0.995954 -4.4829e-17)
(-3.891 -0.880829 2.70599e-16)
(0.252449 -0.766112 -1.43143e-16)
(-0.723841 -0.611638 0)
(-0.904203 0.221826 1.10511e-16)
(0.548171 -0.683116 -4.69899e-16)
(0.281668 -0.559551 5.70052e-17)
(-2.85774 -0.906589 -1.38699e-16)
(3.29749 0.473567 -3.2263e-17)
(-0.752873 -0.802887 -1.42329e-16)
(-0.808141 -0.0797651 -8.14784e-17)
(0.361006 -0.475187 8.40881e-17)
(0.245302 -0.580625 -3.88739e-17)
(-0.729399 2.42061 0)
(-0.344291 -0.902473 1.43784e-16)
(-3.80228 -1.19043 -1.66497e-18)
(0.104136 0.788204 1.48186e-16)
(0.127358 0.890412 -1.15833e-17)
(0.336914 1.2026 1.01386e-17)
(-1.19397 -0.440718 1.55461e-16)
(0.735443 -0.15124 1.0608e-17)
(-0.403593 2.27619 3.68399e-17)
(-0.0076885 2.84976 -3.589e-17)
(0.212743 -0.459201 4.12518e-17)
(-0.184893 2.21103 -8.33526e-17)
(2.92635 0.47633 2.39242e-16)
(0.507526 0.083674 -1.79816e-17)
(1.54295 1.16426 -2.83319e-16)
(0.674534 0.485099 -8.90327e-18)
(1.02211 1.50992 -3.4225e-16)
(-0.789668 -1.00833 0)
(1.23894 1.587 2.14951e-16)
(0.445068 -0.219306 6.8581e-17)
(0.117607 -0.415821 -5.78258e-18)
(1.22107 1.28235 -6.57939e-17)
(-0.849405 -0.448718 2.34504e-18)
(0.278434 -0.0961021 -8.69615e-17)
(0.703447 -0.0215411 -4.81335e-16)
(0.659163 -0.216828 -1.73255e-16)
(0.588841 -0.183579 8.17684e-16)
(-0.640871 -0.923587 4.37872e-17)
(0.0706152 1.46085 1.16245e-18)
(0.329955 0.520507 2.74368e-16)
(0.449527 1.11354 0)
(-0.240949 -0.704495 2.32951e-16)
(0.207784 1.63327 0)
(0.088911 1.36942 7.82855e-17)
(-0.182765 -0.341629 7.92053e-17)
(0.0696379 -0.426921 -4.56161e-17)
(-0.177719 -0.680245 3.05369e-16)
(-0.116552 1.47457 -3.96612e-17)
(0.830381 0.390381 -5.50711e-17)
(1.19329 0.758991 1.05862e-16)
(0.262891 -0.412977 0)
(0.170575 1.18854 0)
(1.58595 1.18872 1.36407e-16)
(0.303875 1.14823 -3.03799e-17)
(0.366146 -0.417638 -4.01474e-17)
(-0.1403 -0.585376 -3.89898e-16)
(0.208107 1.17574 3.87837e-17)
(-0.0405233 0.0296539 4.81743e-17)
(0.453414 1.3692 2.11921e-16)
(0.178435 0.624134 -1.33007e-16)
(1.04648 0.821156 8.72168e-17)
(0.38823 -0.564624 -4.39277e-17)
(-0.460328 -0.0439652 0)
(-0.726557 -1.66461 0)
(-0.33023 -0.475457 0)
(-1.18198 -0.652643 8.01516e-17)
(0.730582 0.0952788 2.47483e-16)
(1.87351 -0.385666 -6.54165e-18)
(0.272985 0.420998 7.94571e-17)
(-0.0722681 0.0915469 7.9965e-17)
(-0.147331 0.946428 -1.19114e-16)
(0.037288 1.05628 0)
(-0.658521 0.752741 -1.21596e-16)
(0.272076 -0.345781 -5.2732e-17)
(0.368579 0.450025 -1.25335e-16)
(0.867999 1.6663 -5.35202e-17)
(0.216312 -0.268079 4.64899e-16)
(0.257601 -0.57118 1.1577e-17)
(-0.149425 0.462488 8.1178e-17)
(-0.9991 -1.93509 0)
(2.44859 0.634052 -3.99305e-16)
(0.0777751 0.288402 -8.9115e-17)
(0.962379 -0.49706 0)
(0.483918 0.71808 4.02205e-17)
(1.38751 1.13971 -9.056e-18)
(-0.393839 -1.88914 1.71721e-17)
(2.06008 -0.116265 0)
(0.346417 0.890282 0)
(1.64101 1.40564 7.27628e-17)
(2.26007 1.11944 1.46084e-16)
(-0.206267 0.361889 -6.7521e-17)
(1.72048 1.42051 8.83654e-17)
(0.536201 0.175686 1.25365e-16)
(0.193937 -0.314588 0)
(1.46666 1.41693 -1.01589e-16)
(1.70679 1.48597 7.23777e-17)
(0.307529 -0.41541 -9.80437e-17)
(1.19909 0.362826 7.15388e-17)
(0.178509 1.08918 0)
(-0.13094 2.03447 1.92129e-16)
(1.37972 -0.409895 0)
(-2.39673 -2.20919 8.52726e-19)
(-1.33449 -1.04654 -1.53983e-16)
(-0.25367 0.197836 8.11531e-17)
(-0.230933 -1.7988 0)
(0.829263 0.102695 9.78282e-17)
(-0.304855 0.179443 -1.93355e-17)
(1.1121 0.245344 1.45772e-16)
(3.14522 0.840381 3.22221e-16)
(0.504725 0.058955 0)
(-0.889553 -0.684114 0)
(0.257227 0.16079 -7.82906e-17)
(0.350787 1.66173 -6.56854e-17)
(-0.152224 -0.290348 -1.0842e-17)
(-0.32037 -1.27613 0)
(-0.125271 1.56415 -1.39043e-16)
(-0.46411 -1.82838 1.19054e-16)
(-1.04491 -0.601201 -1.49996e-16)
(0.646637 0.28335 -3.16685e-16)
(0.054851 0.166433 3.7372e-16)
(0.168638 -0.189427 2.08324e-16)
(0.603205 1.92663 2.05294e-16)
(0.393264 1.10274 0)
(0.35281 -0.346145 -1.47782e-16)
(-0.923871 -0.252692 1.16115e-19)
(-0.268635 -2.06313 3.30786e-16)
(-0.125348 0.0302845 -1.11542e-17)
(-1.07141 -0.343708 6.47438e-17)
(0.431261 -0.356872 2.50103e-16)
(0.0426657 -0.30976 -3.64735e-16)
(0.097226 -0.00786544 0)
(0.184445 -0.232695 -1.89438e-16)
(-1.0664 -1.26133 -7.55353e-18)
(0.341984 1.6365 -4.27179e-16)
(0.38562 1.28139 -1.39958e-19)
(-0.803102 -0.170102 -1.64204e-16)
(0.412515 0.446025 -1.67686e-16)
(1.01403 -0.579347 -1.22292e-16)
(0.341702 -1.0252 -3.24835e-19)
(0.135817 -0.0295023 0)
(-0.237158 0.388174 0)
(1.48932 1.13006 -1.17348e-16)
(0.505485 0.0480011 -1.01983e-16)
(0.775507 0.665693 -4.58407e-17)
(0.927008 -0.602187 -7.79101e-17)
(0.17153 -0.504535 -1.22786e-16)
(1.28404 1.54681 0)
(-0.483721 -2.07597 -1.40241e-17)
(0.176877 0.0922767 -2.12229e-17)
(1.1271 0.0914536 1.90617e-17)
(0.17284 1.81951 6.16097e-17)
(-0.0551391 0.00537529 2.40418e-17)
(0.0254259 1.92318 0)
(0.0724317 -0.190985 8.53192e-18)
(-0.880318 -0.637203 -7.09756e-17)
(0.212247 0.364866 7.57853e-17)
(0.870292 -0.510567 0)
(0.188622 1.24334 -1.67739e-20)
(1.78755 -0.290567 -5.02968e-17)
(0.628997 1.23861 -1.93257e-16)
(0.290546 -0.148757 3.53785e-17)
(1.21648 1.11394 0)
(0.0575821 0.150927 -3.51818e-16)
(0.372157 1.61161 -2.6961e-16)
(-1.59455 -2.0339 1.26758e-16)
(0.810364 -0.337317 0)
(0.456996 0.395924 -3.83263e-17)
(-0.16185 -1.42943 0)
(0.0375936 -0.0109529 0)
(-0.0985511 0.890102 0)
(0.316274 -0.504621 -6.80516e-17)
(0.950818 1.01646 2.00905e-16)
(-1.12953 -0.703836 8.50879e-17)
(-0.276647 2.47562 6.21587e-16)
(0.746143 -0.117559 -4.58606e-17)
(-0.172391 0.08487 -2.75059e-18)
(0.0710145 0.874499 4.80149e-21)
(-0.223856 -0.753668 -6.20361e-18)
(1.94586 1.18253 -1.44376e-16)
(0.443125 -0.427332 1.26974e-16)
(-0.607448 -0.592519 1.03397e-16)
(0.204692 -0.126763 -1.09282e-16)
(1.62482 1.36517 1.22865e-16)
(0.436786 -0.229824 -3.90729e-16)
(0.0274389 -1.09235 0)
(0.160943 -0.163626 -8.25539e-18)
(0.696814 0.0946733 3.46262e-17)
(-0.151067 0.248816 8.97823e-17)
(0.531026 0.0091588 9.49567e-17)
(-0.146203 0.179603 1.49449e-16)
(-0.243712 0.0466869 -1.90136e-16)
(1.4584 0.0638601 -6.85872e-19)
(0.572905 -0.412397 1.9486e-20)
(0.0353419 -0.709727 0)
(-0.201055 0.491305 0)
(-0.176429 -0.711415 3.81741e-17)
(-0.849865 -0.144473 3.67943e-21)
(0.103045 0.502953 1.69961e-16)
(0.361572 0.0909556 0)
(0.215117 0.127165 1.2957e-16)
(0.456355 0.103619 0)
(0.119774 -0.137162 0)
(-1.35859 -0.922015 5.75436e-17)
(0.421878 -0.264039 -1.43988e-16)
(-0.454831 0.0450693 -4.17023e-17)
(-0.284782 1.30479 -3.27439e-17)
(0.245701 2.02814 6.71618e-17)
(0.675565 0.277368 -1.11963e-17)
(0.39865 0.665557 2.68012e-16)
(-0.0781997 -0.646075 1.07595e-16)
(0.176901 0.99677 -1.64928e-16)
(0.770548 0.689852 3.22462e-17)
(0.464796 0.581106 8.55187e-17)
(0.542981 -0.227451 -1.69761e-16)
(0.221902 -0.257352 9.40998e-17)
(-0.0515137 -0.202142 -2.12891e-16)
(1.42634 1.55784 1.9782e-16)
(0.280208 0.140218 -1.6279e-16)
(0.166656 0.218364 9.18839e-17)
(0.109938 0.977784 1.77302e-19)
(-0.140062 -0.440544 1.19837e-16)
(0.275614 2.53384 -2.05322e-17)
(0.0401477 0.0991925 0)
(-0.135053 -0.841604 0)
(1.58141 1.51445 -1.97292e-16)
(-0.860733 -0.410201 7.56533e-17)
(0.172004 0.479442 -1.62412e-16)
(-0.359347 0.107888 9.85826e-18)
(2.96094 0.296428 1.69802e-17)
(-0.891847 -0.395014 0)
(0.540894 0.396564 1.62029e-16)
(-0.061092 1.94018 0)
(0.259772 0.501414 0)
(-0.266107 -1.96561 -1.00271e-16)
(0.682607 0.458208 0)
(0.134102 0.0411995 -4.24963e-16)
(-0.0310095 1.78862 3.69765e-16)
(0.551214 0.436543 8.67031e-17)
(-0.240821 -0.0450217 -8.14294e-17)
(-0.14349 0.0718898 -8.11641e-17)
(-1.16579 -0.790435 -1.58082e-16)
(0.688263 -0.269112 -2.31288e-16)
(0.0452792 1.36269 1.48089e-16)
(0.848068 1.16678 -1.12704e-17)
(0.280778 1.49183 -2.51458e-16)
(2.46215 0.553046 -8.16166e-17)
(1.10145 0.612419 5.49281e-17)
(0.368789 2.04495 0)
(-0.258298 -0.707037 -2.17322e-16)
(0.343381 0.0326146 9.22071e-18)
(0.326091 0.0355811 -3.44745e-17)
(-0.904209 0.0467839 6.2685e-20)
(0.376664 0.0349904 -9.47272e-18)
(0.325247 0.0341037 0)
(-0.205417 -0.0922063 -2.50786e-16)
(-1.50934 -1.862 0)
(1.3059 -0.0774867 3.16472e-16)
(0.421855 0.0410523 -7.61606e-17)
(0.30459 0.00386464 0)
(0.0838535 0.641693 6.66765e-16)
(-0.0302238 2.14802 1.15955e-16)
(0.537296 -0.347348 -2.79917e-16)
(0.219876 0.168554 -3.86779e-16)
(0.59806 0.224836 2.33002e-17)
(0.266099 0.879954 0)
(0.903743 0.963839 2.04903e-16)
(-0.348553 0.151337 7.52633e-17)
(1.0821 0.0756376 1.29758e-16)
(-0.445021 0.277551 1.2519e-16)
(-0.158807 -0.538453 4.49437e-17)
(-0.101424 0.492754 3.82447e-17)
(0.0749648 1.8639 -5.32492e-20)
(-1.82295 -1.5243 -1.22225e-18)
(-0.0750664 0.183857 0)
(-0.0544079 0.554052 4.24734e-17)
(0.0533932 0.502356 0)
(0.76593 0.0691208 -8.98177e-20)
(0.835547 0.40002 -5.37666e-20)
(0.154052 -0.363974 4.95321e-17)
(-0.555716 0.274907 -1.17165e-16)
(0.789151 0.550803 0)
(-0.0139413 -0.427213 -6.36074e-17)
(0.0350436 0.470372 -3.34942e-16)
(0.907396 0.0700422 -2.68963e-16)
(-0.178398 0.207461 0)
(-0.57213 0.0448534 -2.21203e-20)
(0.261884 2.22531 -1.2611e-16)
(-2.44327 -0.472065 3.33111e-16)
(-1.00178 0.217424 4.85247e-16)
(0.398307 0.0976397 -4.15751e-16)
(0.0528065 -0.238896 -2.05955e-17)
(0.429178 -0.288407 1.7303e-16)
(0.236573 0.329617 -2.84221e-17)
(0.657177 0.784601 -1.51754e-16)
(0.165094 0.294325 1.09986e-20)
(-0.161826 -1.14571 9.90402e-17)
(-3.76467 -1.32545 4.62382e-16)
(0.183476 1.22021 -1.79709e-20)
(-0.248221 -0.0590868 0)
(-0.105652 0.153154 8.05814e-17)
(-0.0664169 -0.28573 5.43817e-20)
(0.367342 0.0369236 -1.06059e-16)
(-0.681833 0.211315 -7.68866e-17)
(0.216049 -0.267858 3.97512e-17)
(0.414639 0.542012 -2.76304e-16)
(0.0318052 1.35949 9.69264e-17)
(0.100628 0.823135 -7.48652e-17)
(0.677147 0.413472 1.35969e-16)
(-0.648898 0.0413186 1.86721e-16)
(0.217138 1.40069 2.50185e-16)
(-0.776211 1.03473 -1.71617e-16)
(0.283596 -0.745141 -4.00986e-16)
(0.165501 0.00824884 2.54191e-19)
(0.370874 -0.201799 -9.80891e-20)
(0.325061 0.930662 2.57143e-16)
(0.123419 0.990609 -2.22222e-16)
(-0.0231886 2.41776 0)
(-0.0851797 1.6581 2.22904e-16)
(-0.688141 0.0112726 -8.49743e-17)
(-0.56916 -0.0476848 3.50758e-17)
(0.120751 0.696474 2.27979e-17)
(-0.39977 0.0386131 3.80881e-17)
(0.581508 1.56395 1.10226e-16)
(1.64649 -0.396841 -8.52619e-17)
(-0.619935 0.362091 7.66841e-17)
(0.809356 1.89089 2.08443e-16)
(-3.34048 -1.67355 -2.82846e-16)
(-0.209007 0.0459022 -1.97254e-17)
(-0.579247 -0.19716 -3.06609e-16)
(0.560465 1.68527 0)
(0.0808918 1.5261 -5.67823e-17)
(-0.661069 -1.12746 1.90105e-19)
(-0.00472092 1.90433 -5.16755e-17)
(-0.551945 0.0267425 -3.68282e-17)
(-0.042438 1.58106 -2.11884e-16)
(-0.638591 -1.10265 5.64776e-17)
(-3.75894 -1.68199 -1.30606e-16)
(-0.160884 0.477614 -2.54714e-18)
(0.997251 1.3862 -5.95503e-17)
(0.0730759 -0.205013 8.26245e-17)
(1.37036 -0.0758076 0)
(1.49024 -0.0512469 0)
(0.144697 2.86797 -2.83029e-18)
(0.621567 -0.254362 -3.82929e-16)
(0.582461 -0.279889 2.113e-16)
(0.750071 -0.372113 0)
(0.255106 0.528561 0)
(-0.172187 -0.596994 -1.68384e-17)
(-0.363084 0.383109 -7.81907e-17)
(0.437502 -0.0771898 1.22458e-16)
(-0.855901 -0.184925 1.30273e-16)
(-0.0916043 0.201653 9.30594e-17)
(0.677419 1.53073 -7.01929e-16)
(-0.00630366 -0.477333 0)
(0.515573 1.02814 -8.73501e-17)
(0.847335 0.636599 -5.67615e-17)
(-0.23546 -0.266025 0)
(0.53743 -0.321119 -1.5375e-16)
(2.95679 1.12454 -1.75742e-16)
(0.87939 0.934634 5.82916e-16)
(0.558026 -0.00338036 -1.03603e-16)
(0.357104 -0.224121 -2.16305e-16)
(0.411054 0.797104 0)
(0.630952 1.09416 0)
(1.68167 1.4738 1.21409e-16)
(0.222805 -0.233251 -7.13867e-17)
(0.0808391 1.09725 1.66469e-16)
(0.128518 -0.558667 0)
(-0.122083 1.01362 7.64453e-17)
(0.157921 1.30621 2.16203e-19)
(0.287974 0.0694536 0)
(-0.024328 -0.538445 0)
(0.340889 -0.528849 4.52895e-17)
(-0.174362 -0.108924 0)
(-0.303476 0.182454 2.56077e-17)
(0.65006 0.063893 1.43649e-16)
(-1.18404 -0.998111 1.30934e-16)
(0.586829 -0.00769113 3.34607e-16)
(-1.34462 -0.116402 -9.81142e-17)
(-0.0877016 2.14654 -1.46265e-16)
(0.90627 0.255909 1.609e-16)
(-0.864893 -0.293244 0)
(0.032098 1.95448 -5.75865e-17)
(-0.707595 -0.0811199 1.63505e-16)
(0.126103 1.73182 0)
(-0.390665 0.214127 -1.32935e-16)
(-0.660191 -0.384541 0)
(0.547479 -0.0723797 -2.20535e-16)
(0.499639 1.64716 0)
(-1.22877 -0.810197 -1.59697e-16)
(-0.498044 0.0924702 4.26154e-18)
(0.659676 -0.34018 1.19279e-16)
(0.283343 1.72107 5.52966e-16)
(-0.505235 0.732376 0)
(-3.04135 -1.27192 1.20991e-18)
(1.15483 0.877088 1.62851e-16)
(0.222416 1.27143 -1.42715e-16)
(-0.478688 -0.0792535 3.54757e-17)
(0.348812 0.0145299 -1.36073e-16)
(0.0126578 -0.656919 1.5169e-16)
(0.102183 2.15717 3.08281e-17)
(-0.446374 0.0894815 4.64474e-18)
(0.0410643 1.96413 -4.06292e-16)
(0.801966 1.31655 -1.26638e-16)
(1.40608 1.39652 2.16513e-16)
(-0.822253 -0.317303 2.9895e-16)
(0.333559 -0.27498 -9.56616e-17)
(0.669362 -0.400106 -7.83605e-17)
(-0.340297 0.238904 -6.64918e-17)
(0.459653 0.275725 3.4215e-16)
(-0.635174 -0.212576 1.61552e-16)
(0.287887 -0.228949 1.07792e-16)
(0.191236 -0.202741 0)
(0.188464 -0.209847 0)
(0.200592 0.442496 -1.62707e-16)
(1.31519 0.309941 2.19874e-16)
(0.25519 2.61533 -2.12794e-17)
(-0.236172 -0.605209 -2.64085e-16)
(0.00426141 -0.655929 6.85433e-18)
(0.43825 -0.520447 -7.57201e-17)
(0.298454 1.9383 4.09045e-16)
(0.434818 -0.116797 9.57461e-17)
(0.631747 -0.498286 3.89398e-17)
(1.93893 -0.116114 0)
(0.906533 1.37482 1.20327e-16)
(0.56493 0.071334 0)
(0.571074 0.947463 0)
(0.208125 -0.111296 -3.64321e-18)
(1.05849 0.53067 0)
(1.40856 0.0608272 0)
(-0.0891003 -0.657061 0)
(0.0384083 0.0495148 0)
(1.33627 1.50445 -4.49188e-16)
(0.30157 1.95547 -1.63506e-16)
(-0.327796 1.28547 -1.19036e-16)
(0.44511 0.540208 -3.54139e-18)
(-0.681329 0.538745 -4.25069e-16)
(0.451919 1.15826 -3.17514e-16)
(1.24793 1.42889 2.52352e-16)
(-0.486495 1.11313 -4.69377e-16)
(0.0609984 1.15328 2.89276e-16)
(0.0687653 1.55676 5.66644e-17)
(0.252231 -0.333812 0)
(0.120946 -0.499642 0)
(-0.218243 -0.694294 2.11218e-16)
(-0.0730427 -0.0896928 8.43063e-16)
(0.333346 1.42227 2.53509e-16)
(-0.637904 0.62485 0)
(0.414147 0.0671419 0)
(1.72353 1.40135 1.51911e-16)
(-0.423019 0.0498391 2.07309e-17)
(-2.38774 -1.91775 -1.0642e-16)
(0.575834 -0.573543 -1.12736e-16)
(1.49467 1.42545 -2.53339e-16)
(-0.359253 0.0255912 -2.71262e-18)
(-0.00754892 0.277854 3.20697e-17)
(0.00546995 0.286932 -1.10844e-17)
(0.0880262 0.389753 0)
(0.0428233 0.320309 -4.6349e-17)
(-0.0720809 2.34496 0)
(-0.0470766 2.18865 0)
(-0.048295 2.446 0)
(-0.00041977 2.41649 0)
(-0.0164775 0.289428 0)
(0.0320144 2.3531 0)
(0.0438506 2.32967 0)
(-0.0111562 0.293155 -2.12607e-17)
(-0.00247199 0.283495 -2.07657e-17)
(0.0152085 0.254692 2.1159e-17)
(0.224603 2.65923 1.05192e-17)
(0.0365059 0.194413 1.10838e-17)
(0.032929 0.120288 2.847e-18)
(2.48821 1.63325 4.22742e-16)
(-0.0462592 -0.0772449 -8.85624e-17)
(1.31462 2.32621 0)
(0.461738 -0.0463999 0)
(0.0454648 2.29785 0)
(-0.971894 -0.668873 7.44656e-18)
(0.224142 -0.539848 0)
(0.316402 0.826157 1.22974e-17)
(0.0651523 2.0359 -6.03576e-17)
(-0.285632 0.0255355 -1.93968e-17)
(0.323348 1.36238 0)
(-0.033574 1.86525 1.37888e-16)
(0.291111 -0.362426 0)
(0.148591 0.0954973 -1.28891e-16)
(0.0444345 1.69321 -1.34093e-17)
(-0.132356 2.03083 -2.23459e-16)
(0.105457 1.01647 -2.33544e-16)
(0.514153 -0.504329 1.39843e-17)
(0.509382 -0.433105 1.91758e-16)
(0.0344486 1.59631 2.32924e-17)
(1.01976 0.15176 1.00992e-17)
(-1.13325 -0.465923 0)
(0.0475768 2.24015 0)
(0.193894 1.19871 1.91679e-17)
(0.346711 1.49486 -3.11328e-16)
(-0.122019 -1.31101 -9.19885e-17)
(-1.50395 -0.781375 5.40439e-16)
(-0.512201 0.346083 8.00489e-17)
(0.35102 -0.498707 -1.66943e-16)
(-0.175004 -0.0920005 -3.79086e-17)
(-0.652452 -0.298268 2.39465e-16)
(-1.37875 0.0665843 1.05635e-16)
(1.08746 -0.553785 1.9272e-16)
(0.587367 -0.445856 4.98778e-16)
(0.106609 2.61598 -8.90706e-17)
(0.625605 2.72636 -4.21088e-17)
(0.0542982 1.812 0)
(0.0549287 2.15258 -5.79292e-17)
(0.680547 1.64253 0)
(0.355051 -0.371609 0)
(0.0166607 1.31532 0)
(-0.756086 -2.00471 -3.4964e-16)
(0.655126 1.21695 9.73375e-17)
(-1.71786 -1.48562 3.4863e-17)
(0.0604579 1.92802 0)
(0.0604036 2.04249 5.73645e-17)
(0.0186796 0.978139 1.91525e-16)
(0.176318 -0.118608 9.24929e-17)
(1.30328 1.62031 -3.88848e-19)
(0.497695 1.51836 -5.10479e-16)
(0.168362 1.42816 -2.36521e-17)
(-2.93961 -1.31719 0)
(0.594526 1.13432 -5.40036e-17)
(-0.0393213 1.28683 -7.84025e-17)
(-0.335179 -0.144015 0)
(0.0107178 1.34482 6.19281e-17)
(0.0437442 1.41113 0)
(-0.233764 -0.532282 -1.53825e-16)
(0.535941 -0.0316088 -1.39431e-16)
(2.74788 0.35564 0)
(1.1405 -0.00423121 2.08784e-16)
(-1.40709 -0.541495 3.43412e-17)
(0.503981 0.0129578 1.92396e-16)
(0.798418 0.242594 2.67007e-16)
(1.77852 -0.430644 3.71779e-18)
(-0.00129545 1.84933 1.36778e-16)
(-1.91814 -0.456087 0)
(0.531981 0.701548 0)
(-1.28343 -0.803008 1.02038e-16)
(1.99098 0.779078 0)
(-0.428073 0.0961036 4.47775e-16)
(0.643579 0.212059 -2.67781e-17)
(-1.01509 -0.0844503 -6.11745e-16)
(-3.99276 -0.723535 -2.13265e-18)
(0.459277 -0.580545 3.14652e-16)
(0.286187 0.293112 -2.72216e-20)
(-0.764213 0.181001 0)
(1.82832 0.0957724 1.85121e-16)
(0.0300075 1.29783 2.00174e-16)
(1.16276 0.887213 -7.00347e-16)
(0.0617257 0.0161283 -3.20688e-16)
(0.372811 -0.0372525 -3.18033e-16)
(0.401419 -0.175044 -2.16827e-16)
(-0.120441 -0.934891 5.17954e-17)
(-2.50631 -0.902804 -1.08752e-16)
(0.322051 -0.0169849 2.01768e-17)
(0.415211 -0.659865 -6.25401e-17)
(-0.772944 0.571035 -8.26224e-18)
(0.57737 0.146892 0)
(-0.138438 2.29678 7.17179e-17)
(0.0663074 1.80409 -2.41884e-16)
(-0.0529084 -0.274861 9.70977e-18)
(0.616298 2.00074 -6.51272e-17)
(1.09318 -0.198706 -2.08563e-16)
(-1.50791 -0.395037 0)
(0.804639 -0.400145 8.11642e-17)
(0.164456 -0.218633 4.17948e-16)
(-0.170398 0.716585 -5.0203e-16)
(0.555433 0.0561732 0)
(0.0808378 -0.548132 0)
(-0.332523 -0.105865 -3.33052e-17)
(0.00464942 -0.304205 0)
(-0.249974 -0.649815 0)
(1.15169 1.42799 2.04842e-17)
(-0.60345 -1.08665 -1.68112e-16)
(0.0517922 1.94503 0)
(-0.615626 0.289574 7.44788e-17)
(0.0459558 -0.0326652 1.12704e-17)
(0.879625 -0.829207 2.14276e-16)
(-1.08088 0.245719 0)
(1.95865 -0.220089 5.15404e-17)
(-0.0590794 -1.76727 -2.8096e-16)
(1.79056 0.465032 0)
(2.17943 1.63914 0)
(0.512986 0.000439718 4.5447e-16)
(2.5116 0.0870905 -4.18084e-17)
(1.16002 -0.443836 -3.8924e-16)
(-1.39758 -0.11952 -1.23611e-16)
(0.104705 -1.26137 0)
(0.607341 -0.403155 0)
(2.23078 0.686287 7.83132e-17)
(-1.59368 -0.631438 0)
(0.459271 0.0863552 0)
(-0.306615 -0.0489337 0)
(-0.764604 0.785849 4.85238e-16)
(1.49596 0.109128 0)
(1.49299 0.0939233 -2.62559e-16)
(0.503759 1.37936 2.55694e-16)
(0.561971 0.615738 -3.18972e-17)
(2.48485 1.47114 -9.00387e-17)
(0.0732068 -1.18405 0)
(2.69073 1.37929 -1.52005e-17)
(-0.368487 0.149881 -2.92555e-17)
(0.17205 0.402817 -3.95818e-17)
(0.359882 0.662743 2.21964e-16)
(-0.208426 1.93429 -2.54727e-16)
(0.551539 -0.195855 3.70694e-17)
(-1.2878 -2.13536 6.71496e-17)
(0.0288721 1.21172 0)
(0.0955328 1.1622 -8.92146e-17)
(-0.10619 -0.0303773 0)
(0.170099 -0.169604 2.14449e-16)
(1.10777 2.91571 1.16427e-16)
(0.00048282 -0.361684 -2.65929e-16)
(0.0743464 1.35803 8.83002e-20)
(2.05972 0.0848958 3.15584e-18)
(0.479786 -0.249724 -1.71718e-16)
(1.50873 1.46958 2.501e-16)
(0.46657 -0.287972 2.91287e-16)
(0.647812 -0.0294588 -2.28115e-16)
(0.0380027 -0.113505 4.34404e-17)
(1.29264 0.0724234 0)
(1.9751 0.409195 -1.13055e-16)
(0.0270202 1.51786 0)
(0.16314 -0.179547 -2.6185e-16)
(0.0196105 2.12872 0)
(0.566176 -0.259384 -1.688e-16)
(0.234901 2.31161 -1.75084e-16)
(0.369357 0.9035 -1.52208e-19)
(-0.0122153 1.31028 -6.21594e-17)
(0.131014 1.19324 -2.49316e-18)
(-0.0332498 2.79969 -1.10824e-16)
(-0.733373 0.168259 -8.06281e-17)
(2.21774 0.340322 1.62785e-16)
(0.350208 0.0260162 0)
(-0.543533 -0.00960016 3.70825e-17)
(0.917431 0.922793 2.7815e-16)
(-0.500906 0.425868 -9.37876e-18)
(0.897344 -0.124014 6.68615e-20)
(0.0406473 -0.0375285 0)
(-0.868876 0.272703 3.59224e-16)
(-0.00339958 -0.169 -4.91553e-18)
(2.85327 0.0475362 5.24164e-18)
(0.154934 0.390509 -3.208e-16)
(-0.0452855 -0.0605087 -1.01115e-16)
(-0.216018 0.723643 -2.00521e-16)
(0.594438 -0.105289 3.80227e-18)
(1.54735 1.56076 0)
(-0.00803401 -0.0668285 -1.88022e-17)
(-0.56029 0.52733 1.45381e-17)
(0.228546 -0.421162 7.4799e-17)
(0.00542329 1.33928 3.28691e-17)
(-1.0028 -1.35964 0)
(0.189528 -0.195916 2.08087e-16)
(0.0201781 1.42428 -6.33254e-17)
(0.612155 0.100169 0)
(0.461078 -0.431562 -7.39216e-17)
(0.592367 -0.310006 2.12636e-16)
(0.156004 0.262074 1.15505e-16)
(-0.821703 -0.82165 0)
(0.0314214 -0.185383 -4.20509e-17)
(0.103021 2.93954 0)
(0.469497 1.62767 -4.19785e-16)
(0.267362 -0.0898508 0)
(0.163686 2.43931 0)
(0.0366393 1.33483 2.41204e-16)
(1.34658 -0.261697 0)
(0.141378 0.355468 -1.86212e-17)
(0.858174 0.153101 -9.47898e-18)
(0.581808 -0.356865 -1.4309e-16)
(0.511072 0.162355 7.84034e-17)
(-0.156577 -0.127182 0)
(0.220022 0.985259 -2.52596e-16)
(-0.953278 0.00267997 3.85487e-17)
(-0.430568 0.0844067 -2.96341e-17)
(1.63701 1.34993 -7.20359e-17)
(-2.15868 -1.04316 -1.67327e-16)
(2.7204 0.0746778 2.06916e-17)
(0.604052 0.902657 2.97127e-16)
(0.331572 1.48958 -7.89946e-17)
(-0.0513939 1.36791 7.80686e-17)
(0.0281007 1.01496 -5.8419e-18)
(-0.844165 0.275813 -2.28627e-18)
(0.361166 -0.2049 -1.28881e-17)
(0.0204995 1.31049 7.70593e-17)
(-0.580419 -0.370533 0)
(-2.1319 -1.36539 0)
(-0.9607 0.170921 0)
(0.000606615 1.3054 6.73966e-17)
(-0.943866 -0.546428 1.42857e-16)
(-4.26923 -0.696925 -2.64199e-16)
(0.144636 2.60795 2.61163e-18)
(0.032479 1.08778 -1.75002e-17)
(0.504935 -0.377715 -5.51356e-17)
(0.0745607 -0.104898 0)
(1.0959 0.465588 7.13206e-17)
(0.145507 2.11472 1.61587e-16)
(0.0547076 1.13311 0)
(1.34591 -0.0109029 0)
(0.0416988 -0.0859476 0)
(0.537668 -0.478596 -3.73212e-16)
(0.0616958 2.99897 0)
(1.05935 0.892403 -2.57066e-16)
(0.0456112 2.80017 -1.07729e-16)
(-0.133624 -0.362434 0)
(0.562473 -0.14827 -1.23986e-17)
(0.553437 1.27826 -3.61235e-17)
(-0.013317 1.34426 1.53662e-17)
(-0.14406 0.41502 4.46626e-17)
(-0.518198 -1.38757 2.10395e-16)
(0.483018 0.61585 0)
(1.74985 1.44339 0)
(-0.0429327 -0.129667 -3.33726e-23)
(0.237432 1.23264 8.76375e-16)
(0.540407 -0.0851032 -6.49785e-17)
(0.233198 -0.199236 0)
(-3.36358 -1.13178 3.48101e-16)
(0.558242 -0.264535 3.0526e-16)
(0.277052 0.941692 0)
(-0.74352 0.388552 -4.29077e-16)
(1.02696 -0.123325 6.35282e-20)
(-0.285547 -1.98512 1.92502e-16)
(0.199396 -0.201739 0)
(-0.648754 -1.7553 0)
(0.514944 0.0668381 -2.45106e-16)
(0.212228 -0.50759 -3.72728e-17)
(0.11783 -0.2238 -4.12311e-16)
(0.159101 2.82014 0)
(-0.535316 -2.08095 -1.20433e-16)
(1.92281 -0.272233 7.90931e-18)
(0.109433 2.23424 -2.13165e-16)
(1.23404 1.44531 1.01747e-16)
(-0.0429794 2.2305 1.21926e-16)
(0.0852997 1.32058 0)
(-0.684248 0.454034 6.22958e-17)
(-0.229005 1.58507 -1.09732e-16)
(0.08361 2.69358 -4.92743e-17)
(0.514568 -0.190097 5.06085e-16)
(0.198946 -0.179095 0)
(0.00475484 1.8362 -6.03896e-17)
(0.0154093 1.32924 -3.57477e-17)
(-1.22855 -1.9497 3.87061e-16)
(0.299856 0.952696 -3.69072e-16)
(-0.0572291 1.91096 -5.93936e-17)
(0.359058 -0.536226 8.31401e-17)
(-0.957219 0.426402 2.43381e-17)
(-0.161545 -0.139784 -3.14137e-21)
(0.540052 0.946341 -1.99777e-17)
(0.0870422 1.84725 -1.70138e-16)
(0.452787 -0.0961319 1.87657e-19)
(0.6563 -0.504595 0)
(-2.13369 -0.677499 4.68711e-17)
(0.153741 1.4667 -1.29908e-16)
(0.875783 -0.153244 2.60776e-16)
(-0.613575 0.548925 -3.48241e-16)
(0.155298 2.06352 1.8373e-16)
(-1.45552 -1.56439 -1.5344e-16)
(-0.396836 -1.97108 -2.87697e-16)
(1.60301 1.26275 -1.25819e-16)
(-0.264801 -1.79379 -1.19122e-16)
(0.15072 0.47209 0)
(-0.834751 0.145376 -1.87669e-17)
(0.269559 -0.0676047 1.68773e-17)
(0.471816 -0.271841 1.95363e-16)
(0.170442 -1.41446 6.39141e-17)
(-1.12805 -0.510789 -5.25857e-16)
(0.0703486 -0.617774 -7.15734e-17)
(-0.209592 0.539153 0)
(0.9101 0.523495 -1.61037e-16)
(0.301969 0.65126 7.04365e-17)
(0.024652 -0.354947 -3.80459e-20)
(-0.200497 1.32331 -1.3751e-16)
(0.746207 0.667027 8.34408e-17)
(0.339782 -0.168245 1.65527e-16)
(1.02273 0.256668 -5.12324e-16)
(0.516555 0.0219109 -1.0843e-16)
(-0.269647 -0.429684 -7.07167e-17)
(0.902261 0.35615 3.5175e-20)
(0.339273 2.09109 0)
(0.281215 0.49175 2.80675e-17)
(-0.32667 0.195603 -9.88407e-17)
(0.514373 0.382088 0)
(-0.0137574 1.92592 0)
(0.106123 0.446255 0)
(0.708856 -0.301035 0)
(1.38234 1.0552 -7.10847e-17)
(0.093934 0.272123 -4.83946e-16)
(0.595412 -0.035797 2.89166e-16)
(-2.08309 -2.13001 -1.69737e-16)
(-0.0885056 0.679476 5.39979e-16)
(-1.05992 -0.242397 0)
(0.532951 0.053829 0)
(1.50541 -0.368301 2.55543e-16)
(1.42765 0.609931 0)
(-0.103828 -0.524243 -5.70769e-17)
(0.189439 -1.45808 -2.08004e-16)
(0.565921 1.10615 4.51516e-16)
(-0.13419 -0.0673696 -6.41978e-17)
(1.17136 0.219862 1.672e-16)
(-0.551467 -0.101666 -1.06919e-17)
(0.0950122 2.09945 1.36771e-16)
(-0.261277 2.39774 -2.49607e-16)
(0.169285 2.66742 -7.24216e-18)
(-0.0204128 0.447643 9.42653e-17)
(2.48685 0.386197 0)
(-1.98958 -1.87962 0)
(-0.0975459 0.461192 0)
(1.1493 -0.216219 3.35391e-16)
(-1.18291 -0.30947 1.3848e-16)
(-0.360732 0.626977 0)
(0.420909 2.14504 0)
(-0.0125217 -0.292625 0)
(0.840451 1.92194 1.00508e-16)
(0.263645 1.46472 -8.54074e-17)
(1.37348 1.21662 -1.14859e-16)
(-0.822385 0.279859 -1.74353e-16)
(0.318932 0.0137397 0)
(0.0724903 1.88485 0)
(0.253955 -0.188569 -3.74098e-17)
(0.0375157 1.06765 -2.20344e-16)
(0.555809 -0.452842 -7.36727e-17)
(-0.809878 0.635153 4.96836e-16)
(0.227423 -0.013821 -2.96039e-17)
(0.198219 -0.566858 1.10261e-17)
(1.77422 1.70662 -1.22582e-16)
(-0.115343 2.88134 0)
(0.20543 1.98015 -4.761e-17)
(-0.00745506 1.29647 1.29149e-19)
(0.568544 -0.0424571 1.21626e-16)
(0.755382 1.47745 4.74568e-19)
(0.945746 -0.00466534 -2.64836e-16)
(-0.186305 1.16318 1.5135e-16)
(0.0181353 -0.144393 -5.20278e-20)
(-1.48822 -0.906471 1.36027e-16)
(0.0599005 -0.110256 1.96007e-16)
(-0.390486 0.920709 3.00111e-16)
(0.154857 1.446 4.66079e-16)
(1.93931 0.0435284 -1.89067e-16)
(1.53842 2.26812 -2.16788e-16)
(0.495083 -0.298448 -5.59693e-16)
(0.320965 0.713047 -1.113e-17)
(-0.273784 -0.071713 3.19007e-16)
(-0.189836 -0.642569 4.4642e-16)
(0.431747 1.42969 -3.25328e-16)
(0.26794 2.16811 1.56202e-16)
(-1.76719 -1.3547 1.79392e-16)
(0.31181 -0.353981 6.67104e-17)
(-1.06219 0.295331 -2.26033e-16)
(0.0247302 0.799006 -6.38005e-16)
(0.48072 0.0490836 7.92055e-17)
(0.349147 -0.20132 2.78598e-16)
(1.41113 0.0345725 1.47477e-16)
(-1.04344 -0.274635 -3.25453e-16)
(0.0791508 2.03801 1.52639e-16)
(0.126375 2.58919 0)
(0.222028 0.227587 8.14724e-20)
(0.0169202 1.3201 -1.90313e-17)
(1.45495 -0.316782 5.05825e-16)
(-1.71713 -0.327822 -1.59735e-16)
(1.1558 -0.110053 1.36619e-16)
(0.496495 -0.0521239 2.76976e-18)
(-0.166478 -0.211026 5.41462e-17)
(1.29341 0.146117 0)
(-0.733421 -0.135797 1.78166e-16)
(1.16065 1.13959 -3.38329e-16)
(0.0857465 1.16847 7.55344e-17)
(1.35066 0.978948 0)
(1.49473 -0.103425 -3.96196e-16)
(-1.45231 -0.401474 3.09155e-16)
(0.0671997 0.229691 3.01233e-16)
(0.431455 -0.458032 4.15478e-17)
(-0.302288 0.882339 1.33207e-16)
(0.14014 -0.308133 0)
(0.525645 0.147385 0)
(0.647705 -0.509533 -8.36092e-17)
(-1.23914 0.191617 1.91002e-17)
(0.0136802 1.6762 -1.07563e-16)
(1.07555 -0.1336 -3.98309e-16)
(0.671548 -0.0267892 0)
(0.12573 2.90392 0)
(-0.317324 -0.386546 1.85701e-17)
(0.0827412 -0.414122 -4.19509e-17)
(-0.452281 -1.00719 7.87402e-17)
(0.0172494 -0.251517 0)
(0.124161 -0.159695 -3.36197e-16)
(-0.650499 0.658946 4.10919e-16)
(0.681424 -0.880003 2.171e-17)
(-0.833473 0.440317 3.29008e-17)
(0.651586 -0.0982549 -1.47951e-16)
(0.772904 -0.364725 1.60815e-16)
(1.14085 0.140266 -1.00941e-16)
(1.46124 1.24745 -3.0873e-16)
(1.02777 0.308259 -1.98244e-16)
(-0.486154 -0.0218015 1.91854e-16)
(1.22995 -0.213526 -5.70948e-17)
(1.51376 0.797691 1.27203e-16)
(0.927224 0.211446 1.24405e-16)
(0.527412 -0.252076 4.18521e-20)
(0.334091 0.941902 2.19392e-16)
(0.117482 0.625991 -1.7821e-18)
(0.194996 1.60688 -3.97862e-17)
(1.59209 0.563211 -6.30552e-17)
(0.501205 -0.141995 6.75558e-17)
(1.10197 0.268721 -9.65624e-17)
(2.08583 -0.0232242 5.87293e-17)
(-0.23906 2.21088 0)
(0.952008 0.134913 2.68812e-16)
(-0.0782408 0.0856094 -1.94747e-16)
(0.577066 -0.272662 1.34604e-16)
(0.483589 0.0531386 6.14442e-16)
(0.540891 0.708376 1.01657e-16)
(-0.654219 0.361906 -2.63016e-17)
(0.00426856 1.67832 -1.63309e-16)
(0.628331 -0.0320585 4.87468e-17)
(1.80329 1.12703 -2.5549e-18)
(3.3256 0.349275 0)
(-1.85161 -1.88218 1.85253e-16)
(0.667536 -0.760102 8.65453e-17)
(-1.068 0.318331 2.68432e-17)
(-0.0457238 1.26638 -3.2671e-16)
(0.578314 -0.00409479 -6.17211e-16)
(0.8341 0.197093 0)
(0.199067 1.86225 9.55982e-17)
(0.788354 0.170037 -1.29525e-16)
(0.115854 0.74421 -2.78668e-17)
(0.0824176 1.75257 0)
(0.195405 2.66101 -5.29281e-17)
(0.598481 -0.295019 -1.27094e-16)
(-0.0172062 2.99975 -1.04986e-16)
(0.274115 1.17379 -1.38293e-16)
(0.49416 -0.192609 -2.60081e-16)
(-0.726213 2.1209 4.9823e-17)
(-0.93306 -1.78913 1.22198e-16)
(0.360821 0.799294 0)
(-3.4243 -0.31757 -1.18872e-16)
(0.408341 0.696595 2.68671e-16)
(-0.764323 0.336334 1.63854e-16)
(0.167374 1.67898 -3.45835e-16)
(2.01765 0.0316578 7.04626e-17)
(0.35045 1.76543 -5.29862e-16)
(0.491766 1.52438 -5.59957e-16)
(0.136564 0.505692 -9.78536e-18)
(0.396128 0.451426 1.94515e-16)
(-0.779321 0.083608 1.90398e-16)
(0.0383436 2.99 0)
(0.169294 2.55961 1.17739e-17)
(-0.278397 0.344502 3.80145e-17)
(0.108911 1.22168 4.06294e-17)
(-0.0879629 2.89436 -5.18987e-17)
(0.167275 2.75618 0)
(-0.340292 1.62918 1.93802e-16)
(0.0635337 1.36409 -1.30101e-16)
(0.676733 -0.490068 0)
(-0.546728 1.45828 -9.15916e-17)
(0.00786515 2.87165 3.42486e-16)
(3.12876 0.212768 0)
(0.132707 0.21607 0)
(0.096913 1.46367 0)
(0.178028 1.86208 1.48168e-16)
(0.900416 -0.225316 9.59857e-17)
(1.45069 0.282418 -1.20418e-19)
(1.56626 0.315988 -5.9698e-17)
(1.70776 0.25357 1.85369e-16)
(-0.117011 -0.499457 -1.687e-16)
(0.315522 1.36206 6.11015e-16)
(0.532669 -0.022878 5.2808e-16)
(0.412577 -0.377087 -5.7507e-17)
(-1.37294 -0.411609 -1.42493e-16)
(-1.78651 -0.920087 -1.46417e-16)
(0.0987758 1.67344 -1.13736e-16)
(0.769922 0.265958 3.59458e-17)
(-1.542 -0.613984 1.34221e-16)
(0.874293 -0.332467 6.06053e-17)
(-1.26619 -0.415061 0)
(-2.75872 -0.128852 2.06331e-16)
(-3.57408 -0.696019 -5.24921e-16)
(-0.34598 -0.161264 5.84376e-17)
(-0.0125167 0.0272552 0)
(-0.374276 0.330711 0)
(0.607378 0.504433 1.96968e-16)
)
;

boundaryField
{
    frontAndBack
    {
        type            empty;
    }
    wallOuter
    {
        type            noSlip;
    }
    inlet
    {
        type            fixedValue;
        value           nonuniform 0();
    }
    outlet
    {
        type            zeroGradient;
    }
    wallInner
    {
        type            noSlip;
    }
    procBoundary2to0
    {
        type            processor;
        value           nonuniform List<vector> 
42
(
(-3.38783 -2.52289 8.95336e-19)
(-3.38783 -2.52289 8.95336e-19)
(-0.281975 1.17606 -1.93666e-16)
(-0.0997237 1.93596 1.32546e-16)
(-0.859463 1.12537 0)
(-3.66241 -2.3055 8.52835e-17)
(-0.40766 0.825836 3.93343e-16)
(-0.40766 0.825836 3.93343e-16)
(-0.655927 0.901398 -1.30142e-16)
(-0.475206 0.567656 1.58824e-16)
(-1.26905 0.709275 -1.30554e-16)
(-1.26905 0.709275 -1.30554e-16)
(-1.12554 1.11304 1.91229e-16)
(-1.72616 -0.0196326 -6.74521e-17)
(-2.17003 -0.84705 6.41048e-17)
(-3.52873 -2.00901 4.44926e-17)
(-2.03221 -1.7164 1.88545e-16)
(-0.445424 0.504956 -2.65168e-17)
(-0.537855 0.682184 3.15193e-20)
(-1.00742 -0.10871 -2.64371e-18)
(-1.79218 -0.646102 1.84479e-16)
(-0.598083 0.37236 -1.45028e-16)
(-0.598083 0.37236 -1.45028e-16)
(-2.09989 -0.948057 -1.05941e-16)
(-1.79218 -0.646102 1.84479e-16)
(-0.411933 -0.129752 -2.78401e-16)
(-3.13368 -1.25686 0)
(-0.49163 -0.462879 3.64725e-18)
(-3.13368 -1.25686 0)
(-3.52718 -2.64877 -1.84658e-16)
(-2.79895 -2.21746 -3.26153e-16)
(-0.590783 -0.63626 -7.56066e-17)
(-0.701425 -0.563776 7.59324e-17)
(-0.794469 -0.33983 -7.6417e-17)
(-0.842568 -0.098988 8.29724e-17)
(-0.0997237 1.93596 1.32546e-16)
(-2.03221 -1.7164 1.88545e-16)
(-0.034428 2.16853 -8.67237e-17)
(-3.17742 -1.54385 -3.411e-17)
(-0.65109 0.427783 1.64743e-16)
(-0.65109 0.427783 1.64743e-16)
(-0.79966 0.155617 -1.14171e-16)
)
;
    }
    procBoundary2to1
    {
        type            processor;
        value           uniform (-1.88874 -0.0931487 3.94423e-16);
    }
    procBoundary2to3
    {
        type            processor;
        value           nonuniform List<vector> 
29
(
(-0.720779 -0.846814 -3.147e-16)
(-1.02942 -1.21622 1.15688e-16)
(-0.465779 0.275884 -8.84574e-17)
(1.60672 0.134496 -2.02407e-16)
(-3.67945 -0.321192 -1.58255e-16)
(-1.3929 -0.22052 -7.88567e-17)
(-1.2077 0.138054 1.15167e-16)
(-1.51261 -0.940518 6.30539e-17)
(0.266578 0.699492 -4.22447e-16)
(0.920061 0.483618 2.32115e-16)
(-1.83116 -0.634653 8.14707e-17)
(-4.94128 -0.53571 -1.80423e-16)
(-0.694267 -0.286345 -1.83863e-16)
(1.97658 0.281698 -1.58636e-16)
(3.45045 0.2622 -1.15399e-17)
(-0.485931 0.193524 -8.96064e-17)
(-0.710727 0.970359 -8.58052e-17)
(-0.710727 0.970359 -8.58052e-17)
(-1.02942 -1.21622 1.15688e-16)
(1.97658 0.281698 -1.58636e-16)
(3.42313 0.367327 -3.13901e-17)
(-1.08104 0.912238 3.3828e-16)
(2.94032 -0.00357276 5.34707e-18)
(0.0952983 0.852563 -2.1486e-16)
(3.28069 0.125755 3.81288e-17)
(-1.11453 0.697025 1.13076e-19)
(0.266578 0.699492 -4.22447e-16)
(-3.06199 -0.0920459 4.14083e-17)
(-4.94128 -0.53571 -1.80423e-16)
)
;
    }
}


// ************************************************************************* //
