/*--------------------------------*- C++ -*----------------------------------*\
| =========                 |                                                 |
| \\      /  F ield         | OpenFOAM: The Open Source CFD Toolbox           |
|  \\    /   O peration     | Version:  v1912                                 |
|   \\  /    A nd           | Website:  www.openfoam.com                      |
|    \\/     M anipulation  |                                                 |
\*---------------------------------------------------------------------------*/
FoamFile
{
    version     2.0;
    format      ascii;
    class       volVectorField;
    location    "0.01";
    object      U;
}
// * * * * * * * * * * * * * * * * * * * * * * * * * * * * * * * * * * * * * //

dimensions      [0 1 -1 0 0 0 0];


internalField   nonuniform List<vector> 
1466
(
(0.00207028 1.48691 0)
(-0.0641475 2.41362 -8.82374e-17)
(0.307571 0.126381 -1.28798e-16)
(0.146035 1.51215 1.18591e-16)
(0.936555 0.125442 -5.05242e-16)
(0.731416 0.11665 -4.08154e-16)
(1.52166 -0.6757 1.948e-16)
(1.15772 0.0265876 3.35383e-16)
(0.910765 1.95373 1.17126e-16)
(2.05461 -0.0425241 5.18181e-16)
(-0.506498 0.310078 -1.32203e-16)
(2.10679 0.649793 1.13949e-16)
(0.0286407 0.0260678 7.71173e-18)
(0.430199 0.411658 -1.07718e-16)
(0.411025 0.0415808 -2.15548e-18)
(0.0525295 0.837726 1.16596e-21)
(-0.287226 -0.0983272 5.5519e-17)
(0.11172 1.93026 -1.1182e-16)
(0.744378 0.447377 -1.39113e-16)
(0.029429 0.857927 0)
(0.429572 0.031066 1.18511e-16)
(1.40689 0.10198 -2.57925e-16)
(1.76163 -0.060929 0)
(0.0713434 2.45188 5.53813e-17)
(0.405202 0.313253 -1.51571e-16)
(0.545967 0.430575 1.46188e-16)
(0.560286 0.737279 1.62054e-16)
(1.63277 0.113039 2.33609e-16)
(1.47056 -0.118942 0)
(0.826486 -0.0377757 3.28852e-16)
(1.02838 0.194271 0)
(0.847763 0.207796 6.76206e-16)
(1.48997 0.113424 -2.32981e-16)
(1.46799 -0.107556 -8.00383e-17)
(-0.352403 1.35172 0)
(0.42394 0.04002 2.24782e-17)
(0.482308 0.0150897 -2.8596e-21)
(0.455985 0.0210521 0)
(0.407619 0.849885 -4.76034e-16)
(1.48909 -0.0888082 2.3141e-16)
(2.16391 0.380821 -1.21068e-16)
(1.16462 0.332349 -1.41786e-16)
(1.0968 1.70467 -3.29027e-16)
(1.2613 0.15536 1.87903e-18)
(1.87709 0.127783 0)
(1.51549 1.76607 3.41657e-19)
(0.444588 0.0238342 -1.39423e-16)
(0.129864 1.6241 7.85687e-17)
(1.08857 0.384591 -2.02518e-16)
(0.420845 0.0361848 -6.68563e-17)
(0.37811 0.0956024 0)
(1.83641 -0.102881 -2.2028e-16)
(0.911341 0.0931043 3.2968e-16)
(0.717007 0.0907751 3.72494e-16)
(1.29795 0.212397 2.9673e-16)
(1.03325 0.863933 -1.01474e-16)
(0.451267 0.0206598 0)
(0.175334 1.41909 2.34274e-16)
(1.12707 0.133511 1.06602e-17)
(0.922436 0.81345 0)
(0.0279051 0.867069 -1.92155e-18)
(0.680775 -0.188374 8.10119e-17)
(0.984477 0.0341065 1.10357e-16)
(0.815825 0.0544191 -3.95378e-16)
(-0.173757 2.12064 1.54176e-16)
(0.00402929 0.826155 -3.07116e-17)
(1.18944 0.925586 -3.00945e-17)
(0.436335 0.0300469 -1.54614e-16)
(0.00471203 1.71765 -1.00755e-17)
(1.30897 0.130787 0)
(0.410027 0.132899 0)
(0.128338 1.56315 -5.0343e-17)
(0.486772 0.0335605 -4.38208e-16)
(0.411479 1.16454 -1.71146e-16)
(0.465782 -0.0255562 2.98328e-17)
(1.89656 0.0411519 -1.41173e-16)
(0.501797 1.39828 3.90997e-17)
(0.103033 1.75213 1.43536e-16)
(1.68207 -0.0742367 0)
(0.838402 0.895583 0)
(0.398705 0.0480244 -2.79318e-17)
(0.389734 0.950656 1.75621e-16)
(0.426795 0.0224797 0)
(1.00766 0.40711 1.27347e-18)
(0.502242 0.0508343 1.5306e-16)
(0.406443 0.0698936 -7.64677e-17)
(0.526169 0.0450825 -2.06142e-16)
(-0.188622 1.8957 1.11154e-16)
(0.0509955 0.761384 -3.07679e-17)
(0.243383 1.33459 5.21871e-18)
(0.208849 1.20623 8.77066e-17)
(0.392407 0.037888 0)
(0.685955 0.954532 -5.10697e-17)
(0.0881671 1.69982 1.56359e-16)
(0.399641 0.0791803 0)
(0.419623 0.00454794 -1.59975e-16)
(0.237191 2.58859 4.66757e-16)
(1.29646 0.159996 0)
(0.691746 1.94696 1.12391e-16)
(0.135951 1.08781 -1.39545e-16)
(1.21247 -0.219494 0)
(1.64948 0.309939 -7.30092e-17)
(0.230553 0.161063 3.49653e-16)
(0.318135 2.13508 -1.11615e-16)
(0.440537 0.0203081 0)
(1.21868 1.85731 -2.03565e-16)
(0.442527 0.0297752 1.40331e-16)
(0.432981 0.0200882 -6.12969e-18)
(0.41278 1.96757 4.03937e-17)
(0.353121 0.149688 5.58443e-18)
(0.978496 0.112926 1.44707e-17)
(0.583985 0.128339 3.79715e-16)
(0.691689 0.233618 -2.85275e-16)
(0.464413 0.0197336 2.38055e-20)
(0.0298397 0.075101 -1.5545e-17)
(0.39323 2.10414 0)
(0.439229 1.03163 -6.32479e-17)
(0.459325 0.721897 4.77453e-16)
(0.392316 1.43089 2.57191e-17)
(0.359222 1.45129 -3.43534e-16)
(0.431114 -0.00863916 1.49787e-16)
(-0.126418 1.55711 0)
(0.706474 0.435234 -5.65926e-17)
(-0.464201 1.9713 -5.79964e-17)
(-0.0753584 0.75861 2.44604e-16)
(0.535851 1.09352 -9.26015e-17)
(0.15013 0.123593 2.19089e-17)
(0.845159 2.56379 0)
(0.640271 0.947335 4.90508e-17)
(0.568187 1.65569 -2.45016e-16)
(0.839884 0.41369 9.03301e-17)
(0.429271 1.69367 -2.96729e-20)
(-0.107678 0.93092 1.79433e-17)
(1.37248 1.04327 -4.69871e-17)
(0.351065 0.0739843 -8.57253e-18)
(0.762402 0.943538 1.23571e-16)
(1.26036 0.328212 0)
(0.539751 0.0713742 0)
(1.89799 0.0571185 2.68755e-17)
(0.705069 1.81886 6.28052e-17)
(1.60043 -0.0909828 -7.10359e-17)
(0.412314 0.0316947 -1.25973e-16)
(0.631085 1.00578 5.59351e-17)
(0.755176 0.993536 -3.53515e-16)
(1.88696 0.0542863 1.05857e-16)
(-0.287474 0.261109 0)
(-1.26716 0.707235 0)
(0.971399 1.51797 0)
(1.21686 1.18408 5.23021e-17)
(0.494141 0.0397978 2.03006e-16)
(0.587166 0.95161 -1.12667e-16)
(0.208547 0.112268 3.51395e-18)
(0.0800703 1.28178 9.90131e-17)
(0.147145 2.65703 -1.63219e-17)
(0.216579 1.02077 -1.5464e-16)
(-0.142779 0.487859 -6.74798e-17)
(0.13658 1.67483 -2.7787e-16)
(0.833186 1.63925 1.54552e-16)
(0.779372 0.869146 -5.52327e-17)
(0.672872 1.27313 0)
(1.74475 0.235343 8.59047e-17)
(0.131478 0.916659 -1.95523e-17)
(0.138701 2.24411 2.08312e-16)
(0.426068 -0.00375318 1.46017e-16)
(1.53777 0.35456 -3.7619e-18)
(0.715865 0.967969 1.63256e-19)
(0.575882 1.61333 0)
(-0.881525 0.400166 6.96818e-17)
(-0.00271461 0.906441 3.95383e-18)
(0.703799 0.908589 2.6931e-16)
(0.39912 0.0432868 2.04479e-16)
(0.385548 0.112832 2.02041e-16)
(0.158675 0.178649 0)
(0.824975 1.28778 6.63561e-17)
(0.736964 0.475712 -6.0646e-16)
(-0.200069 2.45431 1.30123e-16)
(1.42007 0.367173 1.20612e-16)
(0.764122 0.852209 -1.81386e-17)
(0.402206 0.025533 -1.10537e-16)
(0.712733 0.909256 1.77352e-17)
(0.0324888 1.82496 -1.48687e-16)
(0.444068 0.0199149 1.73596e-16)
(0.764995 0.52308 -2.27899e-16)
(-0.0214517 0.806521 -4.29647e-16)
(-0.384751 2.2117 -2.79266e-16)
(0.636673 0.504125 4.49848e-16)
(0.435938 0.0164887 0)
(0.24611 2.14786 0)
(0.427866 0.0288319 -4.18777e-17)
(0.362025 2.49526 0)
(-0.475403 2.49509 0)
(-0.163424 0.811741 9.89249e-17)
(0.017314 0.823509 1.67937e-17)
(-0.080395 2.16106 -5.81652e-17)
(0.425728 0.0271212 -1.98176e-20)
(0.187828 1.61601 0)
(1.89217 0.0544622 -3.56751e-17)
(0.360121 0.0857065 -1.14093e-17)
(0.384712 0.109194 -1.09456e-17)
(0.389819 0.179446 -5.13619e-18)
(0.385999 0.787757 -8.09135e-17)
(0.428102 0.490648 2.40025e-16)
(0.4376 0.0188131 -5.06571e-17)
(-0.047508 0.871331 1.9937e-16)
(0.221885 0.163221 0)
(1.05583 0.485181 2.70942e-16)
(0.438948 0.0154188 1.32233e-16)
(2.03854 1.59727 9.09679e-17)
(0.414878 0.0578801 4.04661e-17)
(0.329087 0.0134295 9.03467e-18)
(0.335834 0.0659334 4.48327e-17)
(0.531777 0.995831 -8.31416e-20)
(0.541188 0.546057 -8.43386e-17)
(0.477347 0.0623084 4.3508e-20)
(0.558544 1.62465 -5.78766e-17)
(0.431743 0.0215265 2.16371e-17)
(0.424659 0.55005 -6.42955e-17)
(0.48173 0.0198434 0)
(0.207833 0.89724 0)
(0.333084 1.33655 -4.56094e-20)
(-0.157222 1.99547 1.20107e-16)
(-0.0804749 1.40864 0)
(0.0501145 0.890199 4.86645e-17)
(0.444766 0.0352881 3.11268e-17)
(0.666333 1.16821 -3.6229e-17)
(0.493762 0.0738602 0)
(0.455614 0.205446 6.56676e-17)
(0.190212 0.588116 1.00057e-16)
(0.45191 -0.00524898 2.136e-18)
(0.682045 1.62723 -3.04117e-16)
(0.529758 0.150809 2.16428e-16)
(0.195557 1.79914 0)
(0.173804 0.735567 -1.05857e-16)
(0.800902 0.199692 -1.03763e-19)
(0.41881 0.0312521 0)
(0.27836 0.142484 0)
(0.807014 0.277635 0)
(1.18467 0.0608262 -4.46113e-16)
(0.752606 0.352077 -8.57577e-17)
(0.347343 0.23982 0)
(0.853466 1.77543 1.22109e-16)
(0.708811 0.434988 2.42792e-16)
(0.361567 0.0516904 -2.97395e-17)
(1.31155 0.349535 -5.80933e-16)
(1.29689 0.444991 0)
(0.451737 0.0279704 -1.32008e-16)
(0.609026 0.094075 -4.13454e-19)
(0.425045 0.0289767 2.57435e-16)
(0.482094 0.0294132 0)
(0.442904 0.0275842 -4.10605e-18)
(0.251636 0.887638 -6.10395e-16)
(0.781707 1.66145 -7.63429e-17)
(0.957839 0.487371 -1.01479e-16)
(-0.103918 1.50466 3.61589e-16)
(0.0590171 0.592593 0)
(0.923778 1.6237 1.2238e-16)
(0.417832 0.125854 -1.02843e-17)
(0.523453 1.61121 -5.23005e-17)
(0.367633 1.9925 1.04382e-16)
(2.04556 0.0217262 -8.33407e-17)
(0.522515 0.112569 5.61648e-20)
(0.531822 0.0514649 2.22113e-16)
(0.970064 1.83923 -3.40586e-19)
(0.380474 1.16087 -1.91244e-17)
(0.399522 0.0855508 -1.81744e-16)
(0.406925 0.0106531 -2.14806e-16)
(0.823009 2.21262 7.79688e-17)
(0.444261 0.505968 1.39068e-19)
(0.438225 0.294905 -5.24861e-17)
(0.249671 1.47481 -4.34048e-17)
(1.32161 1.15853 -7.47535e-17)
(-0.0880205 1.77278 4.56775e-17)
(0.564893 0.167488 2.3558e-17)
(0.464896 0.132079 2.4516e-18)
(0.460708 0.0279165 -3.21702e-16)
(1.11519 0.16757 4.65153e-17)
(-0.548083 1.18093 1.04459e-16)
(-0.0767969 0.453193 0)
(1.07884 2.0732 -3.91284e-18)
(1.17116 0.465145 1.58217e-16)
(0.324773 0.118293 2.32297e-17)
(0.465313 0.0295979 0)
(0.43435 0.0277808 1.78587e-20)
(0.144364 0.0733596 3.71848e-18)
(0.369043 0.115991 -7.42927e-17)
(0.639499 0.135157 -7.3696e-17)
(0.321621 0.984011 0)
(0.291739 0.0550453 0)
(0.0889134 1.56722 2.34821e-16)
(0.884787 1.27824 9.21093e-17)
(0.454511 0.0888269 -1.70138e-16)
(0.696976 2.26487 -3.80704e-17)
(0.324513 1.18007 -3.2753e-17)
(1.98185 -0.0308143 0)
(0.83364 0.545832 -1.36732e-16)
(0.232994 0.628861 0)
(0.139146 2.3144 6.28236e-17)
(0.45742 2.08589 -3.66987e-19)
(0.417753 0.706081 0)
(0.700794 0.0804016 -1.63223e-16)
(0.235693 0.663504 -4.63238e-17)
(0.318096 1.25185 3.27575e-16)
(0.106444 0.325977 -3.07284e-17)
(0.438244 1.0881 6.03896e-17)
(0.363133 0.0528493 2.08825e-16)
(0.295762 0.156219 -3.18458e-16)
(0.230477 0.34478 -1.32268e-16)
(0.883409 0.339593 -9.86779e-17)
(0.141673 0.0234209 3.83865e-18)
(0.609176 2.02654 2.15206e-16)
(0.642754 1.71292 2.57725e-16)
(0.417459 0.0527817 3.14969e-17)
(0.273073 0.407769 -1.04049e-16)
(1.39159 1.53632 -1.56986e-16)
(0.895147 0.457514 4.93344e-17)
(0.519052 0.302252 -1.85911e-17)
(0.597706 0.530987 6.78253e-21)
(0.611893 0.202265 1.41864e-16)
(1.95272 0.00947967 0)
(0.197649 0.0672518 -2.96336e-17)
(0.437518 0.0887382 -2.49174e-17)
(0.799206 1.00095 -1.3023e-16)
(0.670667 0.580076 4.34488e-16)
(0.264626 -0.000882458 -1.33952e-16)
(0.141345 0.0604517 1.37252e-16)
(0.432904 -0.00157012 -9.45468e-17)
(0.290752 0.01754 1.57449e-17)
(0.331205 -0.0185302 0)
(0.0336323 0.04564 0)
(0.342795 0.0315623 -1.15631e-16)
(0.388982 -0.0264103 0)
(0.385197 -0.0347021 2.81423e-16)
(0.241416 0.0308876 1.49248e-17)
(0.233085 0.0104035 0)
(0.256509 0.0111669 -9.25642e-18)
(0.325087 -0.0208671 0)
(0.649615 0.109933 -3.38627e-17)
(0.741058 0.214798 -9.0491e-17)
(0.897808 0.155773 -1.1174e-17)
(0.385631 0.0412922 1.17773e-16)
(0.453497 -0.0127564 0)
(0.428428 -0.0222696 -2.09477e-16)
(0.488568 -0.00610135 0)
(0.36604 0.00576737 0)
(0.390247 -0.026391 -1.0071e-16)
(0.504393 0.0556759 0)
(0.554559 -0.0155234 -6.46843e-17)
(0.47397 -0.0270742 6.39876e-17)
(0.147484 0.805201 7.55713e-17)
(0.149469 1.7883 -2.56545e-16)
(0.915182 0.572564 3.97642e-17)
(0.513855 0.16999 4.09771e-16)
(1.02521 0.588066 -3.98568e-17)
(0.911628 0.242995 -3.0746e-16)
(0.903298 0.263943 1.7698e-16)
(0.525415 0.436778 -3.44226e-18)
(0.590659 0.799875 -3.28894e-16)
(0.0180255 2.03053 2.44643e-16)
(0.620923 1.8797 8.74115e-19)
(0.191267 0.751142 -1.51434e-16)
(0.184042 1.32251 0)
(0.917189 0.962285 1.34884e-16)
(0.729061 0.996799 1.43133e-16)
(0.150712 0.0590454 -2.08573e-16)
(0.254052 1.44228 2.40833e-17)
(0.371852 -0.00777177 0)
(0.332309 0.0106154 -1.62464e-17)
(0.178333 0.0372003 -1.09231e-17)
(0.442207 -0.0412029 9.81499e-17)
(0.49545 -0.0284305 0)
(0.440209 0.043486 1.42066e-17)
(0.500816 -0.0110125 -6.50513e-17)
(0.617622 0.00127106 -1.96279e-16)
(0.363516 -0.0332386 0)
(0.248611 -0.0208751 -3.33401e-16)
(0.336484 -0.0174885 0)
(0.461224 -0.00129002 6.51104e-17)
(0.423519 1.96219 -7.29356e-18)
(0.510296 0.102953 2.83101e-16)
(0.0263077 0.585678 -1.50162e-16)
(0.593032 0.109887 1.98186e-17)
(0.818728 1.61336 -1.7409e-17)
(0.521836 1.10912 -5.8112e-18)
(0.380735 0.049556 -6.48897e-17)
(0.566434 1.30172 -1.54008e-17)
(0.16022 1.06184 3.00176e-16)
(0.317518 0.0779091 7.8114e-17)
(0.328614 0.266279 0)
(0.688266 0.300085 0)
(0.458287 1.3788 0)
(0.602961 1.21313 2.4536e-16)
(0.493635 1.74405 0)
(0.583356 1.05015 8.96701e-18)
(0.434095 2.12217 5.51762e-17)
(0.194465 0.0196231 -3.09503e-17)
(0.402532 0.0765462 -6.36206e-17)
(0.663107 0.981958 1.27702e-18)
(0.544151 0.144627 -1.00338e-16)
(0.437048 0.0238005 -7.73617e-17)
(0.838426 0.169571 3.5576e-17)
(1.23493 0.301072 2.59423e-17)
(0.20111 0.120419 -3.07616e-18)
(0.601077 0.935856 -1.30179e-16)
(0.539707 0.180757 -1.99389e-17)
(1.96914 0.058022 0)
(0.373638 0.0766436 2.26469e-16)
(0.72599 1.06003 -9.70443e-17)
(0.376454 1.84121 -2.16663e-16)
(0.374315 0.0319712 -7.78105e-17)
(0.391644 0.081606 -8.3554e-17)
(0.351276 0.178563 1.69343e-17)
(0.526005 0.856843 -2.55191e-16)
(0.0432421 0.526983 3.99717e-17)
(0.198216 2.11203 2.55842e-17)
(0.455747 2.01658 -3.64378e-17)
(0.63507 1.06702 1.08492e-16)
(0.725595 1.07904 -2.38777e-17)
(0.518733 1.52705 4.25067e-20)
(0.735391 1.15752 0)
(0.627357 1.07031 0)
(0.523279 1.43802 5.20865e-16)
(0.512548 1.22133 5.96891e-17)
(1.42317 0.264362 -1.12951e-16)
(1.6223 0.19171 3.99401e-16)
(1.51272 0.349154 -2.45369e-16)
(1.6037 0.421182 5.23767e-16)
(1.53705 0.122255 -1.15529e-16)
(1.5185 0.184193 -3.09213e-16)
(1.75125 0.160457 -2.08703e-16)
(1.98563 0.220252 -2.16944e-16)
(0.425652 0.350607 -1.69255e-17)
(0.420216 0.205414 -3.34806e-17)
(0.716495 1.10843 2.88076e-17)
(0.863368 2.22965 6.56834e-19)
(-0.191161 2.16228 -8.35042e-17)
(0.675015 2.15665 -1.32621e-16)
(0.361099 2.01995 2.22206e-16)
(1.15975 0.0628536 1.78666e-16)
(0.699224 1.90918 3.22769e-16)
(0.615581 1.67417 -1.39103e-16)
(1.22311 2.15671 -3.44332e-17)
(0.960297 1.22459 0)
(1.54316 2.32488 2.62238e-16)
(0.210505 1.94743 3.19928e-17)
(0.56929 1.76835 -1.80064e-16)
(0.328611 1.92883 -2.04548e-16)
(0.577269 1.69774 0)
(0.539666 1.69313 2.64941e-16)
(0.530883 2.05873 0)
(0.436602 1.57647 5.20925e-17)
(0.46221 2.0853 1.99551e-16)
(0.438409 1.90735 0)
(-0.0793603 2.02855 -3.47759e-17)
(0.624878 1.37136 -2.73599e-16)
(0.229972 2.05383 -7.07332e-17)
(1.26977 2.00599 -2.14273e-16)
(0.488253 1.7311 6.58436e-20)
(0.418098 1.79969 0)
(0.749697 1.87429 0)
(0.37737 1.59963 -8.8081e-17)
(0.237562 1.95747 1.4947e-16)
(0.67708 1.2067 2.29453e-18)
(0.639303 1.25415 2.43469e-16)
(0.453347 1.4816 2.80455e-16)
(0.786132 2.82274 -4.78897e-17)
(-0.157758 1.77139 0)
(0.592494 2.26755 1.53151e-16)
(0.414971 0.163376 -9.07721e-18)
(0.428824 0.260613 0)
(-0.0773696 1.35727 7.75835e-17)
(0.547127 2.56709 2.6314e-17)
(0.391663 2.07911 -2.40692e-17)
(0.377864 1.48914 -2.0682e-16)
(0.423577 2.29494 4.52617e-17)
(0.873198 0.223746 -8.46867e-16)
(0.985249 0.140926 -5.39831e-16)
(0.0170595 1.26487 0)
(-0.137956 1.16772 -3.24401e-17)
(0.933804 0.441028 -9.58589e-17)
(0.632476 0.618091 2.34412e-16)
(0.424314 0.194942 -4.25594e-17)
(0.40712 0.1333 -4.22328e-17)
(0.855388 0.410016 4.30472e-16)
(0.412055 0.0630569 -1.31104e-16)
(1.1425 0.341918 0)
(0.445103 0.113858 1.05545e-16)
(0.430131 0.0603093 -4.1657e-16)
(0.367623 0.0917188 5.0564e-17)
(1.07255 0.584559 -1.9848e-16)
(1.93993 0.0531858 -3.92227e-17)
(1.28217 0.51975 -1.3151e-16)
(0.41834 0.142905 -7.47332e-17)
(0.395282 0.0984061 7.40825e-17)
(0.368266 0.0946959 -3.43625e-17)
(0.348094 0.616578 0)
(1.00867 0.641008 1.29899e-16)
(0.81252 0.862652 3.1891e-19)
(0.157362 2.08254 1.22077e-16)
(-0.219896 1.50771 -9.51899e-18)
(0.141475 1.63016 8.72124e-18)
(0.409369 0.116046 1.55121e-16)
(0.395138 0.0653452 9.60147e-18)
(0.17513 1.02823 3.67479e-17)
(0.469404 1.08476 -3.85748e-17)
(0.369922 0.113137 3.55726e-17)
(0.734171 0.906439 -1.03044e-16)
(1.90013 0.0213906 2.56429e-16)
(0.325343 1.76676 -1.46424e-17)
(0.53621 1.65709 -3.04258e-16)
(0.437085 1.81818 -7.55973e-18)
(0.597886 1.70796 -3.26006e-16)
(1.25922 0.840638 0)
(0.571345 1.70057 2.05749e-16)
(0.27791 1.65445 5.53159e-17)
(-0.0438629 1.69267 -4.36379e-18)
(0.525149 1.6863 -6.39577e-17)
(0.430697 0.119323 2.23649e-18)
(0.406456 0.0689427 -7.32637e-17)
(0.527583 1.3888 -4.0115e-16)
(0.435749 1.43467 -1.42694e-16)
(0.539468 1.32083 6.71604e-16)
(0.392305 2.08254 4.12501e-17)
(-0.19988 2.42835 1.00034e-18)
(0.124348 2.34721 2.16055e-16)
(0.296944 2.35351 0)
(0.298267 1.2492 1.85641e-16)
(-0.0049968 2.76216 0)
(-0.153374 2.19742 6.73775e-17)
(0.0624841 0.798104 6.13367e-17)
(0.345208 0.10647 -3.87035e-17)
(0.376977 0.076384 2.70237e-16)
(0.701915 0.987422 -3.70369e-17)
(0.400894 1.66992 -4.82518e-17)
(0.428353 1.62663 9.99963e-17)
(0.181887 1.70995 0)
(0.0836555 2.1596 0)
(1.73392 0.392259 1.3864e-16)
(0.262762 2.5963 -2.57629e-17)
(0.409955 0.0476978 -3.40332e-17)
(0.0600769 1.03838 -3.10165e-16)
(0.11986 2.36969 3.32024e-17)
(0.239597 2.17226 3.68565e-17)
(0.492146 1.74401 2.18637e-16)
(0.20895 2.1991 -1.06531e-16)
(0.45562 1.70123 8.13663e-17)
(0.0429331 1.56322 -3.50055e-17)
(0.397269 0.0051107 0)
(0.417254 2.14638 0)
(0.398209 2.13901 0)
(0.399921 0.141245 8.01871e-17)
(0.390828 0.0776857 2.19921e-16)
(0.436367 0.00202014 -7.10527e-18)
(0.364372 2.3381 6.09002e-17)
(0.676356 1.02719 6.15565e-17)
(0.701024 0.977865 -1.04345e-16)
(0.456599 1.76878 0)
(0.555058 0.34788 -1.16658e-16)
(0.49139 0.203136 -4.34527e-17)
(0.716572 1.18881 -1.03956e-16)
(0.507949 1.6379 -5.20434e-17)
(0.225952 0.113518 3.95312e-16)
(0.373979 0.685419 9.26859e-18)
(0.689061 0.989578 6.70414e-17)
(0.477985 2.18597 0)
(1.94267 0.0545536 -3.8149e-16)
(0.828776 0.773418 -7.22166e-17)
(0.446938 0.0480706 0)
(0.241402 0.217321 3.8454e-17)
(0.47958 1.6875 -9.33763e-18)
(0.431526 2.17319 1.74457e-17)
(0.423454 0.0279549 0)
(0.337237 1.1432 0)
(0.520128 1.72769 8.19767e-17)
(1.86058 0.186045 1.56731e-16)
(1.16263 0.662075 -5.21229e-17)
(0.581545 1.66873 1.07623e-16)
(0.44576 2.2724 9.06643e-17)
(0.366255 0.157883 0)
(0.503732 1.69028 -1.10838e-16)
(0.52628 1.67778 8.4342e-17)
(0.53194 0.626261 -7.69019e-17)
(0.353366 0.0135763 7.38008e-17)
(0.859999 1.10148 0)
(0.671219 0.921761 2.06699e-16)
(0.47696 0.0271873 0)
(0.487948 2.07366 -4.72093e-20)
(1.28351 1.29696 -1.45968e-16)
(0.427471 0.0805421 6.8551e-17)
(0.475412 2.14494 0)
(0.376731 1.67763 8.83087e-17)
(-0.446454 0.368104 -1.58628e-17)
(0.0299401 0.112976 1.32578e-16)
(1.94981 0.0731354 3.37054e-16)
(0.301598 0.170845 0)
(0.435996 0.149779 0)
(0.406894 0.0846923 -6.57309e-17)
(1.02637 1.07095 -6.16696e-17)
(0.605812 0.87207 -8.686e-18)
(0.394929 2.10646 0)
(0.714688 0.959955 -1.32652e-16)
(0.551455 2.08095 1.18788e-16)
(0.383633 0.194953 -1.45273e-16)
(0.378061 0.101853 -2.84117e-16)
(0.389838 0.412757 3.05746e-16)
(0.507205 0.267415 1.65398e-16)
(1.5474 1.35129 2.04144e-16)
(0.825511 1.18034 0)
(0.244935 0.195335 -1.28614e-16)
(0.509524 1.99487 1.07902e-20)
(0.415578 2.18008 3.49609e-16)
(0.657484 0.886533 -8.79607e-18)
(0.517574 2.53207 5.6671e-17)
(0.408426 1.51683 2.11289e-16)
(0.21405 1.98897 -2.86604e-16)
(0.10005 0.256616 0)
(0.362767 0.219923 -1.56239e-16)
(0.41231 2.09772 -7.51312e-18)
(0.275232 0.720784 -4.35985e-16)
(-0.226341 1.44429 -4.1655e-19)
(0.35461 0.440863 -1.44339e-16)
(0.342768 0.213841 -1.46977e-16)
(0.441711 0.00707032 -1.14472e-16)
(-0.0166686 1.67061 -2.65814e-19)
(0.80488 0.643812 0)
(0.441813 0.109222 0)
(0.566763 1.64304 -1.12044e-16)
(0.972921 0.159934 -7.87868e-17)
(0.30427 0.0651839 -4.49215e-17)
(0.440331 0.0244414 -7.36506e-17)
(0.506085 2.22247 -9.34874e-17)
(0.764814 1.84789 0)
(0.462566 2.19648 -1.39432e-17)
(0.369731 0.204229 -1.76011e-17)
(-0.251933 0.228057 1.73604e-17)
(0.828349 1.10262 5.81166e-17)
(0.700159 0.825059 1.85524e-17)
(0.720541 1.05717 0)
(0.332263 2.26736 6.34241e-18)
(0.448961 0.207637 -6.71167e-17)
(0.408173 0.114069 6.48421e-17)
(0.438984 0.0233837 0)
(0.0607019 2.02862 -9.62507e-20)
(0.44378 0.0204745 -5.31579e-17)
(0.671405 1.49877 -1.71821e-16)
(0.111132 0.12784 3.00519e-17)
(1.5859 0.499958 0)
(0.423006 0.23062 -2.87591e-16)
(0.291161 1.63353 -2.63012e-16)
(0.479349 2.22909 1.32017e-16)
(0.438869 0.0233249 0)
(0.273829 0.0761704 -3.57898e-17)
(0.523575 2.13315 0)
(0.745242 0.747847 0)
(0.323029 1.84699 0)
(0.427821 0.915754 -5.67887e-17)
(0.679165 2.05827 1.87353e-16)
(0.920909 1.65315 7.99348e-17)
(0.742611 0.804882 7.79859e-16)
(0.437624 0.0253458 -4.05555e-17)
(0.389913 0.15433 -2.25857e-18)
(0.082089 0.81077 7.81258e-21)
(0.373467 2.21023 -5.2786e-18)
(1.83002 0.26933 -1.5074e-16)
(0.231119 1.87977 9.34871e-17)
(0.744231 1.52945 8.96871e-17)
(0.537982 2.29843 -7.59861e-17)
(0.599905 1.74237 1.26341e-16)
(0.593817 0.367046 -3.14122e-16)
(0.433609 2.12448 0)
(0.729951 0.608966 -6.43058e-18)
(0.436288 0.0317234 3.02864e-17)
(0.727711 0.258157 7.39893e-17)
(0.827831 0.119917 7.35321e-17)
(0.472382 0.333513 1.22078e-16)
(-0.0661531 0.150255 -1.57836e-16)
(0.173388 0.0371476 -4.36598e-20)
(0.255817 1.67071 1.33346e-19)
(0.420145 2.23233 0)
(0.467666 0.159554 0)
(0.253651 1.02936 3.12045e-17)
(0.539853 0.47995 -5.46542e-21)
(0.416309 0.247965 1.43459e-16)
(0.479426 -0.038298 0)
(0.333721 0.300914 1.10284e-16)
(1.02233 0.304156 0)
(0.261072 0.0758782 0)
(1.66063 0.932257 5.29324e-17)
(0.168224 0.309399 -1.23366e-16)
(0.360717 -0.079928 -3.4618e-17)
(0.242667 2.18622 -3.13493e-17)
(0.153989 0.93369 7.31169e-17)
(0.43528 0.0416301 -1.00632e-17)
(0.83526 1.58659 2.17228e-16)
(0.730106 1.03699 8.7778e-17)
(0.886958 1.91407 -1.52825e-16)
(0.428866 0.0850622 3.08435e-17)
(1.14957 0.588327 7.51865e-17)
(0.515519 0.268899 -1.41481e-16)
(0.677354 0.611543 7.06314e-17)
(0.648943 1.04322 -1.63979e-16)
(0.509278 1.71559 2.04759e-16)
(0.27885 0.376545 -1.39351e-16)
(0.888987 0.688011 7.33908e-17)
(0.139172 2.00113 5.92525e-20)
(0.594246 1.02378 9.75412e-17)
(0.0743803 1.43039 -2.21285e-17)
(0.695159 1.05207 0)
(0.546956 2.15123 0)
(0.512428 1.71822 -2.38027e-16)
(0.476151 0.3057 6.84977e-17)
(0.412468 0.162979 -1.38627e-16)
(0.435806 -0.0304332 8.02026e-18)
(1.93733 0.0225676 1.80195e-17)
(0.367897 0.288103 0)
(0.362993 0.144285 1.44725e-16)
(0.123145 1.86783 0)
(0.987793 0.711354 0)
(0.437548 2.19133 -1.05744e-16)
(0.433062 0.0571463 0)
(0.408071 0.818583 -3.26769e-16)
(0.763343 1.03038 4.2161e-16)
(0.706969 1.28006 7.35325e-17)
(0.422852 0.0644805 -6.6664e-17)
(0.666956 1.00356 -6.32925e-17)
(0.453691 2.02343 -1.54292e-16)
(0.467896 0.123954 -1.95934e-16)
(0.830411 1.06274 1.51953e-16)
(0.30505 0.1879 -1.18083e-17)
(-0.0189289 1.84305 -2.25885e-16)
(1.81652 0.0687713 -8.68473e-17)
(0.460197 1.66715 5.60678e-17)
(-0.0848897 1.27172 0)
(0.496152 1.12605 -1.78917e-16)
(0.870496 0.0175328 6.84654e-18)
(0.795849 -0.0120379 -2.5786e-17)
(0.614937 1.83397 8.2464e-21)
(0.95756 0.0316757 -7.02164e-18)
(0.767789 -0.0163348 0)
(1.01661 0.333861 -1.90579e-16)
(0.462526 2.07518 0)
(-0.0158336 0.105062 3.00101e-16)
(1.04495 0.0269371 -5.62431e-17)
(0.694858 0.0136755 0)
(-0.108941 0.809409 5.63217e-16)
(-0.130211 1.72671 1.2116e-16)
(-0.134226 0.757335 -2.31037e-16)
(0.259442 -0.014692 -3.1338e-16)
(0.103344 0.421359 2.06998e-17)
(-0.336858 2.05013 0)
(1.42742 0.549247 1.92509e-16)
(0.871916 0.295859 6.07509e-17)
(1.57422 -0.0688412 1.03402e-16)
(0.508263 0.030161 1.0509e-16)
(0.555764 0.86977 3.61155e-17)
(0.70529 1.02281 3.10036e-17)
(0.612762 2.29147 -2.42985e-19)
(0.478277 1.97622 4.94869e-19)
(0.589768 1.66665 0)
(0.775216 0.809793 3.42553e-17)
(0.532372 0.129099 0)
(1.40978 -0.0323173 -3.37377e-19)
(-0.177768 0.45764 -8.04213e-21)
(0.599382 0.686633 3.82127e-17)
(-0.255068 0.747566 -9.96342e-17)
(0.0577776 0.3049 0)
(0.505676 1.4559 -5.35216e-17)
(2.39505 0.678883 -2.25298e-16)
(1.49428 -0.0509081 -2.08539e-16)
(0.639783 0.482752 0)
(0.538161 0.0622169 -3.10213e-20)
(1.18854 0.965351 -1.4151e-16)
(0.339553 0.371512 4.53632e-16)
(0.580559 -0.0923149 4.08875e-16)
(0.471664 -0.0361965 -3.29868e-16)
(0.670847 0.730796 -1.57881e-17)
(0.468829 0.427003 1.39545e-16)
(0.169866 0.239192 -2.47336e-17)
(1.28321 0.572385 -1.38313e-16)
(0.24688 0.0610884 -4.33662e-21)
(0.675519 0.780597 9.01736e-17)
(0.575724 1.13754 6.59541e-16)
(0.104605 1.92907 -3.62008e-20)
(0.0839969 0.0268435 0)
(0.24769 0.0114478 6.45118e-17)
(0.641711 0.80381 -9.09131e-21)
(0.946547 0.400963 -7.98114e-17)
(0.444837 0.066726 -6.80869e-17)
(0.41085 0.0194599 3.22153e-17)
(-0.606874 1.15173 -2.23471e-16)
(0.0905983 0.817179 8.75065e-17)
(0.696157 0.666783 -6.47122e-17)
(0.250138 0.256811 1.2162e-16)
(0.140093 0.5615 1.6092e-16)
(-0.321968 0.830176 2.25527e-16)
(-1.40246 1.79052 -1.42833e-16)
(0.197912 1.46661 -3.59052e-16)
(-0.105411 2.0589 5.80643e-19)
(0.118439 0.15127 -2.94361e-21)
(1.30722 0.323244 2.092e-16)
(-0.0495437 0.860231 -1.87522e-16)
(-0.0373541 2.00102 0)
(0.729542 0.925288 2.30682e-16)
(0.420427 0.0547513 -7.37471e-17)
(0.46921 0.0585018 2.9918e-17)
(0.448821 0.826674 1.9334e-17)
(0.206506 -0.0479145 3.13064e-17)
(0.49066 1.67662 1.14627e-16)
(0.445695 -0.00775502 -9.52867e-17)
(0.475758 0.0935953 6.84667e-17)
(1.27593 1.66534 1.89889e-16)
(0.532429 1.62881 -3.46031e-16)
(0.431432 -0.0333113 -1.55344e-17)
(0.43668 -0.00973172 -2.6682e-16)
(0.450802 1.5775 0)
(0.0582494 0.915772 -5.60465e-17)
(0.976918 1.03239 -9.44955e-20)
(-0.0327962 1.69605 -4.85241e-17)
(0.466147 -0.0141106 -3.0887e-17)
(0.143909 2.61676 -1.79964e-16)
(0.881778 1.33826 5.11828e-17)
(0.84642 1.42117 -1.74614e-16)
(0.517683 0.251892 -2.16693e-18)
(0.815041 1.51788 -5.90978e-17)
(0.647463 1.05312 6.36163e-17)
(0.41948 -0.034554 0)
(0.431634 -0.0290624 0)
(0.208593 2.15887 -2.95966e-18)
(0.429257 0.174599 -3.19826e-16)
(0.286269 0.261858 1.82879e-16)
(0.332239 0.0720927 0)
(0.461797 0.0851326 0)
(0.627903 1.11371 -1.36653e-17)
(0.59978 0.174661 -6.63345e-17)
(0.1667 0.0120696 1.03506e-16)
(0.384296 0.072571 1.16926e-16)
(1.07235 0.295097 7.02099e-17)
(1.59904 1.93098 -6.03668e-16)
(0.572742 0.772813 0)
(0.595115 0.238455 -8.41358e-17)
(1.94384 0.430663 -4.67389e-17)
(1.21924 0.248242 0)
(0.383282 0.36774 -1.28433e-16)
(1.97316 0.112318 -1.7048e-16)
(0.526222 1.68141 5.67605e-16)
(0.757279 0.102036 -8.14611e-17)
(0.612039 1.12822 -1.73651e-16)
(1.11054 0.728019 0)
(1.25649 0.742058 0)
(0.632574 1.6963 1.2501e-16)
(0.609921 1.08109 -5.68255e-17)
(0.211514 1.87687 1.46833e-16)
(0.475449 0.727682 0)
(0.713967 0.972274 6.70919e-17)
(0.30433 1.7679 3.56783e-21)
(0.462467 -0.0245389 0)
(0.356271 0.0889676 0)
(0.52318 1.02301 3.78463e-17)
(0.296167 -0.0210718 0)
(1.37662 0.574202 1.9074e-17)
(1.32169 -0.00983386 1.07584e-16)
(1.05908 1.52091 1.30847e-16)
(0.70503 0.0666094 2.69817e-16)
(0.363715 1.83911 -9.8787e-17)
(0.0209761 2.61281 -1.39917e-16)
(0.330436 0.0952332 1.48094e-16)
(0.287342 0.217204 0)
(-0.0540528 1.60713 -5.50709e-17)
(0.443282 -0.00864422 1.41799e-16)
(0.934147 1.00179 0)
(0.784197 0.0149893 -1.08475e-16)
(0.423619 0.0440007 0)
(0.167893 0.045732 -1.87571e-16)
(0.34543 1.47515 0)
(1.45369 0.1583 -1.48533e-16)
(0.632719 0.0302476 3.56887e-18)
(0.422653 0.0733805 1.03524e-16)
(0.285729 0.798748 6.09701e-16)
(0.427976 1.83213 0)
(0.288842 1.35843 2.69675e-19)
(0.595633 1.51531 1.50293e-16)
(0.449711 0.72248 -1.38321e-16)
(0.440676 0.105034 3.01026e-17)
(-0.346884 0.672643 -1.09354e-16)
(0.344997 0.0908147 1.35412e-16)
(-0.0101625 1.50935 3.18195e-17)
(0.927519 -0.0150853 3.74128e-18)
(0.198171 2.57514 -3.84565e-16)
(0.92626 2.13455 -1.13953e-16)
(0.6612 1.64939 2.34823e-16)
(0.844532 0.329493 2.49438e-16)
(0.588595 0.51141 -7.32097e-17)
(0.431904 0.0342178 -6.95713e-17)
(0.557692 0.00701195 -5.34353e-17)
(0.338847 0.0268492 3.11598e-16)
(0.39777 0.0381952 1.45751e-16)
(0.254237 2.38435 7.58891e-17)
(0.422194 0.289643 0)
(0.422539 0.405179 0)
(0.525669 1.01793 -1.3254e-16)
(1.64857 0.176231 2.00373e-16)
(0.176278 1.48003 -2.30901e-17)
(0.407013 0.066601 -2.24442e-16)
(0.322601 0.839067 5.37038e-18)
(0.158182 1.51462 -6.26246e-17)
(0.998277 1.08831 4.3104e-16)
(0.203214 -0.0524187 8.03595e-17)
(0.441458 0.0373733 3.42953e-17)
(0.425525 -0.00202206 0)
(1.4367 0.749736 1.16088e-16)
(0.192346 0.30181 0)
(0.265727 0.281817 0)
(0.473175 0.11743 -2.93495e-18)
(0.423366 1.79259 0)
(0.415973 0.0040777 0)
(0.440095 0.848504 0)
(0.0223306 0.527624 0)
(2.46514 0.264495 -3.8875e-16)
(0.105037 0.833314 -1.64483e-16)
(0.0912575 2.03114 -1.09448e-16)
(0.263559 0.096943 -3.33896e-18)
(0.088987 1.26561 -3.71112e-16)
(0.187223 0.49807 -3.06502e-16)
(0.51974 1.71533 2.43019e-16)
(0.52078 1.46723 -4.78864e-16)
(0.403854 1.75231 2.71096e-16)
(-0.00228476 0.893422 5.64706e-17)
(0.4379 0.0113093 0)
(0.5907 0.782453 0)
(0.434672 0.983075 1.74063e-16)
(0.950477 0.616106 6.31256e-16)
(0.274935 0.658666 2.62412e-16)
(0.338984 1.57123 0)
(0.978107 0.35177 0)
(0.571877 1.68695 1.61298e-16)
(0.527744 0.0533648 1.63102e-17)
(0.584232 2.14681 -1.13614e-16)
(0.438235 0.0243967 -1.00439e-16)
(0.644934 1.81968 -2.58058e-16)
(0.454013 0.0350637 -2.23583e-18)
(0.000701244 0.845636 2.42155e-17)
(-0.0105879 0.842782 -8.36967e-18)
(-0.06529 0.850295 0)
(-0.0327659 0.852714 -3.53054e-17)
(-0.207007 2.17864 0)
(-0.181399 1.98147 0)
(-0.147531 2.30828 0)
(-0.0301667 2.33597 0)
(0.00399703 0.838832 0)
(0.0187984 2.33163 0)
(0.0151772 2.32402 0)
(0.00872958 0.816726 -1.60988e-17)
(0.0106721 0.785751 -1.5735e-17)
(0.0158045 0.740842 1.60687e-17)
(0.279541 1.58183 1.13642e-17)
(0.0237366 0.674181 8.38413e-18)
(0.0215773 0.59991 2.14011e-18)
(1.99226 0.18747 4.22759e-16)
(0.961455 0.478829 -6.64417e-17)
(1.75071 0.973635 0)
(0.443569 -0.0166253 0)
(0.015429 2.30059 0)
(0.523093 1.99257 6.66812e-18)
(0.580278 1.01466 0)
(0.201388 0.48148 1.14635e-17)
(-0.0246074 1.54865 -6.01999e-17)
(0.987133 0.782447 -1.49898e-17)
(0.45788 1.72842 0)
(0.0458523 1.76004 1.32861e-16)
(0.36716 0.105602 0)
(0.443154 0.024284 -1.044e-16)
(0.0457029 1.50681 -1.25964e-17)
(0.797563 0.925364 -2.42536e-16)
(-0.0167475 0.914281 -2.0251e-16)
(0.382859 0.0842081 1.26186e-17)
(0.419753 1.18958 1.6089e-16)
(0.00858812 1.44944 2.16729e-17)
(0.35872 0.0593577 9.3767e-18)
(0.33705 0.136696 0)
(0.0439741 2.25571 0)
(0.199042 0.780507 1.88284e-17)
(0.406374 1.67876 -3.08919e-16)
(0.63798 1.23865 -8.13323e-17)
(0.197049 1.71771 5.35994e-16)
(0.577294 1.73802 7.43784e-17)
(0.436929 0.0103236 -1.44967e-16)
(0.381472 0.1217 -3.11223e-17)
(1.94732 -0.218054 1.66522e-16)
(0.452267 0.103747 1.04106e-16)
(0.421797 0.0672722 1.82286e-16)
(0.322108 1.31286 4.16041e-16)
(0.225288 2.40712 -9.17235e-17)
(1.32394 2.34124 -3.9576e-17)
(0.0899908 1.62047 0)
(0.0908849 2.13272 -5.45979e-17)
(0.544575 1.51853 0)
(0.404846 0.104515 0)
(0.0272856 1.3817 0)
(0.465768 2.07387 -3.82046e-16)
(0.576109 1.67802 9.78373e-17)
(0.499825 2.36555 3.49694e-17)
(0.123212 1.77692 0)
(0.12404 1.96088 5.40606e-17)
(1.40612 0.427526 1.6241e-16)
(0.439796 0.0163917 7.56126e-17)
(1.64447 0.720324 -5.04423e-19)
(0.329578 0.573492 -5.41146e-16)
(0.133356 0.863646 -2.243e-17)
(0.711498 2.62681 0)
(0.281624 0.356267 -5.34704e-17)
(0.150263 1.80418 -6.42097e-17)
(0.448136 0.0309275 0)
(-0.0533783 1.45741 5.52788e-17)
(0.0676873 1.26385 0)
(0.528117 1.00024 -1.25971e-16)
(0.752316 0.187537 -1.08935e-16)
(1.92936 0.0852832 0)
(0.376991 0.0485763 1.9736e-16)
(0.372831 0.0982297 3.49698e-17)
(0.894738 0.191311 1.47214e-16)
(0.341826 1.83416 2.21036e-16)
(0.440378 0.00484331 4.089e-18)
(0.0782207 1.66466 1.33118e-16)
(0.55731 3.03901 0)
(0.703217 2.86481 0)
(1.63135 0.304326 9.19532e-17)
(1.79711 0.154969 0)
(1.58984 0.0726878 3.21099e-16)
(1.28126 0.216388 -2.14311e-17)
(0.841325 0.0830617 -5.37763e-16)
(0.502136 0.366626 1.06934e-19)
(0.43562 0.0129112 2.78117e-16)
(0.249403 0.518687 -1.67713e-20)
(0.500719 1.83863 0)
(1.75939 -0.126245 1.61276e-16)
(0.0228167 0.982388 1.84454e-16)
(0.51618 1.95793 -6.21439e-16)
(0.403723 2.51679 -2.34514e-16)
(0.522555 0.0889724 -2.47311e-16)
(0.653593 0.37211 -1.72393e-16)
(0.327763 0.572683 4.56767e-17)
(-0.10224 1.0417 -1.34868e-16)
(0.625988 0.0256314 1.56508e-17)
(0.45743 0.105604 -5.64565e-17)
(0.50618 0.203023 -8.11936e-18)
(1.19177 0.225065 0)
(0.858298 0.857331 7.50897e-17)
(0.327486 2.52387 -2.13027e-16)
(0.0297346 0.129606 7.82958e-18)
(1.11472 1.34317 -6.49927e-17)
(0.411055 0.078062 -2.01166e-16)
(0.418306 0.11782 0)
(0.372186 0.0581263 7.57393e-17)
(0.309996 0.171346 3.46379e-16)
(0.549351 1.71326 -4.66641e-16)
(1.228 0.00350167 0)
(0.640678 1.01285 0)
(0.657664 2.00226 -2.57409e-17)
(0.331675 0.0888756 0)
(1.33846 0.899212 0)
(2.22648 1.67726 1.80747e-17)
(0.408407 2.36729 -1.45809e-16)
(0.227206 1.34799 0)
(0.587191 0.0647365 6.40182e-17)
(0.0276206 0.45574 8.47835e-18)
(0.456258 0.0603969 1.99701e-16)
(0.491762 0.100636 0)
(0.437327 0.0218188 5.4657e-17)
(0.42136 2.0463 -2.80419e-16)
(1.74262 0.0930316 0)
(1.92863 0.376102 0)
(0.853275 0.128405 3.57851e-16)
(1.82962 -0.0445545 -4.06416e-17)
(0.417606 0.0370853 -3.85442e-16)
(0.430531 0.0720738 -1.26083e-16)
(0.310276 2.07035 0)
(0.301659 0.453952 0)
(1.83913 0.098193 7.87119e-17)
(1.21003 -0.0846854 0)
(0.295495 0.248019 0)
(1.84287 0.476809 0)
(1.55607 0.0589892 3.98803e-16)
(0.385405 0.0405817 0)
(1.67435 -0.08563 -2.23685e-16)
(0.467813 1.34521 2.40231e-16)
(0.00230547 0.63645 -2.85138e-17)
(1.94734 0.210647 -9.76951e-17)
(0.348748 2.22432 0)
(1.93845 0.154676 -1.76692e-17)
(0.577911 0.201026 -2.44351e-17)
(0.453484 0.0557745 -3.38499e-17)
(-0.060139 1.06969 1.87368e-16)
(1.02378 0.546404 -2.71995e-16)
(0.300941 0.138554 3.23506e-17)
(0.463733 2.17097 7.09852e-17)
(-0.0625697 1.37643 0)
(0.0230198 0.976233 -7.9236e-17)
(1.80814 1.54251 0)
(0.142209 0.649184 1.72793e-16)
(1.85277 1.74176 1.26883e-16)
(0.300096 0.0841233 -2.23867e-16)
(0.0488346 1.14305 3.65507e-20)
(1.74803 -0.108722 2.92305e-18)
(0.380631 0.0790787 -1.46339e-16)
(0.504219 1.69327 2.80672e-16)
(0.0286081 0.495306 2.44986e-16)
(0.600561 0.0586236 -1.82287e-16)
(0.0293101 0.381737 3.33872e-17)
(1.633 -0.101418 0)
(1.78668 0.0978352 -1.07945e-16)
(-0.0160635 1.43041 0)
(0.439389 0.624528 -2.02431e-16)
(0.859848 0.867102 0)
(0.462307 0.229464 -1.43612e-16)
(-0.102012 1.47973 -1.99096e-16)
(0.654317 1.26726 2.08588e-19)
(-0.0570466 1.57899 -5.3716e-17)
(0.0237855 0.981976 -2.21036e-18)
(-0.134822 2.45533 -1.17033e-16)
(0.464244 0.000698871 -6.97285e-17)
(1.83087 0.0947496 1.71079e-16)
(0.457505 -0.026095 0)
(0.436595 0.00412919 3.11936e-17)
(0.68509 1.42247 2.58765e-16)
(0.520586 0.136348 -8.24147e-18)
(0.43106 -0.016023 -2.15638e-20)
(0.645018 0.0531602 0)
(0.805229 0.0963017 3.27961e-16)
(0.315051 0.0635809 -4.05408e-18)
(1.81679 -0.0310122 5.2442e-18)
(0.903502 1.18683 -2.55188e-16)
(0.741944 0.213184 -7.42103e-17)
(1.01496 0.424027 -1.80514e-16)
(0.615007 0.179042 3.08456e-18)
(0.696888 1.67691 0)
(0.663125 0.117722 -1.37513e-17)
(0.873227 0.233702 1.35191e-17)
(0.595594 1.09858 6.01461e-17)
(-0.00519578 1.58208 2.83316e-17)
(0.492133 2.08693 0)
(0.460575 0.212746 1.66525e-16)
(-0.0381192 1.43599 -5.74583e-17)
(1.21117 0.14776 0)
(0.443693 0.542856 -5.9226e-17)
(-0.371241 0.658801 1.72276e-16)
(0.447593 0.0368983 9.64301e-17)
(1.20681 0.210379 0)
(0.0291683 0.311079 -3.29864e-17)
(0.116892 2.34049 0)
(0.970881 1.19628 -3.83249e-16)
(0.143683 0.00677613 0)
(0.036432 1.50713 0)
(0.127875 0.902864 2.21617e-16)
(0.453912 0.0245163 0)
(0.112252 0.491158 -1.55573e-17)
(0.345014 0.0384529 -8.51541e-18)
(0.411682 1.30466 -1.15384e-16)
(0.300858 0.0395945 6.99361e-17)
(0.842716 0.407634 0)
(1.16812 0.898739 -2.2672e-16)
(0.437962 0.0420753 3.4475e-17)
(0.492434 0.158388 -2.46288e-17)
(0.478624 1.67457 -8.31089e-17)
(0.68523 2.14945 -1.83149e-16)
(1.8414 -0.0365314 2.02835e-17)
(0.813761 1.35154 2.68686e-16)
(0.138684 1.04374 -7.58907e-17)
(0.109642 1.62789 6.69087e-17)
(0.0405285 0.857001 -5.1283e-18)
(0.516922 0.0616325 -2.03843e-18)
(0.432698 0.0659198 -1.08174e-17)
(-0.0155759 1.46631 6.68913e-17)
(0.380897 0.0352377 0)
(0.594793 2.16158 0)
(0.469559 0.0480549 0)
(-0.0601878 1.49144 5.88884e-17)
(1.06442 0.162081 1.19916e-16)
(0.73983 0.279342 -4.37385e-16)
(0.374459 2.16446 2.62247e-18)
(0.00896327 0.868941 -1.55135e-17)
(0.315914 1.50585 -4.50468e-17)
(0.2483 -0.012018 0)
(1.56491 0.181576 6.39696e-17)
(-0.160469 1.64427 1.56777e-16)
(0.000128664 0.85198 0)
(0.412049 -0.0125678 0)
(0.0942737 0.1922 0)
(0.226591 1.2704 -3.15675e-16)
(0.0355881 2.53548 0)
(0.515088 1.68436 -2.81318e-16)
(0.0911415 2.51667 -1.16116e-16)
(0.393849 0.047305 0)
(0.583138 0.197203 -1.03736e-17)
(0.287517 0.442899 -3.68587e-17)
(-0.0257674 1.62271 1.31834e-17)
(0.494329 0.0743024 3.70208e-17)
(0.400497 2.01221 1.97124e-16)
(0.492505 1.63364 0)
(0.482919 1.64232 0)
(0.0896007 0.133883 6.54751e-23)
(2.0796 0.909567 7.41884e-16)
(0.680668 0.203008 -5.1287e-17)
(0.26231 0.412561 0)
(1.33081 2.40295 3.8542e-16)
(0.380562 0.208064 2.69671e-16)
(0.38407 0.539059 0)
(0.596377 1.2738 -3.50452e-16)
(0.474438 0.0155684 -1.0344e-20)
(0.436635 2.18427 2.09218e-16)
(0.302847 0.281885 0)
(0.430803 2.2339 0)
(1.02809 0.216242 -1.87215e-16)
(0.305869 0.127841 -3.293e-17)
(0.287709 0.135292 -3.43167e-16)
(0.228638 2.02601 0)
(0.440646 2.1651 -1.18126e-16)
(0.43289 -0.000325619 8.47005e-18)
(1.02283 0.931864 -2.32757e-16)
(0.730218 1.62737 1.15362e-16)
(1.02306 0.763276 1.31814e-16)
(-0.533607 1.6601 0)
(1.7148 0.0628728 4.98475e-17)
(-0.260668 2.67577 -9.30087e-17)
(0.150634 2.45447 -5.18452e-17)
(0.54101 0.314159 4.20978e-16)
(0.211254 0.197198 0)
(0.0918711 1.58386 -5.99362e-17)
(-0.00628039 1.52248 -3.09107e-17)
(0.480478 2.05755 4.26332e-16)
(0.561543 1.65335 -3.7139e-16)
(0.197929 1.82164 -5.50867e-17)
(0.459705 0.147277 7.37941e-17)
(0.535483 0.226853 2.46122e-17)
(0.0865706 0.0788346 -6.03113e-23)
(-0.417167 0.75494 -1.7667e-17)
(0.0618332 0.977575 -1.67648e-16)
(0.57716 1.24378 2.37106e-21)
(0.357593 0.0740104 0)
(1.99175 0.0644213 4.4319e-17)
(0.669867 0.998599 -1.19514e-16)
(0.345927 0.021633 2.54568e-16)
(1.53446 0.103021 -2.70514e-16)
(0.289278 1.06973 1.94954e-16)
(0.522054 2.12102 -1.72429e-16)
(0.505856 2.13304 -2.97725e-16)
(0.572913 1.67938 -1.41587e-16)
(0.386972 2.10742 -1.18578e-16)
(0.415892 0.38277 0)
(0.653951 0.780897 -1.60623e-17)
(0.357577 0.130213 1.42841e-17)
(0.529343 0.33266 1.62475e-16)
(0.316491 1.27693 6.10339e-17)
(-0.115461 1.67329 -4.99061e-16)
(0.635868 0.937866 -5.80384e-17)
(0.672245 1.84396 0)
(0.615351 1.43463 -1.39555e-16)
(0.192865 0.386081 6.42933e-17)
(0.687266 0.624556 2.06884e-19)
(0.791623 1.18716 -1.4164e-16)
(0.674473 1.40884 7.32443e-17)
(-0.0947485 0.17243 1.4174e-16)
(1.47167 0.142999 -4.26941e-16)
(0.906302 0.112772 -8.27376e-17)
(0.344065 0.0582387 -5.99089e-17)
(1.45619 0.216363 4.2389e-19)
(1.36638 0.86629 0)
(0.182007 0.307376 2.51023e-17)
(0.462219 0.0419011 -8.26704e-17)
(1.43852 0.0711501 0)
(-0.133282 1.64047 0)
(-0.0738002 0.767987 0)
(0.134816 0.352105 0)
(0.535285 1.67228 -7.80927e-17)
(1.97488 -0.21323 -3.38408e-16)
(0.601093 0.0499591 2.36179e-16)
(0.524294 2.07374 -1.94278e-16)
(0.590514 1.68037 4.94464e-16)
(0.742536 1.80609 0)
(1.05196 0.123805 0)
(0.450912 0.0107672 2.6045e-16)
(0.367477 0.0514234 0)
(0.367493 0.0851272 -4.90855e-17)
(-0.101093 1.35386 -1.86782e-16)
(1.6278 2.94307 3.02067e-16)
(-0.630431 1.69042 -5.05208e-17)
(0.254058 0.120428 1.55801e-16)
(0.137444 0.2356 -9.26032e-18)
(1.19022 0.746354 1.51547e-16)
(0.836284 0.686967 -2.57927e-16)
(0.135339 1.70266 -7.75012e-18)
(0.584859 0.404017 7.72491e-17)
(1.87403 0.102806 0)
(0.525175 2.04024 0)
(0.610174 1.67874 0)
(0.311465 0.0928994 3.40387e-16)
(0.538276 1.96201 1.27962e-16)
(0.454525 1.8041 0)
(1.18412 1.15714 0)
(0.0293745 0.185897 0)
(1.04645 1.46361 9.45779e-17)
(-0.902955 1.41193 -7.20236e-17)
(0.494426 1.699 -1.26543e-16)
(0.554041 1.81636 -1.50881e-16)
(0.496977 0.0334126 0)
(-0.152548 1.89872 0)
(0.119243 0.284122 -3.14599e-17)
(1.48148 0.529125 -2.03767e-16)
(0.0777552 1.14309 -6.16714e-17)
(0.483639 1.60014 4.89725e-16)
(0.615107 -0.0100438 -2.21884e-17)
(0.53847 0.91945 9.08115e-18)
(1.84259 0.57282 -1.26925e-16)
(-0.0432806 2.40355 0)
(-0.390999 1.65541 -4.40843e-17)
(-0.0636997 1.53849 -6.19681e-20)
(0.696242 0.14816 9.66578e-17)
(0.895083 1.39111 -9.37561e-20)
(0.133598 0.180403 -2.44067e-16)
(0.822007 0.834469 1.51605e-16)
(0.662076 0.439143 9.8493e-20)
(0.553441 2.00687 1.31835e-16)
(0.612159 0.281401 1.48756e-16)
(0.769624 0.524044 2.94556e-16)
(1.57296 0.725419 4.43346e-16)
(0.411395 0.000783072 -1.97767e-16)
(2.49039 0.852116 -2.04727e-16)
(0.523407 1.21929 -4.6102e-16)
(0.207209 0.751759 -9.89766e-18)
(1.60512 -0.235102 2.21912e-16)
(0.864225 0.995884 3.61119e-16)
(1.20949 1.92765 -3.19193e-16)
(-0.221705 1.52677 1.583e-16)
(0.588855 2.11109 1.74504e-16)
(0.524776 0.0835706 5.74244e-17)
(0.614057 0.15281 -2.30583e-16)
(1.8099 0.58349 -5.1014e-16)
(1.13553 0.0161678 5.87132e-17)
(0.62248 0.478881 2.13194e-16)
(0.351074 0.0730778 1.41202e-16)
(0.312753 0.115575 -3.05876e-16)
(0.303063 1.23039 1.64959e-16)
(0.299381 2.30997 0)
(0.174018 0.899146 -1.43377e-20)
(-0.0111819 1.43737 -1.66235e-17)
(0.379215 0.0490253 4.84878e-16)
(0.390863 0.0823479 -1.63982e-16)
(0.425849 -0.0232873 1.27008e-16)
(0.719797 0.208481 2.15394e-18)
(0.348081 0.0521591 4.54879e-17)
(0.308518 0.0895152 0)
(0.23819 0.157198 1.59068e-16)
(0.664903 1.55246 -3.51538e-16)
(0.0343489 0.841057 6.76781e-17)
(0.533553 1.84417 0)
(0.381451 0.0530003 -3.89949e-16)
(0.369162 0.0837951 3.07956e-16)
(1.20581 1.58856 2.14536e-16)
(0.489359 1.13877 3.47305e-17)
(1.54611 0.0963518 1.12936e-16)
(0.319138 0.126356 0)
(1.0468 0.31324 0)
(0.465862 0.0852968 -7.6913e-17)
(0.522401 0.1325 1.948e-17)
(-0.0140715 0.868268 -1.04892e-16)
(0.255181 0.110493 -3.81632e-16)
(0.548769 0.0649148 0)
(0.165467 2.24631 0)
(0.373461 0.0713142 1.62206e-17)
(0.666951 1.06778 -3.30128e-17)
(0.538611 2.08712 6.91635e-17)
(0.029493 0.24694 0)
(0.568063 0.179987 -2.63883e-16)
(0.698238 0.332552 3.95992e-16)
(0.430272 0.0777932 2.20373e-17)
(0.469802 0.151752 3.33235e-17)
(0.436703 -0.0154273 -1.27287e-16)
(-0.259425 1.36241 1.37473e-16)
(0.371395 0.0229789 -9.64967e-17)
(0.616375 1.64126 -3.0191e-16)
(0.180999 0.181952 -1.82072e-16)
(-0.0312713 0.392057 1.61515e-16)
(0.455798 0.0513369 -5.21102e-17)
(0.386907 0.0614576 1.36331e-16)
(1.47017 0.180656 1.03601e-16)
(0.365199 0.1527 -1.35071e-20)
(2.40852 1.59158 1.61764e-16)
(0.106432 0.652435 -1.5237e-18)
(-0.00497849 0.85223 -3.99266e-17)
(1.68981 0.1124 -6.47771e-17)
(0.647678 0.280032 5.35528e-17)
(1.553 0.177005 -8.36438e-17)
(0.400216 0.0383962 6.22564e-17)
(-0.240596 2.23482 0)
(0.00252494 0.278009 2.46148e-16)
(1.2711 0.928354 -1.42746e-16)
(0.391377 0.152053 1.1622e-16)
(0.539023 -0.00517462 4.94893e-16)
(0.18554 0.3923 9.49626e-17)
(0.0565727 0.920907 -2.25136e-17)
(1.13675 0.541333 -1.79727e-16)
(0.646883 0.108971 3.88815e-17)
(2.12119 0.0619503 -4.67966e-19)
(1.90017 0.0198673 0)
(0.521233 2.13265 2.02076e-16)
(0.46463 0.092308 8.31424e-17)
(0.523838 0.137467 2.79592e-17)
(1.12264 0.395497 -2.8047e-16)
(0.63139 0.077918 -4.83656e-16)
(1.1983 0.129885 0)
(0.110432 0.988062 9.44433e-17)
(1.37727 0.176566 -1.04169e-16)
(0.103023 0.745805 -2.4142e-17)
(0.0635528 0.866694 0)
(0.373929 1.74809 -5.58657e-17)
(0.436366 0.125335 -1.08891e-16)
(-0.0578812 2.52569 -1.18172e-16)
(0.187582 0.666401 -1.35216e-16)
(-0.0414695 0.278229 -2.2014e-16)
(0.814622 0.467398 5.02213e-17)
(0.460611 2.04451 1.24323e-16)
(0.568998 1.6599 0)
(0.874872 0.113426 -1.78007e-16)
(0.269496 0.430255 2.45878e-16)
(0.316423 1.01548 1.43015e-16)
(-0.0613756 0.856147 -3.29283e-16)
(0.418036 0.0192455 8.11055e-17)
(1.63842 0.985669 -5.23497e-16)
(2.08957 1.44343 -4.88903e-16)
(0.110468 0.571676 -8.2859e-18)
(0.303984 0.317841 1.67525e-16)
(0.323045 0.689001 1.65066e-16)
(-0.00796548 2.5611 0)
(0.0816506 1.58306 1.25479e-17)
(0.47413 0.0523505 3.20087e-17)
(0.0745619 0.884618 3.62195e-17)
(-0.0966918 2.47837 -5.5356e-17)
(0.197053 1.85942 0)
(-0.412933 2.51829 1.72857e-16)
(-0.0061545 0.890837 -1.31778e-16)
(-0.00023944 1.36834 0)
(-1.07541 2.61017 -7.60964e-17)
(0.00356756 2.56146 3.72041e-16)
(1.94243 -0.00825392 0)
(0.109649 0.404342 0)
(1.34262 0.513662 0)
(1.36185 0.695198 1.57656e-16)
(0.351119 0.077118 9.59215e-17)
(0.378153 -0.0056866 -9.94008e-21)
(1.67969 0.152095 -5.76536e-17)
(0.406887 0.0130886 2.05442e-16)
(0.921291 0.662622 -1.28641e-16)
(1.27288 1.29082 5.7166e-16)
(0.664508 0.0587734 4.12555e-16)
(0.57282 1.10121 -4.86807e-17)
(0.591757 1.93124 -1.32431e-16)
(0.606141 2.04777 -1.47494e-16)
(0.0243615 0.955876 -1.1533e-16)
(1.35886 0.138029 2.98226e-17)
(0.744531 1.95632 1.24149e-16)
(0.352467 0.0781134 5.93485e-17)
(-0.614897 0.224519 0)
(1.64391 0.257362 2.02039e-16)
(1.74827 2.62173 -5.62311e-16)
(-0.00951306 0.0242494 4.94816e-17)
(2.02553 0.196814 0)
(0.905414 0.158749 0)
(1.99837 0.648078 1.49956e-16)
)
;

boundaryField
{
    frontAndBack
    {
        type            empty;
    }
    wallOuter
    {
        type            noSlip;
    }
    inlet
    {
        type            fixedValue;
        value           nonuniform 0();
    }
    outlet
    {
        type            zeroGradient;
    }
    wallInner
    {
        type            noSlip;
    }
    procBoundary2to0
    {
        type            processor;
        value           nonuniform List<vector> 
42
(
(0.547046 2.08634 -1.63092e-19)
(0.547046 2.08634 -1.63092e-19)
(0.335463 2.30859 -1.61825e-16)
(0.144533 2.32631 1.30656e-16)
(0.123492 0.692641 0)
(0.738271 2.09693 1.11261e-16)
(0.364944 2.07888 3.14416e-16)
(0.364944 2.07888 3.14416e-16)
(0.254027 0.437845 -1.34203e-16)
(0.354006 0.195731 1.50757e-16)
(0.196828 1.55255 -1.31732e-16)
(0.196828 1.55255 -1.31732e-16)
(0.00269735 1.01018 1.99239e-16)
(0.222224 1.81322 -7.03393e-17)
(0.318447 1.95929 7.04065e-17)
(0.813492 1.91143 5.87131e-17)
(0.438897 2.0511 2.10463e-16)
(0.374422 0.138941 -2.55135e-17)
(0.309621 0.294284 1.16162e-19)
(1.00063 0.141414 1.52308e-19)
(1.09309 0.280625 2.49661e-16)
(0.423225 0.114687 -1.32911e-16)
(0.423225 0.114687 -1.32911e-16)
(1.42711 0.741951 -1.45257e-16)
(1.09309 0.280625 2.49661e-16)
(0.411697 0.0901026 -2.39664e-16)
(1.04383 1.11579 0)
(0.453899 0.109121 3.30186e-18)
(1.04383 1.11579 0)
(0.506265 2.1167 -2.35915e-16)
(0.473136 2.09047 -3.86664e-16)
(0.474633 0.135422 -6.98445e-17)
(0.514679 0.18598 6.9501e-17)
(0.590749 0.27017 -6.74273e-17)
(0.761421 0.408031 6.99402e-17)
(0.144533 2.32631 1.30656e-16)
(0.438897 2.0511 2.10463e-16)
(0.0146133 1.93761 -8.49217e-17)
(1.00694 1.71701 -4.87811e-17)
(0.845287 1.6988 1.23449e-16)
(0.845287 1.6988 1.23449e-16)
(1.00346 0.749515 -9.06225e-17)
)
;
    }
    procBoundary2to1
    {
        type            processor;
        value           uniform (0.939269 0.104838 5.36872e-16);
    }
    procBoundary2to3
    {
        type            processor;
        value           nonuniform List<vector> 
29
(
(1.17181 0.0262499 -2.64984e-16)
(1.12101 0.0595794 1.06043e-16)
(1.50958 -0.119406 -6.8242e-17)
(1.4264 0.135923 -1.69948e-16)
(0.803832 0.0410026 -2.11898e-16)
(0.973094 0.0441769 -6.77963e-17)
(1.89312 -0.163632 9.17945e-17)
(1.11297 0.127753 5.73158e-17)
(1.52115 0.111562 -3.52803e-16)
(1.52028 -0.0525117 1.95927e-16)
(1.03486 0.0360658 7.71354e-17)
(0.849418 0.0601454 -3.03458e-16)
(1.01038 0.104478 -1.49416e-16)
(1.90454 0.0276243 -1.46744e-16)
(1.94323 0.0186507 -1.33312e-17)
(1.96465 0.148926 -6.92702e-17)
(1.46057 0.0764768 -7.29295e-17)
(1.46057 0.0764768 -7.29295e-17)
(1.12101 0.0595794 1.06043e-16)
(1.90454 0.0276243 -1.46744e-16)
(1.98694 0.0339914 -3.62977e-17)
(1.52908 0.06284 3.16676e-16)
(1.79533 -0.0229164 5.40641e-18)
(1.55509 0.0633558 -1.83184e-16)
(1.98115 -0.0141791 4.19484e-17)
(1.55663 0.193476 -7.76904e-20)
(1.52115 0.111562 -3.52803e-16)
(0.894692 0.0849383 6.56956e-17)
(0.849418 0.0601454 -3.03458e-16)
)
;
    }
}


// ************************************************************************* //
