/*--------------------------------*- C++ -*----------------------------------*\
| =========                 |                                                 |
| \\      /  F ield         | OpenFOAM: The Open Source CFD Toolbox           |
|  \\    /   O peration     | Version:  v1912                                 |
|   \\  /    A nd           | Website:  www.openfoam.com                      |
|    \\/     M anipulation  |                                                 |
\*---------------------------------------------------------------------------*/
FoamFile
{
    version     2.0;
    format      ascii;
    class       volVectorField;
    location    "0.57";
    object      U;
}
// * * * * * * * * * * * * * * * * * * * * * * * * * * * * * * * * * * * * * //

dimensions      [0 1 -1 0 0 0 0];


internalField   nonuniform List<vector> 
1431
(
(-0.0806515 0.239036 -3.59867e-17)
(0.321044 -0.451266 -1.67453e-16)
(5.86737 0.809475 1.05015e-16)
(-2.98146 1.81537 -4.84575e-17)
(-0.0354457 0.816791 -1.67247e-16)
(1.78216 0.136985 3.17246e-16)
(-1.15703 -0.0584832 -2.0353e-16)
(9.77076 0.658119 -2.27279e-16)
(-0.533592 4.77493 0)
(-0.0399899 3.65633 -1.02932e-16)
(0.646913 1.62116 0)
(0.631083 -0.431967 7.3401e-17)
(-1.02642 1.10032 0)
(8.99307 0.524454 2.0079e-18)
(0.29178 0.933319 -2.57814e-16)
(-0.028907 3.67011 0)
(0.420794 2.54861 -3.12875e-16)
(0.570526 0.41422 0)
(0.135167 -0.178015 1.48757e-16)
(0.35412 1.15379 5.05273e-17)
(-0.242604 0.480429 -2.21083e-17)
(-0.406626 1.87813 6.62038e-19)
(0.6552 0.693072 -5.39451e-17)
(8.68153 0.574598 -3.25561e-17)
(1.70619 3.21846 -1.31866e-16)
(0.134596 0.776971 -1.53987e-16)
(-1.49458 4.68648 1.22165e-16)
(9.27044 0.473199 -2.39574e-20)
(10.8467 0.599293 6.38741e-18)
(0.629025 -0.982761 -5.36815e-16)
(7.40783 0.276761 2.50076e-16)
(7.16559 -0.177802 -1.82488e-16)
(-1.83685 0.412775 -1.22768e-16)
(-1.65884 0.377779 0)
(-1.7962 0.175355 1.00381e-16)
(1.97763 8.84797 1.29953e-16)
(0.0353746 0.222692 1.55591e-16)
(9.75048 -0.00174369 0)
(0.469767 0.40359 -1.86563e-16)
(9.66633 -0.000387079 0)
(4.72921 0.120488 1.42696e-16)
(1.17756 -0.0013852 -7.53769e-17)
(-1.6302 0.684438 0)
(-1.68718 0.593083 -6.52983e-17)
(-1.04833 0.741411 1.62909e-16)
(-0.140413 0.437445 -4.65064e-16)
(1.5703 4.88239 2.23802e-16)
(7.18827 1.19503 -6.06235e-17)
(8.96565 0.544457 1.65744e-16)
(9.50713 0.0886383 3.81096e-17)
(1.13732 -0.780202 -8.73515e-17)
(0.182021 3.97907 9.958e-17)
(-0.540259 5.68387 4.91127e-17)
(-1.28144 0.656878 -1.6377e-17)
(-0.931801 0.457926 -1.3763e-16)
(7.95824 1.74985 0)
(0.0855529 3.12752 6.47572e-17)
(-0.418757 3.79503 -2.45014e-16)
(-0.484655 6.28839 0)
(-0.0342586 0.1061 -9.83396e-16)
(0.731905 2.11287 0)
(0.588864 2.21762 -1.50392e-16)
(1.41934 7.77389 -1.43893e-16)
(10.5954 0.121343 0)
(9.98274 0.318157 -1.90975e-17)
(0.117978 0.831083 0)
(6.3917 0.364782 0)
(1.94135 0.0521394 0)
(-0.301685 -1.12668 1.48402e-16)
(10.7781 0.0942588 0)
(-1.00558 0.392493 9.43857e-17)
(-1.30438 0.315928 -9.6998e-17)
(1.12706 1.36902 0)
(1.50549 0.204831 -3.0777e-16)
(0.497112 2.10751 4.06745e-20)
(-0.954122 0.312615 2.97468e-16)
(-0.157704 0.623997 5.89773e-17)
(3.6427 0.655231 3.4046e-16)
(10.0063 0.184736 1.35422e-17)
(0.958336 -3.03024 -2.25287e-17)
(9.95369 0.0988034 -2.64085e-16)
(1.17345 -0.144009 -2.29432e-18)
(1.19085 -0.481519 2.20367e-16)
(1.20421 0.399892 -8.79417e-17)
(-2.76954 1.37612 4.92974e-17)
(-0.059157 0.740131 -5.87927e-16)
(-0.0120128 0.524463 -1.28698e-16)
(-0.970799 1.24875 1.74845e-16)
(8.29059 0.615349 9.81073e-17)
(0.238249 1.18519 -6.71156e-17)
(0.582961 0.40115 2.32466e-16)
(-1.35092 0.963394 2.71298e-16)
(-0.0508455 0.414679 0)
(9.81507 0.0425049 0)
(1.47945 0.261723 2.20411e-18)
(-0.158987 0.562083 -8.11551e-20)
(0.210609 1.97111 -1.23482e-19)
(10.3816 0.583118 3.42104e-18)
(0.0211035 0.330477 2.61774e-16)
(8.74969 0.50018 -4.70714e-16)
(-0.387275 -0.876576 -1.63692e-16)
(9.92068 0.183737 -6.97778e-17)
(0.203966 0.875571 0)
(0.00775977 0.870149 1.95849e-20)
(-0.913511 2.37934 1.87119e-16)
(0.141008 -0.578586 8.78695e-17)
(10.0343 0.0729601 -1.1027e-16)
(4.41247 -0.0490875 8.12382e-17)
(6.62127 0.000910422 1.01534e-16)
(-0.0883175 0.737961 9.10118e-17)
(-0.739279 -2.53971 1.96917e-16)
(-0.151617 0.680689 -8.3993e-17)
(9.70405 0.897522 0)
(0.587188 2.0153 -1.5731e-16)
(-0.376425 2.62603 0)
(0.0203876 0.901947 0)
(0.497472 0.275934 0)
(0.438093 0.039919 -5.63996e-21)
(7.79888 0.627992 -6.7594e-17)
(-1.58557 0.689762 -1.6387e-16)
(9.95776 0.280038 -2.10075e-17)
(-0.547493 5.61245 -1.39984e-16)
(0.12846 4.01871 -4.55929e-16)
(8.63862 0.849688 -1.24887e-16)
(10.1315 0.167267 0)
(-0.886028 0.259224 -1.04031e-16)
(7.22369 0.607656 1.78952e-17)
(0.506625 1.20478 6.1899e-17)
(-0.136133 0.393739 1.11434e-16)
(10.6534 0.424017 -7.65367e-17)
(0.155851 0.15681 -1.6514e-16)
(3.89898 -0.163282 2.65251e-16)
(7.25226 0.294155 0)
(0.456709 1.26234 -1.84702e-16)
(-0.0843926 0.317194 -1.30335e-17)
(-1.92358 1.02721 -2.92512e-16)
(1.07592 1.64735 0)
(-0.436827 0.426644 1.38713e-16)
(0.141747 0.497031 5.53976e-17)
(3.13567 -0.0796191 -4.39939e-16)
(-0.201311 4.72495 0)
(-0.281914 -0.0441273 4.04141e-17)
(10.5414 0.0599265 -7.96552e-18)
(8.88059 0.386145 -2.1384e-17)
(8.5059 0.150405 0)
(11.3936 0.282563 4.64278e-17)
(10.3676 0.389863 3.57876e-17)
(4.19668 -0.0760752 0)
(0.843981 1.86274 -1.17157e-16)
(9.34799 0.972629 -5.46681e-17)
(10.8753 0.0446404 8.29525e-17)
(9.88802 0.440757 -1.65537e-17)
(-0.389854 -1.04505 -1.82015e-16)
(1.84294 -0.698977 9.23604e-17)
(0.336916 0.974008 1.76049e-16)
(0.399942 1.23934 -4.30526e-17)
(10.0981 0.110595 9.11814e-17)
(0.7041 1.64573 -3.97914e-16)
(9.59144 1.00792 0)
(9.51827 1.22868 -1.00912e-16)
(0.64018 0.653047 -3.9015e-20)
(0.73323 1.84993 4.00948e-17)
(0.0516152 0.63223 0)
(-0.414829 1.76505 -3.91205e-17)
(0.0113217 0.718703 -2.6508e-16)
(-0.938416 -0.357908 -2.02654e-16)
(-0.132693 0.738261 -1.36862e-16)
(9.87787 0.119452 0)
(0.912562 -0.870769 4.02324e-16)
(0.157172 0.822689 -1.83682e-16)
(9.60965 0.971844 -1.42863e-17)
(0.201854 2.95361 2.62002e-17)
(8.3268 0.562767 -1.2284e-16)
(11.0682 0.0549814 0)
(10.5252 0.0420049 1.51106e-17)
(-0.263568 0.204415 0)
(-0.587983 0.303491 8.98613e-17)
(9.36652 0.618268 -1.87461e-17)
(0.342166 -1.02451 3.24131e-16)
(9.53388 1.16584 1.03653e-16)
(9.75062 0.301639 4.33997e-17)
(0.529226 0.793141 1.24707e-16)
(8.78494 1.78117 0)
(0.310755 1.27443 3.63674e-16)
(11.2587 0.115578 1.01267e-16)
(9.85875 1.16439 -1.41461e-17)
(9.86308 0.760026 1.0777e-16)
(-2.804 4.48614 -1.38319e-16)
(0.0330792 0.50629 2.29548e-16)
(10.2836 0.105684 -2.73395e-20)
(0.381446 -1.60297 -3.56103e-19)
(0.642756 2.47658 -1.2223e-16)
(-0.250223 0.670276 -3.86547e-16)
(10.0782 0.0463541 -6.66896e-17)
(-0.295942 3.00721 -8.52049e-21)
(10.1093 0.459816 4.15756e-17)
(10.0356 0.0968047 0)
(7.19727 2.1264 -1.12303e-16)
(0.409232 1.72603 0)
(0.561963 1.2428 0)
(0.252941 -0.771037 -2.15483e-16)
(2.8522 2.61224 -2.92003e-16)
(9.37353 1.08998 -2.85128e-17)
(3.38896 0.12746 -5.02391e-16)
(10.0539 0.0576825 3.66511e-17)
(-2.43008 2.49059 -3.14419e-16)
(-0.093171 0.622381 1.07425e-15)
(9.79547 0.214321 2.60566e-17)
(1.14735 2.33364 1.32197e-17)
(9.26328 0.250483 0)
(10.1431 0.069298 8.27384e-18)
(9.95308 0.364231 6.55364e-17)
(7.77402 0.676714 1.46541e-17)
(9.87196 0.196094 2.5043e-17)
(-0.159085 1.1594 0)
(-0.296936 0.627494 3.92771e-16)
(9.47007 1.10835 0)
(0.410972 -1.78602 0)
(-0.608821 -0.526383 0)
(10.1235 0.234179 -6.54579e-17)
(9.89446 0.166951 0)
(0.181579 1.14004 1.5436e-16)
(11.1372 0.0310414 -1.33236e-16)
(4.55254 1.24823 -7.74569e-17)
(10.7282 0.351366 0)
(9.39296 0.926339 0)
(9.3435 0.983114 -7.62835e-17)
(0.414203 1.45309 0)
(10.5337 0.690864 0)
(7.45016 0.21021 -7.62437e-17)
(-0.0394862 0.707016 0)
(-2.46513 2.05486 3.50532e-16)
(10.6388 0.0959572 5.03058e-20)
(9.91986 0.53338 -1.96153e-16)
(9.80775 0.462308 9.01984e-17)
(9.83395 0.411671 5.08355e-17)
(10.5044 0.273512 -2.75045e-17)
(-0.107867 0.37101 2.51347e-16)
(9.86403 0.10795 0)
(-0.721398 -0.0729967 2.01996e-16)
(9.54979 0.194172 -3.32792e-17)
(9.46177 1.18951 8.55902e-17)
(-0.488053 3.94253 -2.18714e-16)
(0.950005 4.6646 -2.95853e-16)
(-0.0114881 1.50505 -1.48625e-20)
(-0.368925 1.50028 8.84955e-20)
(10.5421 0.272207 -1.85481e-16)
(-1.97787 -0.0350701 0)
(-2.07765 0.238849 0)
(9.96 0.951339 0)
(10.1136 1.0297 -9.79867e-17)
(-0.50607 4.3252 0)
(-0.0836635 3.11849 1.0661e-16)
(6.33651 3.25365 2.19191e-17)
(1.39116 5.72108 -1.66176e-16)
(8.19563 0.0537276 -4.64916e-17)
(1.43257 -0.207657 1.83085e-17)
(-0.730414 -0.375847 5.24008e-19)
(8.34322 0.00658736 8.17958e-20)
(8.28973 0.0206179 9.01737e-17)
(8.15837 0.0713475 8.93671e-17)
(-0.667278 1.42441 2.80697e-17)
(0.0240196 0.496822 5.12125e-16)
(-0.266685 4.91591 -4.24558e-17)
(9.79434 0.34134 -7.94942e-17)
(10.6568 0.589338 7.03396e-18)
(8.27099 0.0135623 -8.30145e-17)
(9.92264 0.95881 0)
(8.42885 2.82286 2.88947e-17)
(-0.376995 4.33147 -1.35551e-17)
(9.81255 1.10256 0)
(9.10388 0.75088 3.1764e-16)
(10.2532 0.89868 2.83414e-17)
(10.2986 0.789733 0)
(8.11218 0.0817634 -5.53114e-17)
(10.0457 0.696005 1.38716e-18)
(0.458097 0.961325 -1.2326e-16)
(0.283111 -0.906889 -1.05368e-19)
(-0.323932 -0.393465 -4.08261e-17)
(-0.0686105 4.07463 1.70977e-16)
(-0.590798 5.29475 0)
(-0.743814 0.136746 -4.12461e-17)
(-0.184094 -0.693368 0)
(0.688072 1.21085 2.95609e-16)
(8.321 -0.000718123 -4.54889e-17)
(-3.39378 3.3014 6.15857e-17)
(-0.0661491 0.703576 1.25068e-16)
(9.17642 1.24236 5.37507e-17)
(10.2071 0.886733 2.13611e-19)
(9.66934 0.179108 6.94672e-17)
(11.1691 0.434648 1.58749e-16)
(9.57744 0.00961495 -6.22777e-17)
(9.43522 1.10119 0)
(0.332016 -1.72877 0)
(10.0697 1.10861 -4.53601e-17)
(9.41897 1.43363 4.88131e-18)
(-0.252298 0.568554 0)
(9.01556 2.12851 1.64115e-18)
(-0.459421 -0.441367 -1.95775e-16)
(9.5592 1.22051 2.91453e-17)
(9.66981 0.357049 2.97003e-17)
(9.12516 0.843697 7.67646e-17)
(1.37036 0.378776 0)
(8.07053 0.142636 0)
(0.714613 1.65864 -2.30101e-16)
(-0.15649 -0.413183 1.81511e-16)
(9.93753 0.123254 8.42611e-17)
(8.24546 0.0352155 -9.11617e-17)
(8.30119 0.0118634 -8.77194e-17)
(-0.518304 -0.0392421 1.95243e-16)
(9.67811 0.24421 -1.38842e-17)
(10.8151 0.207681 5.60957e-17)
(0.52181 -0.125507 -1.86521e-17)
(-0.140482 0.0811473 -2.16081e-17)
(-1.26463 0.627801 -6.49604e-19)
(0.0153942 -0.424914 -1.84542e-16)
(-0.124452 4.2662 -4.74303e-17)
(-0.105081 -0.0208277 -9.14205e-17)
(9.83598 0.353289 -4.75344e-17)
(-0.513175 -0.904084 -1.6286e-16)
(-0.207624 -0.271304 -2.92182e-16)
(-0.428179 -0.814704 2.54416e-16)
(-0.115457 4.12349 -1.17103e-19)
(-0.262017 0.111528 -6.51421e-20)
(-0.25564 1.50389 -1.48976e-16)
(-0.587419 -0.920599 -8.35137e-17)
(9.86199 0.0751049 1.80542e-16)
(-0.536466 -0.883776 -7.17756e-17)
(7.44515 0.469372 0)
(9.78467 0.174104 -6.98342e-17)
(0.180616 -0.392285 -1.11424e-16)
(1.15155 -0.87655 0)
(-0.980518 0.164078 0)
(0.372499 -1.67287 1.7673e-16)
(10.305 0.115858 0)
(-0.348532 2.4087 -1.27327e-16)
(0.939991 -0.574433 -6.17993e-17)
(-0.436944 -0.686234 0)
(1.37112 -0.602241 -1.68349e-17)
(-1.49275 0.498264 1.5148e-16)
(0.621731 0.540401 0)
(9.84268 0.0900599 -8.1422e-17)
(-0.635341 -0.756214 8.29923e-17)
(10.0704 0.212986 3.44843e-17)
(6.75221 3.68669 -2.70493e-16)
(0.707649 -0.346407 1.75429e-16)
(10.5257 0.240031 1.49293e-17)
(-0.0316004 -0.224675 1.79939e-16)
(-0.22485 0.0806274 -9.13334e-17)
(-0.984908 0.0846251 -7.72392e-17)
(0.878248 -0.110821 -1.22759e-16)
(-1.04837 -0.0201193 -4.1797e-16)
(-0.631694 -0.292393 0)
(1.34294 0.239992 -1.48847e-16)
(-0.0734164 0.0155625 0)
(1.16281 -0.048302 0)
(-1.10272 -0.0434973 0)
(0.0437487 -0.169455 -3.88676e-16)
(0.629943 0.201103 0)
(-0.147635 0.253576 5.32089e-16)
(0.925461 -0.255943 -1.88218e-17)
(-0.345897 -0.158433 1.46764e-16)
(1.63187 0.17603 2.24622e-18)
(-0.0522245 0.0175 -9.98214e-17)
(-0.457119 0.149506 2.78244e-16)
(0.352361 -0.158843 -1.76424e-16)
(1.74422 -0.0823083 0)
(-0.600058 -0.0131888 0)
(-0.224341 -0.316547 -2.73191e-17)
(0.337874 -0.00674388 0)
(0.177659 -0.511017 6.18419e-16)
(-0.921893 -0.0719999 1.24353e-16)
(-0.427973 -0.94962 -1.46551e-16)
(9.99727 1.15831 5.28235e-17)
(0.359501 -1.66026 0)
(-1.13096 -1.63994 1.97504e-16)
(0.336043 -0.367583 1.09287e-16)
(9.82349 0.289066 3.2275e-17)
(10.0044 0.0324164 8.4448e-17)
(0.388794 0.132474 6.70045e-16)
(-0.664459 0.229928 2.77785e-17)
(0.688749 -0.111765 3.99422e-17)
(-0.769871 0.17597 -2.55843e-16)
(-0.917927 -0.170257 0)
(-0.611986 -0.139524 1.37785e-16)
(1.80935 0.0611773 0)
(-0.468117 0.0933604 0)
(-0.0868599 0.100902 2.06577e-16)
(0.979584 0.251435 1.45721e-16)
(-0.123165 0.046314 1.81781e-16)
(-0.508597 -0.311759 0)
(2.16452 5.00739 1.88652e-16)
(9.67385 1.11276 -2.87416e-17)
(9.98778 0.00113479 0)
(-0.48324 -1.03136 3.87174e-19)
(-0.592926 0.474761 -1.73397e-16)
(-0.495365 -0.48893 -1.67685e-16)
(9.96057 0.190727 0)
(-0.223898 0.562241 0)
(10.4595 0.082296 0)
(0.219694 -0.00098962 -6.57916e-17)
(0.236335 -0.466816 1.9455e-16)
(10.0214 0.207782 2.83648e-17)
(1.64195 -0.447494 2.99451e-17)
(0.0259645 -0.597285 1.32508e-17)
(10.0571 0.939128 0)
(-0.0616609 -0.176763 1.22896e-16)
(8.72105 0.0250543 1.70591e-16)
(-0.487658 0.163216 -3.21983e-17)
(0.355233 -0.168707 -1.57404e-16)
(9.72297 0.0795897 6.65132e-17)
(-0.176747 -0.614179 0)
(-0.670514 -0.246546 -1.2738e-20)
(2.03304 7.67755 -4.07395e-16)
(8.71148 0.224718 -2.27142e-17)
(1.75554 4.41968 6.84622e-17)
(0.442281 -0.352651 -1.78104e-16)
(-0.440833 4.89004 1.81397e-16)
(-0.54376 -0.642399 -2.37686e-17)
(-0.529111 -0.263307 1.40334e-19)
(-0.16415 0.106219 5.06105e-17)
(0.0626997 -1.45891 1.38123e-16)
(-0.464996 0.566411 5.49745e-17)
(-0.0942003 -1.44862 -2.53147e-16)
(0.0630727 -1.58187 0)
(0.426159 -0.332909 1.78342e-16)
(0.0663537 -1.19324 4.48721e-17)
(0.24299 -0.450716 1.1057e-17)
(-0.306047 0.655234 -1.22676e-16)
(0.405232 -0.459485 -3.89322e-16)
(0.87366 0.697164 0)
(-0.261457 -1.70409 -1.80122e-16)
(-0.0647917 -0.126837 0)
(0.253705 -0.773122 2.43741e-16)
(-0.680447 0.177556 -9.48822e-18)
(0.448923 -0.314871 0)
(0.0229179 -1.19287 -2.11548e-16)
(0.287951 -0.862043 2.56241e-18)
(0.0546267 -1.50078 5.28414e-16)
(-0.832033 0.451893 1.82498e-16)
(-0.311897 0.0995712 7.14346e-19)
(-0.161679 2.96044 -4.0951e-17)
(0.304054 -1.0073 0)
(0.32519 -1.20941 4.65839e-17)
(-0.0745485 -1.31904 0)
(0.0262546 -0.30052 9.35503e-18)
(-0.0572613 0.27039 -5.1001e-18)
(-0.113756 -1.81331 -1.08196e-16)
(0.638484 -1.65226 0)
(0.181794 -0.324239 1.66099e-16)
(0.175508 -0.50486 -1.04994e-16)
(-0.426482 -0.103763 4.21704e-16)
(0.035494 -0.00933376 -1.56231e-16)
(-0.524005 0.525203 -1.46876e-16)
(-0.0437376 -1.40809 7.67235e-17)
(-0.585932 0.288045 -2.21337e-16)
(-0.468429 -0.333781 -3.11013e-16)
(-0.359926 -0.593945 -6.68987e-18)
(-0.539582 0.0150552 0)
(-0.569298 0.0432938 0)
(2.52783 2.18448 3.02859e-16)
(0.051006 -1.39431 0)
(-0.306344 0.530434 0)
(0.166097 0.873975 -2.28279e-16)
(-0.474775 -0.190682 2.1203e-16)
(-0.252182 -0.452083 -4.69134e-16)
(-0.329282 0.360953 -1.73138e-16)
(1.57897 2.90696 1.14407e-16)
(-0.259435 0.90798 -2.43224e-16)
(-0.5579 -0.488763 -5.93007e-16)
(1.59955 5.12617 1.70235e-16)
(0.528563 0.700297 0)
(8.12091 0.0916551 -1.57633e-17)
(1.06709 6.97814 -5.97261e-17)
(-0.67951 1.26691 3.10389e-16)
(-0.409195 -0.709559 -1.86701e-16)
(2.24802 7.36884 -2.82516e-16)
(2.07112 8.20152 2.52747e-16)
(1.00524 4.50877 1.68982e-16)
(-0.0206117 -1.63375 0)
(-0.0187702 -1.58909 -4.42034e-17)
(0.574495 0.435834 0)
(0.694138 8.42845 -4.95546e-17)
(9.97774 0.403544 -1.86637e-17)
(8.80142 0.142312 -3.28448e-17)
(-0.0388183 1.42136 -1.55597e-16)
(-0.217769 1.21538 -1.46142e-16)
(-0.350186 0.580879 1.31274e-16)
(-0.242745 -1.00775 -1.00913e-16)
(0.271027 -1.41152 0)
(0.0194952 -1.24629 -1.14027e-17)
(-0.0377308 -1.53393 0)
(-0.331879 -0.649601 2.44699e-17)
(2.00628 7.10263 5.84777e-17)
(-0.0497766 -1.5981 0)
(0.597368 0.156432 0)
(-0.63743 4.22008 0)
(0.346478 -1.62082 3.79652e-17)
(9.92948 0.153909 -1.39844e-17)
(0.273238 -1.63916 0)
(-0.321669 1.20211 -5.98397e-19)
(-1.22778 5.9909 1.33566e-17)
(0.277861 -0.482083 1.37125e-21)
(0.410076 -0.384947 0)
(0.350489 -0.635853 2.16761e-16)
(0.170326 -2.03299 0)
(-0.310947 -0.80978 6.84972e-22)
(-0.403223 0.585472 -7.12751e-17)
(-0.148513 -1.50609 -4.08597e-17)
(-0.103207 2.96502 -7.88756e-17)
(-0.121029 2.84651 0)
(-0.00674121 -1.92472 3.11635e-17)
(9.65841 1.27489 0)
(-0.561092 -0.365143 4.36058e-17)
(10.5247 0.118414 -9.7165e-17)
(-0.167461 -1.39853 0)
(1.45335 6.52941 -3.80391e-16)
(-0.805403 5.29551 7.66897e-18)
(-0.0908297 -1.55837 4.18044e-17)
(0.108892 -0.356738 0)
(0.442142 -2.06329 8.78076e-21)
(0.027332 -1.71417 -1.13983e-16)
(0.346971 -1.90266 5.63215e-17)
(-0.667013 0.239709 -1.75183e-16)
(0.0268812 0.158795 1.26176e-18)
(-0.084458 -1.10827 0)
(0.422272 -0.671246 1.78766e-16)
(-0.183348 -1.31492 0)
(0.120145 -1.84717 3.71283e-17)
(0.321512 -1.27732 -9.89816e-17)
(8.7748 0.185406 4.51776e-17)
(8.02826 0.168987 -1.31105e-16)
(0.148775 -1.50837 4.76718e-17)
(0.220618 -1.92515 -1.47756e-17)
(-0.298108 -0.607315 2.04498e-17)
(-0.122785 -1.36545 -3.86201e-17)
(0.248859 -0.0247748 4.38261e-17)
(0.289749 -1.29834 0)
(0.106293 -0.487798 3.50297e-16)
(3.21756 4.25416 0)
(0.387474 -0.425181 -1.38647e-16)
(0.741503 2.71806 1.82677e-16)
(0.418211 -0.387494 1.84007e-16)
(0.629493 2.3289 0)
(-0.343495 0.251962 4.74202e-17)
(-0.397521 1.341 5.38622e-17)
(0.303903 -0.913608 2.58467e-17)
(9.80457 0.109592 0)
(-0.353683 -0.0765937 0)
(-0.0934811 -0.723452 1.24215e-20)
(0.198287 -1.59628 -4.12566e-17)
(0.127667 -0.361525 2.41356e-16)
(8.2242 -0.0423157 4.40669e-17)
(-0.171949 -1.05998 7.55061e-17)
(-0.970024 0.249127 3.31497e-17)
(-0.0119377 -0.712693 -6.44486e-17)
(0.202446 0.524051 -8.54522e-17)
(0.393674 -0.332067 -2.00014e-16)
(8.14801 -0.0373823 -5.28168e-19)
(9.27646 1.26137 4.77222e-17)
(0.140667 -0.461428 -3.50461e-16)
(0.157515 -1.23585 0)
(0.0153034 1.39174 0)
(0.891016 4.27713 6.67106e-16)
(-2.2051 0.449505 -1.24724e-16)
(-0.822974 -0.204241 -4.96745e-16)
(0.107704 -0.836907 0)
(9.70884 1.01378 1.35438e-16)
(1.11277 0.93048 0)
(0.320469 -0.766883 1.38116e-16)
(-1.33748 -0.171427 -5.70123e-16)
(-0.297312 1.23524 1.7301e-16)
(2.11942 2.5362 0)
(-0.357386 1.31456 9.43755e-18)
(1.54756 7.12426 0)
(0.759255 1.26116 2.42279e-16)
(0.102162 -1.23166 1.15886e-16)
(0.372669 -1.48955 1.19211e-16)
(0.220554 -1.0135 -1.36525e-16)
(8.86987 2.49766 -2.98039e-17)
(0.621011 -0.143639 -4.85435e-18)
(9.80437 0.0864013 2.2866e-16)
(-0.105499 -0.7702 0)
(0.447862 -0.260063 -9.43907e-20)
(1.07793 0.0348867 -2.41968e-17)
(0.250239 -1.27584 0)
(0.480052 -0.629303 3.46306e-16)
(9.94831 1.08632 0)
(1.19692 -0.487615 4.43335e-18)
(10.7617 0.488606 -3.38949e-18)
(0.328028 2.84472 0)
(-0.329322 3.12279 -9.61712e-17)
(10.0004 0.0701896 -1.15058e-16)
(9.8687 1.33214 0)
(9.7046 1.62187 -5.31424e-18)
(0.223666 -1.21526 0)
(-0.175351 0.405375 -9.46572e-17)
(0.381045 -1.54368 -1.64624e-17)
(9.7551 0.915503 7.29166e-18)
(1.92988 -0.532144 -1.85684e-16)
(0.365699 -0.522408 -2.34052e-16)
(0.69748 -0.564832 -4.30274e-16)
(-0.213321 -0.90087 -4.24337e-17)
(0.30054 -0.932532 -5.52629e-18)
(0.294882 -0.515895 6.40643e-19)
(-0.289304 0.56736 -9.14131e-17)
(1.02804 2.08816 0)
(0.172685 -1.08548 1.87459e-19)
(-0.384037 2.17858 4.95459e-17)
(5.96538 1.36368 -4.60481e-17)
(7.25991 2.5534 6.35312e-18)
(-0.0655155 -0.1669 -1.6016e-16)
(-0.657655 -0.362476 0)
(0.17461 -0.161493 -1.75461e-16)
(6.65728 1.90707 0)
(9.80597 0.798003 -1.35597e-17)
(-0.675494 6.45291 0)
(-0.0595063 3.99862 4.44654e-17)
(0.207998 0.0213986 -1.16512e-16)
(-0.292994 -0.0855523 -5.62267e-21)
(-0.374598 -1.14301 9.81204e-17)
(0.517795 0.0342819 0)
(0.556875 0.307966 3.58868e-16)
(0.423909 -0.812225 -6.77754e-17)
(0.436801 -1.80978 1.27991e-20)
(6.57945 1.62388 -6.4864e-17)
(-0.547604 -1.22142 8.06186e-17)
(-0.0948461 0.239788 9.83624e-17)
(-0.0674773 -0.674316 -1.42176e-17)
(9.80875 0.0583212 0)
(-0.338277 2.07561 4.50224e-17)
(0.508822 0.397876 -1.19408e-16)
(0.0281533 0.181563 -1.42947e-16)
(9.81366 0.0488171 -4.78548e-17)
(-0.343013 -0.0355967 7.31215e-17)
(-0.230897 -0.635894 3.79246e-17)
(-0.138579 -1.20987 -8.06287e-17)
(9.12064 1.27909 3.807e-17)
(9.09878 1.77496 2.10538e-17)
(0.568562 0.0839791 3.02024e-16)
(0.294843 -0.918135 -1.85969e-17)
(-0.293332 3.94727 0)
(9.82502 0.0595204 1.89312e-16)
(-0.159368 0.143371 3.69593e-16)
(0.640507 -1.88433 -1.83927e-17)
(0.289979 -0.070441 0)
(0.295664 -0.890027 3.11181e-17)
(-0.50212 5.4112 -6.30114e-17)
(0.32021 3.57439 5.54575e-17)
(0.38262 0.29496 3.78148e-16)
(-0.434721 -0.465362 0)
(0.174677 -0.197752 2.73449e-17)
(9.41392 1.89424 4.46104e-17)
(8.8471 1.10328 0)
(-0.454502 5.24012 8.83566e-17)
(-0.151237 -0.673019 -6.99656e-17)
(9.80109 0.0692702 8.5083e-17)
(9.91826 0.159192 -2.34011e-17)
(0.360724 -1.39245 -2.50292e-16)
(-0.143262 -0.0744292 -4.27828e-16)
(0.427229 -0.169953 2.16951e-17)
(0.0268307 -0.161671 1.08909e-16)
(0.808705 0.104231 -3.83862e-16)
(0.776202 0.316472 -3.68221e-19)
(9.80551 0.130225 0)
(1.43978 -0.428477 1.64421e-16)
(10.0121 0.0712782 4.05626e-17)
(-0.431856 1.34129 -5.39378e-17)
(-0.224878 -0.0968446 1.59199e-16)
(0.56312 0.389069 -5.51857e-17)
(-0.0329489 0.0470798 -1.00257e-16)
(9.82549 0.0852981 -2.66404e-17)
(0.684572 0.13064 -2.06287e-16)
(0.386394 0.10866 -2.62043e-17)
(8.73336 0.287512 0)
(8.86193 0.763844 8.20955e-17)
(-0.409655 0.941986 6.92314e-17)
(0.0135788 1.36211 1.90465e-16)
(-0.697366 -0.424945 0)
(9.06608 2.13308 -3.18395e-17)
(0.506256 0.710234 -1.65021e-16)
(0.0294188 -0.314433 2.35412e-18)
(-0.23645 1.85714 -2.95993e-17)
(-0.798977 -0.0451532 2.1396e-17)
(0.425988 -1.75069 -1.94385e-16)
(-0.257877 -1.29567 -5.6267e-20)
(0.155936 -1.59753 3.44971e-16)
(0.334106 -0.0969204 -4.31951e-17)
(0.41777 -0.0937078 0)
(-0.537963 -0.543876 1.56431e-16)
(6.84077 0.0860815 2.33896e-17)
(0.396081 0.0426172 0)
(0.347237 -0.506144 -1.85539e-17)
(-0.09818 0.366183 -7.89337e-17)
(0.0239739 -0.741017 1.15826e-16)
(-0.115351 -1.30092 -3.90308e-17)
(-0.0866324 -0.032977 -8.4519e-17)
(-0.980281 -0.313342 3.18036e-16)
(9.81864 0.110364 0)
(9.02253 1.30951 -6.14848e-17)
(0.316023 -0.526408 0)
(0.427915 -1.22137 1.5294e-16)
(9.41503 1.0932 -6.78245e-17)
(-0.242731 -0.87969 7.67425e-17)
(-0.095064 0.326441 3.52502e-16)
(4.7857 2.84959 1.00102e-16)
(9.01612 1.41922 -3.30939e-19)
(-0.232337 0.801268 -1.79912e-16)
(10.0081 0.0779625 -1.18253e-17)
(5.09208 0.318572 2.58665e-16)
(0.508029 -1.16385 2.7637e-16)
(-0.300098 0.517188 4.28515e-18)
(-0.261501 -0.909228 -1.00491e-16)
(-0.48464 1.3012 -3.4961e-17)
(0.158272 0.0599893 -1.04833e-16)
(8.12128 0.299475 4.95073e-21)
(0.455611 -0.347955 3.31016e-16)
(-0.380034 3.16991 -1.14542e-16)
(8.89603 1.3007 -9.22384e-19)
(-0.047846 0.492161 9.35218e-17)
(8.50019 0.331658 0)
(9.56612 0.112451 2.31856e-17)
(9.8121 0.11197 1.30027e-17)
(-1.29224 5.77616 1.38914e-16)
(-1.33875 -0.0895076 -4.38004e-16)
(7.6955 0.296035 -2.41788e-17)
(-0.446612 1.80815 0)
(-0.122928 1.28973 1.17019e-16)
(1.73285 0.14655 -2.83508e-16)
(0.537282 -0.148008 0)
(-0.278874 -0.896943 0)
(0.231362 0.10356 1.74938e-16)
(2.2251 0.159664 2.63849e-16)
(2.64335 0.195947 0)
(-0.322424 4.69699 -1.78873e-16)
(9.51233 0.981564 -7.3365e-18)
(0.811429 0.68873 1.74919e-16)
(0.880084 -1.54911 1.10379e-16)
(-0.148696 0.468435 0)
(0.853837 0.277888 -3.55036e-16)
(0.379208 -0.0901439 1.60373e-16)
(-0.445621 3.51019 1.10778e-16)
(5.9794 -0.27661 0)
(0.177403 0.27579 0)
(5.17061 0.120156 0)
(8.92754 0.353449 8.09998e-18)
(9.12495 1.64099 1.12591e-17)
(10.3883 0.7901 -1.39286e-17)
(9.16108 0.946135 7.60261e-17)
(1.71729 0.173518 2.18682e-16)
(-0.34596 4.98074 4.15122e-17)
(9.00099 1.39598 -1.37592e-16)
(3.10046 0.210012 0)
(3.92712 0.191473 5.17228e-17)
(0.860208 0.534413 0)
(0.298099 -0.192147 -1.28727e-16)
(9.94555 0.036478 6.14542e-18)
(10.9413 0.0582287 0)
(9.48674 0.106737 5.57926e-18)
(6.57462 0.549158 -1.72555e-16)
(1.62277 -0.0743787 -3.71855e-16)
(6.97695 0.76815 1.26551e-16)
(4.66828 4.63232 0)
(3.23434 5.5768 1.76703e-18)
(9.60388 0.0123662 1.05948e-16)
(-0.0178455 1.82916 -1.84315e-16)
(1.13164 0.0250627 -6.33087e-18)
(2.32527 6.59858 -3.77899e-17)
(5.37031 0.176063 7.13201e-19)
(3.54347 0.208645 8.42201e-19)
(0.485229 -1.52285 5.07369e-20)
(0.816961 6.70486 0)
(-0.165334 0.274299 1.80173e-16)
(-0.438376 -0.906501 1.56619e-16)
(0.696327 -0.405987 -1.73414e-16)
(4.87358 0.116183 0)
(0.0358785 -0.0383441 9.92842e-17)
(1.05134 1.91173 3.21098e-17)
(0.304593 -1.12543 -1.53397e-16)
(1.12113 -0.355635 -1.94064e-17)
(0.85736 0.461134 -1.28512e-16)
(0.103064 0.136633 6.71453e-17)
(4.26742 0.164878 -5.32945e-17)
(-0.174264 4.04273 0)
(-0.661312 -0.361013 1.7006e-16)
(3.66365 2.61978 -4.7382e-16)
(-0.354444 0.384204 -9.82578e-17)
(-0.168101 -0.746972 -1.41148e-16)
(-0.181891 0.432337 -6.15828e-20)
(5.79812 0.454696 -1.16499e-18)
(0.641753 0.823813 1.8114e-16)
(9.5887 0.87943 0)
(1.31775 0.0423798 0)
(3.28867 1.54276 -1.01075e-16)
(9.99389 -0.0115172 2.92617e-18)
(9.86718 0.209919 0)
(-0.052771 0.138854 -9.65439e-17)
(-0.759434 -0.999425 0)
(0.168526 4.85551 -1.15001e-16)
(9.87872 0.124373 2.60454e-17)
(0.172053 -0.90097 2.2061e-16)
(0.305711 0.330345 0)
(8.77546 1.23896 2.90841e-17)
(-0.690311 -0.937535 -1.14752e-16)
(-0.177431 -0.0683165 9.20602e-17)
(0.408126 0.0726967 -2.13013e-16)
(1.77143 7.99519 1.03391e-16)
(0.786819 0.744069 -3.70502e-17)
(-0.155892 2.48955 4.40472e-16)
(-0.148019 0.491813 0)
(9.70972 0.141861 -8.73541e-17)
(9.84704 0.0857246 -2.82455e-18)
(-0.33905 4.80475 -7.99855e-17)
(0.0152213 -0.12656 1.04647e-16)
(2.4424 -1.79781 -1.2834e-16)
(6.13556 0.0506804 3.41189e-17)
(5.63737 0.221509 -4.723e-17)
(4.59216 -0.295868 -2.13852e-16)
(5.23745 0.172622 0)
(5.60798 0.0572376 -1.56865e-16)
(7.24935 -0.0451187 0)
(6.11177 -0.0786249 3.90373e-17)
(4.57944 0.137231 6.10078e-18)
(0.876098 -0.638878 -8.04694e-16)
(1.14046 0.0328104 -3.81172e-16)
(11.1115 0.437814 5.38565e-17)
(1.07327 1.29201 -2.86033e-17)
(0.257537 0.415726 2.35204e-17)
(-1.1363 -0.559189 6.15017e-16)
(0.0279389 -0.151122 4.34883e-20)
(-0.197246 -0.414214 0)
(-0.567932 0.333542 -2.07724e-16)
(0.328001 -0.445352 -4.14794e-17)
(-0.112402 -0.106992 0)
(-1.78973 0.298911 2.83446e-16)
(9.14882 0.558381 3.09002e-16)
(0.335593 -1.38762 -2.24518e-16)
(8.35426 -0.0167981 4.26859e-17)
(-0.438957 -0.645381 -6.88891e-17)
(0.256029 -1.29184 -1.2929e-16)
(9.66685 0.770182 0)
(8.66684 0.934216 -4.1929e-17)
(10.3754 0.490587 0)
(5.92892 0.117294 0)
(0.961708 3.895 1.16344e-18)
(8.69207 1.11863 9.34378e-20)
(-0.191776 -0.808461 4.07027e-17)
(0.00517953 -0.603147 -4.03714e-16)
(0.435268 -0.253444 3.54207e-16)
(9.73016 0.0266898 1.12265e-17)
(0.518053 -0.388541 1.44166e-16)
(0.190173 -0.733245 2.69866e-16)
(-0.448418 -0.75473 1.5313e-16)
(-1.0717 0.0269778 -3.33533e-16)
(3.29029 4.8688 3.73407e-17)
(0.339738 0.757706 2.33093e-16)
(0.456294 3.73441 -4.83544e-17)
(-0.465605 5.14685 0)
(9.88966 0.19934 0)
(9.55463 0.0199207 6.11158e-17)
(9.7925 0.0622883 -8.94571e-17)
(0.822673 0.868155 -2.23853e-16)
(0.838384 -1.05158 -3.76081e-17)
(0.0493438 0.444286 3.98245e-17)
(0.337694 -0.196284 0)
(-0.116793 0.391771 0)
(9.96161 0.274397 6.65029e-17)
(8.3917 1.81597 0)
(-0.0458173 -0.136936 -9.29448e-17)
(-1.52669 -0.125117 -2.59055e-16)
(8.64385 0.425501 1.65574e-17)
(1.88337 7.47714 0)
(0.396152 0.254895 3.27928e-16)
(0.384421 -0.468807 0)
(-0.682879 0.389027 1.88427e-16)
(8.5097 2.29459 -1.04257e-16)
(-1.17339 0.962224 0)
(-0.913875 0.971264 -1.25353e-16)
(0.293461 -1.05685 -8.37409e-17)
(9.79205 0.0585946 -8.03671e-17)
(0.0642282 0.0407585 2.08207e-16)
(-0.957616 0.664176 0)
(0.120602 0.433697 9.23465e-17)
(-0.732319 0.0345119 -8.73533e-17)
(10.5411 0.105496 0)
(-0.0761742 0.275044 0)
(0.386384 -0.0656846 2.61404e-16)
(-0.346619 0.734453 -1.30893e-16)
(0.344812 0.880938 0)
(6.87352 0.0741064 1.89387e-16)
(9.38704 0.123835 0)
(-1.17014 6.56374 -1.30325e-17)
(0.702759 0.638135 -1.49896e-16)
(9.74202 0.1191 6.57733e-17)
(0.154264 0.695527 -2.12061e-16)
(4.16981 1.67655 -3.00985e-16)
(-0.536166 0.447864 -1.21358e-16)
(0.0391209 -0.676913 0)
(0.36579 -1.33106 -2.53374e-16)
(0.716798 0.666683 3.28091e-17)
(0.635308 -1.02108 0)
(0.695075 -0.821043 -1.91531e-17)
(-0.384436 -0.754001 1.87678e-16)
(-0.233011 -1.22591 6.97141e-17)
(1.2736 0.0705327 0)
(1.59352 -0.00297234 7.59697e-19)
(11.2005 0.197116 -5.03429e-17)
(-0.0316092 0.458752 4.40798e-17)
(-0.516573 0.446893 5.8925e-16)
(-0.575031 -0.0882068 1.05311e-16)
(0.621266 0.223078 3.92074e-16)
(9.80451 0.0882088 6.25412e-17)
(-0.442426 5.0488 0)
(1.66914 -0.20556 2.17767e-18)
(-0.495904 -0.611632 -1.98124e-16)
(0.380842 -0.0323298 -3.49127e-16)
(0.0603119 -0.491459 -1.14057e-16)
(9.53079 0.0351305 1.00035e-19)
(-0.0379447 1.92479 0)
(0.149978 1.02133 5.77315e-18)
(0.329414 -1.62308 -9.78848e-17)
(9.9752 0.253705 2.96121e-17)
(0.488247 -0.286568 2.68979e-16)
(9.79241 0.0376365 7.93196e-21)
(9.80357 0.147276 0)
(7.87358 0.117869 5.06797e-17)
(-0.43901 1.15451 0)
(5.82484 -0.0433921 -2.091e-16)
(-0.272363 3.74404 -1.68288e-16)
(1.69511 0.0692796 0)
(0.0906768 0.702784 -8.46478e-17)
(8.49371 1.45394 -2.06044e-17)
(0.608571 1.95153 9.47657e-17)
(0.384454 1.52167 -8.78226e-18)
(0.0483526 0.360253 0)
(0.263111 0.834906 9.62188e-18)
(0.376696 2.24965 1.78444e-17)
(-0.0645711 0.155639 4.55189e-17)
(-0.0501282 0.062509 -9.88849e-17)
(0.431107 -0.614506 2.14736e-16)
(-0.322424 -0.0263238 0)
(-1.55848 -0.0154694 3.06958e-16)
(9.76554 0.0693168 1.15083e-17)
(-0.0277251 0.0309416 -6.3374e-21)
(-0.0867773 0.322133 0)
(-0.551169 -0.411487 8.2636e-17)
(0.152619 -2.60343 1.51727e-18)
(-0.136634 0.685435 -2.4264e-16)
(1.0826 0.403995 -4.55485e-18)
(-0.0529295 0.0532276 -2.47321e-16)
(-0.411097 2.18317 -8.41638e-17)
(0.0220987 0.739079 -1.32421e-16)
(-0.224103 3.72483 5.18315e-17)
(0.22848 -0.83951 3.30188e-16)
(1.76321 4.96161 0)
(0.347383 -0.784436 -1.84589e-16)
(-0.00615032 0.0195287 -1.46469e-17)
(0.461514 0.849938 3.90556e-17)
(0.181951 -0.780818 -1.12196e-16)
(0.245485 0.639959 -4.62553e-17)
(-0.223959 4.28921 1.28591e-16)
(-0.161072 1.29074 7.56987e-17)
(-0.763342 -0.267054 1.34009e-16)
(1.14422 0.15214 2.31048e-18)
(0.560848 -0.396135 -2.52526e-17)
(-0.0221026 0.0113427 2.27474e-16)
(-0.0293709 0.0237686 -2.8387e-17)
(-1.72658 0.815677 -6.71572e-17)
(-0.00874568 0.770041 0)
(0.173405 -0.287624 4.52117e-17)
(-0.151003 0.697297 1.7456e-16)
(-0.552674 -0.63013 1.01829e-16)
(0.27708 -0.34071 1.8821e-19)
(4.57654 0.361174 -2.95986e-16)
(-0.15224 4.39707 1.69125e-17)
(-0.707924 -0.208001 2.58534e-16)
(9.78938 0.0459316 -7.67816e-17)
(-0.00711779 -0.00069428 -5.72987e-17)
(-0.00885798 0.0112792 1.10012e-16)
(-0.810469 0.326326 2.54757e-17)
(0.40736 -0.380698 -1.53176e-16)
(10.8405 0.342513 -7.92939e-20)
(0.260632 -1.15101 1.33682e-16)
(-0.623103 6.1554 -1.26593e-16)
(-0.067986 4.07614 2.52106e-16)
(-1.48778 2.25639 2.64867e-17)
(-0.00875877 -0.141276 -1.40926e-16)
(2.87929 5.22116 1.4674e-16)
(-0.0148848 0.165815 0)
(-1.35645 2.04896 0)
(-0.00168088 0.79443 2.58574e-16)
(9.6993 0.0460157 3.41906e-17)
(0.181697 -1.26377 2.77256e-16)
(0.286944 -0.545792 -1.80126e-16)
(10.409 0.203286 1.45837e-17)
(-0.0230164 -0.418051 1.84558e-16)
(-0.0258528 1.56396 -3.69162e-17)
(5.93258 0.103118 0)
(-1.82391 -1.21756 0)
(-0.0702506 0.775142 3.6899e-17)
(-0.0916219 2.63177 1.80508e-16)
(-0.412754 3.0731 1.62975e-16)
(10.8769 0.0890653 4.62681e-17)
(-1.00037 1.04589 5.5006e-17)
(-0.770956 1.05767 2.08311e-17)
(9.77113 0.576686 2.60069e-16)
(1.7816 0.00300406 4.58106e-16)
(0.48838 2.09991 -4.01504e-16)
(9.97735 0.126717 -8.58596e-17)
(0.683713 0.601898 -3.79873e-16)
(0.0455144 0.366977 1.36752e-16)
(-0.507181 1.18361 0)
(9.80489 0.0436308 6.09262e-17)
(10.3465 0.681507 -3.39166e-18)
(1.28207 0.0179719 0)
(-0.80062 6.67999 -3.02229e-18)
(2.04373 3.95229 2.39014e-18)
(-0.0535647 4.07779 -3.15564e-17)
(1.26488 0.423501 7.17796e-17)
(-0.393274 3.15919 1.50715e-17)
(0.459417 -0.185182 3.83691e-16)
(0.28885 0.987023 2.0897e-16)
(-0.881951 0.128738 1.021e-16)
(-1.35799 0.110767 2.75488e-16)
(9.7155 0.405146 -1.92139e-18)
(-0.335297 -0.407735 0)
(0.272097 -0.00868328 -4.81182e-17)
(0.12494 -0.456009 2.58075e-17)
(0.138855 3.40397 0)
(4.63851 0.0564351 0)
(-0.0472133 0.517566 -1.48898e-16)
(-0.530018 1.27742 -2.65713e-16)
(0.107481 -0.987934 -1.34298e-16)
(3.47354 1.24001 0)
(-0.478203 -1.43378 0)
(-0.170079 4.56575 7.05429e-18)
(2.65744 1.52417 6.91975e-17)
(9.83681 0.23256 8.24547e-17)
(0.301728 -1.70131 -3.81548e-17)
(-0.512107 0.146955 -1.38359e-16)
(-2.18753 2.34362 0)
(-0.0228494 0.849789 -3.44562e-16)
(-0.016439 -0.0609456 8.44494e-17)
(-1.20088 -0.517283 -1.37822e-16)
(0.269803 -1.58121 3.45709e-17)
(-0.752078 -0.283409 1.48827e-16)
(5.23957 0.230527 -1.40627e-16)
(-0.379593 3.08164 2.67109e-16)
(8.76636 1.45736 1.51621e-17)
(0.199762 0.638847 6.05078e-16)
(-0.619809 -0.411421 -1.28327e-18)
(7.00295 0.249734 0)
(-0.353772 4.26994 -7.97502e-17)
(0.442218 0.249977 4.18959e-16)
(-1.98449 0.497814 1.36928e-17)
(-1.93166 0.281585 0)
(0.509948 0.240081 -8.35105e-16)
(10.822 0.403805 1.53677e-17)
(0.062167 -0.462479 9.70579e-18)
(7.8092 0.930298 -1.9317e-16)
(0.208284 -1.54877 -4.83309e-16)
(-0.410371 4.19377 1.4578e-16)
(9.97392 0.224298 -7.54206e-17)
(2.86201 -0.282894 -1.0048e-16)
(7.53007 0.276299 -1.03114e-16)
(0.357996 0.454854 0)
(0.65835 3.16083 -7.841e-18)
(10.8276 0.124149 -1.71716e-16)
(9.87348 0.216898 -6.94022e-17)
(-0.340711 4.19999 -1.34866e-17)
(0.57925 -0.143776 -2.00841e-16)
(9.8547 0.260069 6.28573e-17)
(-0.480714 3.59899 -4.92165e-17)
(2.12228 6.00624 -1.90262e-18)
(9.7193 0.0337138 8.80199e-18)
(0.423289 -1.38979 1.59886e-16)
(0.0232816 -0.0496302 6.43187e-16)
(0.560099 4.5763 0)
(10.9465 0.377863 3.16099e-17)
(10.8284 0.374746 -3.35791e-18)
(0.0222784 0.771736 1.48791e-16)
(-0.0367378 -1.6423 0)
(0.395212 -1.15251 0)
(-0.904095 -0.0445755 3.25458e-16)
(8.04932 0.322089 -8.52594e-17)
(0.0121579 0.821499 1.228e-16)
(-0.861383 3.15544 -8.44818e-17)
(1.42501 0.0129377 2.62443e-16)
(10.929 0.205783 -4.7883e-17)
(0.0521727 1.17397 4.27238e-17)
(-0.417674 -0.698877 -1.52265e-16)
(9.86745 0.130606 -2.61083e-17)
(0.535972 -1.11 1.3304e-16)
(7.52735 0.618163 1.77727e-16)
(5.59932 0.199311 0)
(0.0119708 0.075134 -3.26071e-16)
(0.974343 -0.0513172 4.15937e-17)
(10.2644 0.148735 1.42874e-17)
(-0.116192 0.365763 -3.47337e-16)
(3.90213 2.95512 0)
(5.74883 1.08925 5.79579e-17)
(-0.057428 0.369198 0)
(0.434267 3.09248 1.595e-18)
(0.215367 -3.97032 4.65794e-17)
(0.276328 -0.0779567 -2.26327e-17)
(9.50947 0.0580481 -6.25533e-17)
(0.455202 -0.089823 1.98415e-16)
(0.00625669 -0.0215453 -9.8217e-17)
(-1.09888 -0.672976 -1.86127e-16)
(5.42191 0.227948 0)
(-0.476357 0.23826 -4.31123e-16)
(0.00450997 2.05543 5.81729e-17)
(0.263773 -1.65428 -3.57297e-16)
(1.07809 -0.0116638 -2.91127e-16)
(-0.864433 0.187697 -5.19542e-19)
(1.54975 0.022224 0)
(0.343777 -0.600108 0)
(-0.725655 0.194636 5.03915e-17)
(7.34789 3.24711 4.93268e-17)
(7.88837 2.32642 1.74934e-18)
(-0.727915 -0.031624 -9.55609e-17)
(0.654457 -0.483789 1.42664e-17)
(10.9805 0.395021 -1.46517e-17)
(-0.0471979 0.570167 0)
(-0.964202 -3.86267 0)
(0.000288226 0.124569 -1.05569e-16)
(0.0552375 -0.901581 8.39412e-17)
(-0.163182 -0.725451 0)
(-0.755682 0.8589 0)
(-0.210594 0.855895 2.87984e-16)
(11.0045 0.375284 -2.52216e-17)
(-0.885115 -0.0676037 -3.66626e-16)
(-0.0844226 0.191136 2.28046e-17)
(-0.0960322 1.68079 0)
(1.13009 0.0239208 5.29888e-16)
(0.472376 1.81015 0)
(0.900031 -0.0816513 1.77313e-16)
(8.77961 0.800516 -1.23613e-16)
(-0.846054 -0.493183 2.19585e-16)
(-0.328844 0.215893 0)
(0.0444496 -0.48317 0)
(0.339926 0.0403152 -4.0691e-16)
(-0.383488 3.11594 1.1163e-16)
(-0.252561 3.44277 2.22964e-16)
(0.278066 0.706461 -6.45511e-17)
(9.84272 0.18907 -2.56672e-17)
(-0.713864 4.73716 -9.17513e-17)
(-0.0332356 -0.0846558 5.6806e-16)
(1.67469 -0.223998 4.15311e-16)
(9.75618 0.0923906 2.16976e-17)
(0.856461 1.36338 1.38889e-17)
(-0.0412778 0.0485389 1.52047e-18)
(-0.76719 -0.660395 1.48856e-16)
(0.1456 0.920918 -2.52742e-17)
(0.469763 -0.360389 2.30948e-16)
(1.59149 0.0427721 2.22219e-18)
(-0.614712 5.43629 -4.01587e-17)
(9.51558 0.425615 -7.8767e-18)
(0.80844 0.0337633 2.30176e-16)
(9.62791 0.09645 -4.45371e-17)
(3.45596 0.50681 -4.87686e-17)
(-0.0238479 0.702914 1.25048e-17)
(-0.834867 0.271682 1.31687e-16)
(0.561445 -0.317778 -1.73797e-16)
(-0.383362 3.09052 1.54414e-17)
(7.44336 0.316912 0)
(1.35058 0.0178567 3.12915e-16)
(-0.14364 0.130935 2.40976e-17)
(-0.322229 -0.575529 -2.50738e-18)
(-0.0278482 0.214212 0)
(9.91899 0.0975289 2.03365e-17)
(0.35717 0.575842 3.84447e-16)
(-0.240422 2.7649 3.31386e-17)
(-1.55236 -1.53133 6.8836e-17)
(10.662 -0.0206957 -1.2131e-16)
(10.2403 0.126196 2.43695e-17)
(7.52829 1.52737 0)
(-1.02697 -0.0271053 5.18333e-16)
(1.22445 0.0244026 -7.92441e-17)
(-0.308667 -0.938063 -8.7828e-17)
(0.977504 0.103402 2.55974e-16)
(2.69215 1.23174 -2.68531e-16)
(8.2196 1.37959 7.10347e-18)
(-0.199975 0.460127 -1.56295e-16)
(-0.420666 -1.04304 3.48646e-16)
(10.0401 0.160433 4.29474e-19)
(4.26319 2.39709 -1.01835e-16)
(0.148367 0.625007 2.08388e-16)
(7.32521 0.314716 2.08782e-17)
(-0.420556 0.541339 -3.01648e-16)
(-0.156738 -0.650627 4.09697e-16)
(5.84224 3.25022 1.15026e-16)
(6.74224 -0.0777239 1.32366e-16)
(-0.0607593 0.4754 0)
(-0.369936 4.46543 -7.66163e-18)
(-0.405189 3.08162 0)
(0.307424 -3.08179 6.4657e-17)
(-0.563289 -0.292062 0)
(0.790121 1.30177 0)
(10.6059 0.209886 0)
(0.285182 0.43835 -4.3759e-16)
(-0.0120682 3.51551 -1.15257e-16)
(-0.427553 4.87654 4.40672e-16)
(0.323103 -1.02973 0)
(-0.17548 2.43694 0)
(7.5318 -0.19806 1.25281e-16)
(9.96997 0.333405 2.35477e-16)
(-0.332226 0.655177 -4.77764e-17)
(-0.307352 2.05321 -7.64545e-17)
(10.0189 0.0245537 -6.3781e-18)
(10.6129 0.305612 0)
(7.43904 2.98647 6.25817e-17)
(-0.32055 4.09585 -7.00895e-18)
(0.437571 1.54715 5.86e-17)
(0.23586 -0.7882 0)
(-0.728017 -0.166277 0)
(0.186291 1.20457 4.70642e-16)
(1.00008 0.00764008 1.49182e-16)
(0.407729 -0.0568104 4.5991e-17)
(3.87127 0.0468483 -3.69002e-16)
(-0.410321 -0.124718 -4.08983e-17)
(-0.390129 3.16164 0)
(5.79178 0.128021 5.28997e-17)
(-0.28217 0.360783 5.98713e-17)
(0.0357791 3.49413 0)
(7.9524 1.21212 0)
(1.19558 2.25336 2.51304e-17)
(8.29467 0.60325 -2.11901e-16)
(11.2122 -0.0138594 2.31502e-16)
(9.94564 0.121129 1.15216e-16)
(10.6845 -0.0207291 1.04663e-16)
(-1.92806 -0.8078 -1.31517e-16)
(-0.040058 0.795046 -5.70474e-17)
(-0.501921 -4.49226 -4.78151e-17)
(-0.0354161 0.646465 0)
(-0.161567 0.988222 1.7585e-16)
(-1.99114 5.89015 8.75497e-17)
(-0.0593863 0.309769 -2.77597e-16)
(-0.929763 0.133784 -1.53999e-16)
(-0.0228636 0.331343 0)
(0.955481 0.625933 1.95771e-17)
(1.50104 0.288683 0)
(1.57941 9.65309 -8.55055e-17)
(-1.07956 0.580155 -1.16001e-16)
(-1.07291 0.620626 3.34827e-17)
(-0.650461 0.264059 -4.70026e-16)
(-0.0257588 0.168026 0)
(-1.35731 0.966035 -6.74691e-17)
(0.345904 -0.302016 1.08848e-16)
(8.25742 -0.144746 0)
(0.00838542 0.632973 -4.17897e-16)
(-0.628357 1.57675 0)
(9.80929 0.261484 2.19378e-17)
(0.992341 0.499517 -4.66965e-17)
(2.46207 0.516845 0)
(-0.260337 1.19507 0)
(1.33469 -0.0132354 -3.04049e-17)
(6.21517 0.249374 0)
(-0.354799 2.49532 -1.32435e-16)
(0.45613 0.714487 -1.03466e-18)
(-0.362466 0.101533 2.56678e-16)
(-0.762653 -0.706928 4.81006e-19)
(0.0126486 5.93682 1.03744e-16)
(-0.0695835 3.23206 -3.13734e-16)
(11.0908 -0.0167367 -2.97365e-17)
(9.91191 0.236823 1.56149e-16)
(0.373724 -0.236426 -3.54967e-16)
(-1.50342 -1.31579 -1.11015e-16)
(0.768496 -0.204013 -3.53527e-17)
(-0.331288 4.79478 3.53175e-18)
(0.426709 -0.35315 1.98137e-16)
(-0.126516 -0.689692 -7.96296e-17)
(-0.918089 0.118495 1.54699e-16)
(9.67217 0.0585667 -6.23341e-17)
(0.898068 2.16803 -1.48234e-17)
(9.78979 0.0447642 -1.72089e-16)
(9.96389 0.66994 1.20157e-16)
(0.147151 0.746868 3.43629e-16)
(10.8597 -0.10645 -2.56097e-17)
(9.84277 0.432454 7.35925e-18)
(0.279609 2.90534 -2.17188e-17)
(0.772352 -0.231454 2.80473e-17)
(6.9873 0.591651 1.15679e-16)
(6.38308 0.392502 1.35977e-16)
(-0.139699 -1.03126 1.51832e-16)
(1.86626 0.189172 0)
(-0.161694 1.14884 2.44679e-16)
(-0.367435 2.62694 1.19273e-16)
(-0.30834 2.4693 3.51185e-16)
(0.0705938 0.714752 -4.0339e-17)
(-1.48914 5.7723 -2.81275e-16)
(1.09786 9.80592 5.46322e-17)
(-0.192932 2.91506 -9.05804e-17)
(1.45226 -0.680448 1.48643e-16)
(-0.0448664 0.15157 1.69054e-19)
(9.98472 0.0801361 4.48532e-17)
(0.73248 0.447805 4.42504e-17)
(0.16893 2.02727 -7.00873e-17)
(-0.892498 0.131304 0)
(0.0410827 -0.191109 -1.4249e-16)
(-0.318123 2.1656 7.37931e-20)
(10.0256 0.149311 0)
(0.4635 0.996115 4.9714e-16)
(0.054875 0.566403 -5.15221e-21)
(-0.480019 1.60514 7.80923e-17)
(0.089777 -0.00255237 1.44715e-16)
(-0.582857 0.740396 1.57268e-16)
(11.0524 0.0869782 0)
(-0.208806 -0.664657 -4.00553e-16)
(-0.427831 2.11071 5.42978e-17)
(9.82269 0.387637 -2.11935e-16)
(10.8823 0.274411 6.64516e-17)
(-0.381274 0.419928 0)
(-0.323977 -1.13345 -1.30592e-16)
(0.246024 -0.368581 2.04218e-16)
(-0.348192 0.574504 -9.90504e-17)
(0.423518 -0.255439 -1.85506e-16)
(0.0546285 0.699115 8.48409e-17)
(0.338551 0.140178 -8.11773e-16)
(-0.14879 -0.672902 0)
(-0.311036 0.493777 1.66949e-16)
(-0.0439646 0.282021 0)
(-1.0029 0.102681 1.78722e-16)
(-0.451228 2.0129 8.84119e-17)
(-0.955465 -0.260938 -1.80411e-16)
(4.96871 2.19956 2.85827e-17)
(8.35129 1.08532 0)
(9.98933 0.231404 -6.40638e-17)
(-0.61889 -0.0693041 1.87308e-16)
(0.489431 0.644756 0)
(-0.481988 -1.42028 1.74694e-16)
(-0.0150075 -0.784647 2.11764e-21)
(-0.170161 0.442642 5.50822e-16)
(-0.820753 0.10905 1.26916e-16)
(9.92898 0.494668 -1.70112e-16)
(0.199499 -0.349456 -1.04693e-17)
(1.66083 -1.08093 1.44717e-16)
(9.74991 0.0286679 -1.3023e-16)
(-1.59804 2.10327 -2.991e-16)
(-0.0159779 0.778684 1.54652e-16)
(7.61945 0.0296088 2.53787e-16)
(0.888882 -0.432862 4.54018e-16)
(0.44944 -1.29582 0)
(-1.24417 -2.64052 0)
(-0.0143036 0.744904 0)
(-0.369829 -0.256998 1.25176e-19)
(0.208498 -1.39669 -4.88652e-19)
(9.82557 0.142186 -1.24514e-17)
(-0.885853 0.107511 4.06721e-16)
(0.750438 -0.688544 0)
(-0.0410802 -0.0747743 -2.45138e-16)
(5.76197 0.175695 -1.12025e-17)
(0.0930038 -1.63734 0)
(0.533357 -0.410389 2.11717e-17)
(0.0693456 -0.136403 4.01776e-17)
(-0.832939 -0.0566028 1.67952e-16)
(0.555175 0.335352 0)
(10.4577 0.117104 5.23053e-17)
(0.0518158 0.291229 -6.46663e-16)
(0.273288 -0.826088 -8.45161e-17)
(-0.348814 0.650017 3.99789e-17)
(-0.986947 0.257361 0)
(8.78322 0.0443249 -6.73449e-17)
(-0.74192 -0.130861 1.29627e-16)
(2.89702 4.12127 -2.24934e-16)
(0.157302 -1.08979 0)
(0.0179346 0.30042 -1.53553e-16)
(9.83346 0.685459 0)
(1.80271 -0.299964 -3.0297e-16)
(9.38871 0.30453 -7.31373e-18)
(10.2347 0.176287 -1.69055e-17)
(0.00155839 0.12395 6.54406e-17)
(0.847263 2.29431 -1.41682e-17)
(0.384816 -0.506851 -9.46965e-18)
(0.383793 -0.360488 -3.00099e-16)
(0.297403 0.198379 -4.85473e-19)
(0.427992 0.200857 0)
(0.987157 0.150629 -4.0828e-17)
(7.23753 0.196193 0)
(-0.379956 2.94086 1.30727e-16)
(0.973217 2.68861 8.3744e-19)
(5.01301 3.99306 9.64938e-17)
(-0.883319 -0.0649746 -2.21788e-16)
(4.49345 -0.0170888 -8.5718e-17)
(9.81945 0.0596331 1.22309e-16)
(10.2354 0.0589853 -2.47866e-18)
(4.60345 0.617207 1.50286e-16)
(9.89101 0.202796 -2.6963e-16)
(1.21955 -0.397084 -8.30424e-19)
(0.0134498 0.889349 1.99406e-16)
(-0.0463402 2.80604 -2.71539e-17)
(0.0331013 0.329579 0)
(4.82464 1.24417 0)
(-0.434453 -0.521193 0)
(-0.285002 1.86534 -1.40183e-16)
(0.355702 0.512499 4.5341e-17)
(6.51699 1.71348 0)
(0.302862 -0.149718 -1.39625e-16)
(-0.0446309 0.0547605 4.3094e-16)
(0.860295 3.04033 -1.62586e-18)
(0.00248239 0.107141 3.71782e-16)
(10.1293 0.0920395 -1.01981e-17)
(9.6611 0.0824431 3.25102e-17)
(2.52412 3.40425 0)
(-0.174839 -1.23835 1.72207e-17)
(1.94338 7.65921 0)
(10.3989 -0.0235034 1.94855e-16)
(10.5525 0.111852 0)
(10.5416 -0.128233 -2.37376e-16)
(9.80468 0.197706 -1.37333e-17)
(-0.689848 -1.12706 0)
(-0.636072 -0.442368 8.87531e-17)
(-0.130459 1.55067 -2.65135e-16)
(-0.402012 2.2871 -1.35098e-16)
(10.6546 0.212107 0)
(5.04095 -0.100251 -4.25676e-16)
(-0.126032 1.675 -1.37823e-16)
(-0.386518 2.68629 6.88975e-17)
(-0.376368 2.88732 -8.78774e-20)
(-0.261213 3.00771 -2.26553e-16)
(0.419502 0.264917 2.04907e-16)
(10.9842 0.0673855 3.59698e-17)
(9.88842 0.599664 0)
(0.808519 1.9799 0)
(5.87733 -0.0694205 1.14031e-16)
(-0.343491 -0.178144 -9.50825e-17)
(-0.0641929 1.28936 -2.63401e-16)
(0.365309 1.81861 5.27387e-16)
(-0.619993 -0.12543 0)
(-0.00975417 1.48912 -2.80208e-16)
(0.456754 0.871367 -2.56983e-16)
)
;

boundaryField
{
    frontAndBack
    {
        type            empty;
    }
    wallOuter
    {
        type            noSlip;
    }
    inlet
    {
        type            fixedValue;
        value           uniform (10 0 0);
    }
    outlet
    {
        type            zeroGradient;
    }
    wallInner
    {
        type            noSlip;
    }
    procBoundary0to1
    {
        type            processor;
        value           nonuniform List<vector> 
29
(
(-1.54564 -0.262005 -5.81778e-16)
(-0.275574 -0.36674 3.95061e-16)
(-1.54514 0.385284 1.96701e-16)
(-1.54514 0.385284 1.96701e-16)
(-1.38559 0.579304 -1.30386e-16)
(-1.38559 0.579304 -1.30386e-16)
(3.94748 -0.214123 9.94215e-17)
(2.0392 0.0769269 0)
(6.20242 0.0943837 7.22857e-18)
(0.375612 0.208059 -1.17353e-16)
(1.42573 0.153573 -5.4434e-17)
(-2.41806 0.183331 0)
(-2.15157 0.0445404 0)
(-1.94734 -0.123928 0)
(6.28186 -0.0900682 6.43353e-17)
(8.41767 0.078053 8.37302e-17)
(-0.259856 0.561674 4.73408e-16)
(2.07525 0.487793 -3.30725e-16)
(-0.351707 0.289747 3.16343e-16)
(0.490206 -0.297315 6.30864e-16)
(8.76188 0.131556 3.7772e-17)
(8.37502 0.0263551 -2.48556e-18)
(5.92691 -0.113809 8.83755e-18)
(7.95471 0.192147 -8.39173e-17)
(5.20707 0.0146991 9.75169e-17)
(2.07525 0.487793 -3.30725e-16)
(8.71336 0.145616 0)
(1.66852 -0.0210984 7.76004e-17)
(7.95471 0.192147 -8.39173e-17)
)
;
    }
    procBoundary0to2
    {
        type            processor;
        value           nonuniform List<vector> 
42
(
(-0.198509 2.50826 2.16505e-16)
(-0.536049 1.24518 -2.28938e-16)
(0.0153882 0.703451 -4.83702e-17)
(-0.00382939 0.885783 3.14295e-16)
(-0.336953 -0.710464 -1.02424e-16)
(-0.198509 2.50826 2.16505e-16)
(0.0153882 0.703451 -4.83702e-17)
(0.026568 0.288194 0)
(-0.30413 -0.544189 1.8194e-19)
(-0.246439 -0.0722992 0)
(-0.424414 -0.809771 4.17852e-16)
(-0.579815 -0.813281 5.83873e-16)
(-0.424414 -0.809771 4.17852e-16)
(-0.655338 -0.810348 -1.09724e-16)
(-0.720769 -0.60368 -8.71185e-18)
(0.190318 3.08549 -9.67593e-20)
(-0.720769 -0.60368 -8.71185e-18)
(-0.230609 0.173783 -5.68638e-17)
(-0.272781 -0.309548 -2.26692e-17)
(0.772478 0.40296 -1.01154e-15)
(0.772478 0.40296 -1.01154e-15)
(-0.230609 0.173783 -5.68638e-17)
(-0.112849 0.460323 1.41584e-16)
(0.507681 1.13052 -2.30525e-16)
(0.507681 1.13052 -2.30525e-16)
(-0.264158 0.61762 -9.63784e-17)
(1.16344 1.81331 -2.59802e-18)
(-0.225808 0.597704 2.88418e-18)
(0.793246 3.25293 -1.63422e-16)
(-0.64248 0.708841 6.71467e-19)
(-0.64248 0.708841 6.71467e-19)
(-0.184762 0.488619 0)
(-0.165359 0.320767 -9.21101e-17)
(-0.136982 0.128595 9.81309e-17)
(-0.0868658 -0.0511146 -1.91191e-22)
(0.0153882 0.703451 -4.83702e-17)
(-0.733752 0.117576 0)
(0.0125316 0.812202 0)
(0.793246 3.25293 -1.63422e-16)
(0.026568 0.288194 0)
(0.0203901 -0.0854758 -5.48353e-16)
(-0.00667125 -0.155381 -2.36087e-17)
)
;
    }
}


// ************************************************************************* //
