/*--------------------------------*- C++ -*----------------------------------*\
| =========                 |                                                 |
| \\      /  F ield         | OpenFOAM: The Open Source CFD Toolbox           |
|  \\    /   O peration     | Version:  v1912                                 |
|   \\  /    A nd           | Website:  www.openfoam.com                      |
|    \\/     M anipulation  |                                                 |
\*---------------------------------------------------------------------------*/
FoamFile
{
    version     2.0;
    format      ascii;
    class       volScalarField;
    location    "0.04";
    object      p;
}
// * * * * * * * * * * * * * * * * * * * * * * * * * * * * * * * * * * * * * //

dimensions      [0 2 -2 0 0 0 0];


internalField   nonuniform List<scalar> 
5794
(
89.6494
91.6989
69.9242
95.927
82.614
91.3556
95.8543
94.1393
97.7491
85.6385
105.651
91.7064
98.0078
85.142
89.0611
91.9615
38.771
90.7893
88.9516
91.1034
63.4585
90.8858
94.9613
92.0536
93.6858
46.7432
44.5098
91.7855
97.4214
86.0433
95.3097
84.5809
101.896
91.1697
92.8819
93.9984
87.9676
92.5638
98.4328
92.3184
91.8421
90.9394
111.332
84.5527
88.9486
101.975
84.7118
95.8102
85.4387
91.7066
91.3278
97.6886
69.2498
87.1748
91.4005
101.925
84.3031
96.0745
111.142
40.4478
97.7217
91.2324
95.4216
84.8628
101.934
91.078
91.159
83.4197
91.9981
91.2279
97.5273
92.7358
15.9891
90.04
91.4255
92.1604
91.4437
53.3306
85.0599
91.0029
91.0179
90.8189
91.9657
98.4118
92.4613
95.183
81.5129
101.441
92.3585
94.8974
102.97
88.3134
95.6603
98.8067
92.5909
97.3671
102.475
95.3078
86.9798
99.179
63.9149
80.1341
110.239
86.5478
88.6764
93.8874
91.1402
104.912
94.2594
85.7296
92.0843
88.9988
46.2507
90.9223
92.1978
98.4245
89.7904
94.3243
96.3322
71.8334
94.1915
86.9305
93.713
91.8077
88.9518
106.039
82.3865
90.9472
98.2848
105.671
92.2555
98.3506
82.9004
57.6663
94.2532
89.0478
111.867
91.2625
92.0057
91.9252
92.4799
87.0866
89.0428
87.9329
92.0351
52.6169
93.5231
113.02
83.2203
89.3876
116.372
88.3598
94.0581
89.6305
46.4114
85.3609
98.4501
95.6282
102.013
92.5313
88.8932
93.4871
91.7493
94.9328
96.5488
97.989
95.6398
93.8907
91.9989
88.9639
88.3634
91.9802
93.0274
92.1569
90.3963
94.8444
89.2409
93.5361
91.8378
96.978
92.3718
85.1426
95.4966
102.06
98.4585
45.3961
81.9642
101.697
85.7005
79.682
105.752
85.2175
101.948
95.3823
98.2667
92.1504
93.8538
91.9504
89.0118
109.522
95.4004
97.39
95.7297
98.5536
84.8552
101.986
92.6163
104.73
70.9278
89.4738
87.9394
86.0376
95.1134
93.6082
91.7673
93.3202
94.4984
85.6494
105.411
101.302
86.9261
98.5471
101.903
95.6858
110.52
34.5719
74.236
85.3784
85.1763
89.1932
90.6933
90.5072
89.1376
91.3184
93.0892
48.5029
58.458
107.628
96.8219
91.4639
91.9508
104.425
90.9838
89.3272
89.4012
92.1487
89.0458
82.9952
102.339
95.423
86.7321
91.0656
43.5396
90.9846
113.811
73.0987
108.53
113.832
104.762
88.9156
111.507
95.3578
93.7544
90.8865
98.7521
92.9817
88.676
106.653
88.9905
101.992
85.0772
95.6189
93.7984
97.8451
92.5743
89.2777
86.6477
92.0453
89.7853
97.3377
92.0229
102.601
91.9878
90.9757
92.5101
94.4946
87.1197
91.6348
98.2047
94.2937
92.8104
91.9973
90.6176
87.1745
109.123
58.6648
90.993
90.0965
91.3428
90.8815
90.6588
61.4441
90.78
88.1222
88.792
107.289
89.9954
92.4465
101.998
85.2405
95.6202
101.415
90.7314
90.9021
89.9541
91.3661
104.926
91.5088
95.4745
97.7933
94.3849
96.3323
94.56
82.3592
91.8042
98.3771
90.434
91.974
98.14
105.555
97.0802
110.83
95.1886
101.818
83.8252
85.6714
85.4051
91.8629
85.7151
101.618
92.0565
93.5775
97.3285
95.0665
89.566
95.4645
102.105
85.283
98.6422
92.7537
98.4704
56.0449
102.003
85.1143
95.4557
42.0648
88.9084
97.9766
95.6906
94.0332
104.786
92.4845
110.657
95.7477
94.0566
84.5671
97.2542
101.968
84.5333
95.9227
89.7288
90.9537
84.6728
90.7908
104.922
95.8709
101.706
83.1761
96.1586
89.912
91.3264
89.9988
89.2082
94.4795
93.2044
91.4998
97.1177
95.8688
94.0704
95.9215
94.0208
96.8373
91.2813
92.0805
91.2132
90.7717
89.1568
88.2645
88.9133
94.6734
91.8451
93.4573
46.8165
92.1477
88.9992
106.749
78.3761
91.6262
91.4679
101.981
95.3017
84.2615
106.289
88.6732
101.996
85.1637
95.6501
92.8164
95.5045
102.343
86.5277
95.3191
105.161
89.3479
94.3711
93.0954
91.4814
90.9423
91.0771
90.7204
96.2486
88.0369
88.7113
50.4352
88.9751
90.2474
92.5385
98.4829
94.6574
93.3105
91.6059
90.2706
98.4061
92.33
91.5446
98.5089
92.1806
91.9296
84.3913
82.2062
85.0602
90.9947
44.5466
90.8095
95.1791
90.8778
102.585
99.2657
92.6932
99.0024
90.2222
91.157
75.2087
92.1533
100.697
105.741
43.6726
79.7872
105.969
86.9209
90.8673
64.7868
106.369
85.1785
85.7103
101.125
55.3834
91.6091
87.8559
90.9004
76.4024
90.1612
85.6864
85.2682
104.956
105.589
84.8846
91.1246
53.164
90.6192
90.7954
95.6056
95.073
82.1566
75.5666
91.9706
87.7151
90.0702
91.9357
106.909
77.678
54.4271
92.0157
98.293
88.3961
91.3699
90.4547
113.131
106.181
91.0195
96.8578
90.142
91.5008
90.8327
90.8613
91.6075
97.7442
90.8077
84.6245
46.0492
92.0501
91.5611
81.4594
94.2011
105.929
91.7972
87.6528
102.938
91.287
90.7974
82.4827
90.8844
43.996
90.3649
84.821
77.2037
88.3266
113.026
105.812
112.318
90.8138
42.2034
91.0055
84.0794
90.334
91.7356
88.7933
87.7341
90.9001
90.7229
86.4451
89.5007
89.003
88.5163
90.7426
89.0181
83.5221
91.1042
91.3896
84.3449
18.653
87.2552
106.45
88.3133
85.0116
90.1658
92.0843
85.9358
90.4749
90.9504
102.251
88.4185
97.4139
90.6602
57.0058
81.4879
79.5058
91.7796
90.4287
91.4706
97.2208
91.2239
103.932
47.0275
99.0795
107.912
90.9612
95.2494
86.4817
102.3
90.9946
91.0545
91.2447
98.0591
92.0459
101.409
90.2286
91.2533
91.3067
79.1238
92.3898
103.818
92.2535
98.4874
90.8695
106.236
58.8611
85.7163
91.3962
91.391
76.5846
72.6965
83.4597
74.5251
92.388
98.4787
107.209
104.761
107.303
95.9756
90.8126
105.801
106.214
104.819
91.1091
91.5022
90.7812
84.8247
104.303
90.9387
90.3949
91.561
90.3657
92.306
91.5501
85.6585
68.0569
90.8132
84.9113
91.4425
89.8139
109.913
105.225
87.144
111.932
98.4923
92.1826
109.042
90.4713
91.3814
90.2898
86.397
90.4285
98.4156
92.3139
107.815
44.3189
95.8581
35.8341
91.0585
90.4093
85.7749
90.3886
75.3511
90.7461
92.0707
98.467
94.4319
87.589
102.62
108.117
88.23
36.3047
98.6478
93.0691
92.0642
98.4723
90.9075
81.9808
90.4233
92.3623
104.671
88.7719
91.794
84.6432
112.301
98.5789
90.1706
89.5361
90.7692
92.2455
99.9202
71.1828
93.7188
86.6076
102.58
104.819
90.3054
90.1357
88.4431
85.4695
97.3055
90.905
113.537
85.2374
102.049
88.1269
85.4814
90.5116
103.959
112.473
99.0403
92.632
98.4212
106.348
89.1118
90.225
39.2384
106.164
97.4723
104.554
69.2193
112.829
90.5015
75.4905
86.7924
112.518
90.6803
104.123
92.6587
93.4637
69.1545
99.6708
105.586
86.8773
82.1525
35.7062
106.082
87.8343
95.3742
102.754
91.7992
93.7126
74.6272
88.1559
95.1181
86.6029
102.441
69.3437
90.5655
90.7223
86.6223
88.9039
90.8589
92.2397
98.3565
90.6786
99.0324
92.8903
107.498
90.3653
60.551
96.2592
92.2183
98.5131
96.0654
89.725
103.113
86.0981
95.3341
86.0987
102.203
85.4229
90.466
84.9103
91.3535
91.9758
89.1344
83.4594
90.9187
104.99
42.3423
77.0096
91.2167
91.4468
96.9073
90.0347
104.763
97.7135
91.8344
91.6696
103.627
102.107
85.3108
95.4152
90.9389
90.8769
42.9359
90.5426
63.3372
83.2708
104.868
92.2825
91.0115
91.3668
87.9401
105.063
104.538
108.328
100.443
94.4309
92.3275
87.2537
104.416
100.726
92.0615
92.3019
101.77
104.31
91.462
91.3688
80.8016
112.294
47.9031
90.9199
89.9062
88.7227
85.2714
86.0864
86.8881
95.2258
102.454
88.8037
90.2813
92.9265
85.3696
91.2254
34.5677
93.8886
92.5731
75.7646
91.3112
106.196
92.0005
95.9886
90.8588
92.6767
102.596
91.9547
66.5952
92.1162
98.4761
92.0439
98.5539
106.73
105.768
46.7348
86.9274
90.8419
91.3796
103.191
84.0079
87.6902
84.9476
99.9744
93.9697
74.4551
106.276
89.4527
90.1697
92.0495
90.2762
106.528
91.3845
59.4919
89.1097
90.241
62.2357
106.902
86.7811
90.3535
93.1833
105.514
107.976
91.1167
90.2977
57.7686
106.552
86.4917
90.8689
105.538
91.8219
92.266
98.4485
90.1611
101.067
83.5777
90.8955
91.021
85.3824
90.9432
90.447
91.4538
91.6875
105.298
91.0349
88.9288
90.9877
91.7083
98.8102
91.547
79.5688
106.1
105.896
52.4735
91.1909
97.3785
88.0728
91.036
49.73
104.241
80.1432
110.285
94.9136
86.4627
92.0745
90.4333
98.3439
102.401
87.0823
87.4832
95.4964
88.8903
91.0109
111.443
88.1462
92.6178
102.236
86.0182
95.3463
87.8297
111.267
91.4594
91.4719
84.26
90.9201
70.6831
105.138
109.248
88.6916
93.5609
43.8177
90.8923
90.6705
70.2025
40.9379
92.7433
83.3884
100.667
102.775
86.4109
82.8117
91.2072
98.4532
92.3856
91.1857
91.2226
92.3937
91.2821
90.9714
91.3944
91.3506
89.2145
90.8873
88.4246
89.9626
90.965
109.396
92.4599
89.7142
88.9766
89.8715
91.0996
105.224
93.5639
91.6265
91.2251
65.673
106.235
91.2224
91.8158
92.5907
91.2861
92.0516
46.3741
89.0984
74.9617
99.463
90.8125
92.2669
84.5962
87.9669
110.4
71.9737
93.8631
100.052
91.0965
87.358
91.0112
91.8122
96.883
104.312
56.89
96.9469
90.2002
90.9338
93.2053
94.5708
86.7952
102.505
113.183
91.0639
90.6781
91.0565
70.4793
88.6645
88.239
84.6595
90.8273
86.6084
87.9748
89.7608
92.0889
91.8109
90.0008
84.2642
91.2916
106.148
91.1885
91.1402
84.2514
90.8634
85.4718
89.8969
78.4257
105.005
90.845
104.694
91.1783
96.3162
104.885
91.2894
81.8999
109.615
90.9825
91.2291
92.7267
90.7668
90.8461
68.6792
91.8585
91.5587
70.7166
90.4099
91.0462
90.8927
91.3101
90.4658
90.8574
92.5091
93.5068
102.142
102.525
99.9628
98.3932
92.343
90.5125
91.2898
92.5848
91.1362
92.0215
93.9256
90.5376
107.283
90.8654
79.6507
89.2561
106.419
89.4613
73.1359
90.7023
90.9726
92.0623
91.8707
92.0083
78.9203
88.7326
87.6642
89.9473
90.9254
92.2395
90.9679
90.962
73.1807
91.4707
91.2876
92.948
90.1653
105.458
88.6905
58.142
90.1461
92.5529
91.6571
86.87
90.1454
95.2485
90.0484
77.6427
86.3736
102.214
73.6551
84.3535
91.1555
91.1065
92.7559
91.9539
83.8487
88.1361
99.8219
102.216
107.164
113.112
100.387
97.6141
95.5212
85.5712
92.4973
98.5814
90.7925
27.6255
93.9371
90.8252
89.6956
106.18
106.1
83.142
91.8412
86.9741
94.0956
91.8228
91.0732
82.1138
91.5491
91.5751
90.6313
91.9133
92.3337
91.2971
78.701
61.5069
85.5609
81.8236
90.9871
57.044
90.7018
75.5249
98.6104
92.69
100.959
100.509
94.8554
88.9685
88.9216
100.655
89.8511
92.4379
87.3699
102.592
95.8534
91.2493
90.8782
105.251
85.8173
106.469
94.2908
96.0757
101.23
77.2417
110.533
105.037
92.7779
98.6645
92.7851
111.609
90.7341
91.1437
91.1045
55.3445
90.8477
89.9404
67.8557
93.3115
91.7498
102.576
85.9156
113.549
90.2522
87.9107
101.929
92.8836
85.8264
89.7352
91.2593
92.405
98.4912
106.286
105.23
74.6072
91.5882
90.9736
91.0538
95.53
85.0892
101.985
104.843
108.357
91.2817
84.9987
90.9445
91.7561
94.3284
88.6952
94.5215
96.7315
98.5001
91.3836
91.3466
64.0557
85.8707
58.4228
92.0962
91.2869
102.557
94.1901
92.0951
90.6786
90.5823
64.2332
91.1195
90.8452
91.4757
89.4419
90.5838
75.1226
70.6386
91.8266
90.8309
90.688
91.6433
97.0617
69.0504
78.0923
106.136
85.429
94.1017
91.0078
89.7077
102.093
85.5177
95.2985
92.2156
84.0146
106.077
47.9855
74.6339
85.566
90.3278
74.1788
91.2835
92.0687
91.9068
91.1332
78.1498
92.3682
91.7159
92.028
88.9197
91.2571
90.7673
89.7894
91.8034
90.6155
92.4421
110.899
93.3825
105.902
105.727
82.2295
91.3786
101.372
91.0292
105.237
70.1836
98.5874
92.5433
91.1374
87.6681
91.5307
64.5047
92.2872
80.4555
90.3673
92.4662
85.1134
40.0585
79.2575
34.5429
47.147
92.1455
89.3365
91.3879
92.073
91.1937
92.5568
93.9956
92.4599
91.6831
84.6092
101.922
102.275
93.6284
91.523
98.1086
86.4813
84.5754
91.2889
92.2
105.325
87.8193
94.5712
90.2918
91.3012
92.4772
104.64
92.0498
92.13
70.8263
92.419
98.5153
92.0249
86.3035
91.3567
90.8043
91.9538
105.077
105.509
90.8639
35.4782
104.887
91.123
69.7366
89.9996
101.188
90.5401
91.5353
92.4588
72.6788
7.82553
92.1658
95.2395
81.7509
101.406
58.0277
104.963
76.24
91.6424
91.2239
91.9097
91.7617
77.4372
91.1177
91.2575
91.6154
91.6516
91.9604
90.9023
77.1268
92.1655
91.3713
91.753
77.6118
91.2952
92.0819
75.8772
90.5742
92.2774
91.4547
91.2687
92.0383
79.8499
92.1602
92.5161
91.9514
92.1736
77.6237
91.119
91.3465
91.1979
91.0949
91.7716
91.7164
76.7331
91.2475
91.975
92.2926
91.3255
91.5992
78.6094
92.028
98.1634
50.2828
90.3591
91.326
102.38
102.18
84.0327
90.1581
90.7753
99.8269
89.9541
60.4006
93.7409
44.0355
80.153
101.321
80.1272
90.1949
90.2963
91.2959
92.5699
89.9849
92.3207
91.1718
71.8506
79.3529
91.7179
106.108
85.082
91.8518
94.2129
96.4381
39.7165
89.8343
96.1642
94.1683
104.801
91.6093
92.2836
67.5568
85.714
105.731
83.6116
70.9396
98.4601
92.5141
90.1123
87.9306
8.30324
90.1755
90.529
92.2055
88.3396
86.0231
89.5909
104.689
88.749
91.256
91.7494
90.8648
77.1464
91.8556
91.4797
91.7228
91.3316
92.2151
91.9559
78.074
91.3499
91.3098
79.0436
92.3788
76.6999
90.713
91.4035
92.0139
92.1968
91.4645
75.6618
91.1867
101.217
95.9205
104.851
108.835
91.9882
89.3399
84.1759
90.7989
107.453
84.2907
84.8203
103.814
86.9213
91.7744
90.2173
87.119
108.632
85.5664
62.5775
102.156
88.5246
90.726
90.864
103.418
88.9942
91.0228
102.411
97.7234
90.9218
90.5989
91.7354
91.1434
89.7047
86.4424
78.2896
91.1025
101.532
90.8354
100.924
92.1613
91.2813
90.6025
92.8273
90.0441
90.4599
90.5937
90.2694
101.801
91.8784
93.9742
96.3923
91.3322
91.9743
69.6128
91.3612
89.088
104.355
92.2604
103.149
80.5006
91.1378
89.333
59.2151
90.1042
92.0531
90.2868
91.9974
91.8437
53.9449
90.9327
85.669
83.322
91.192
92.5486
100.644
101.835
82.7871
84.5162
101.798
91.7535
89.6947
77.4976
85.4705
89.1403
91.2853
90.4747
97.1123
90.7501
77.912
86.2273
87.8901
113.394
92.6491
98.5934
81.7439
83.8518
92.0616
91.2906
90.5552
79.2506
85.6973
88.6022
101.73
95.8246
87.0453
91.6337
64.2361
105.83
105.938
97.8226
87.0054
80.967
102.034
88.1928
102.048
101.506
104.032
91.5034
89.3862
102.091
113.122
98.2843
92.2067
94.3796
105.934
96.0303
101.981
84.6352
103.264
94.4476
96.3495
25.0707
66.9351
93.0453
92.3586
91.3308
92.0632
77.3616
102.699
92.1344
91.2817
78.2236
93.1671
93.5704
96.1218
95.6262
93.314
95.8958
93.8943
90.6938
93.0579
92.5513
95.6269
94.9683
92.8602
95.3179
92.2439
92.2555
91.999
98.4244
98.3958
92.3465
46.1253
98.4675
92.4155
92.4928
98.5467
90.4428
88.2063
92.8185
94.1255
91.111
90.6319
90.5797
96.8807
93.9262
96.6151
94.9123
92.6335
98.6331
92.5876
91.8171
91.7161
87.1337
102.322
91.4317
73.573
90.604
86.889
90.6518
96.322
90.6842
95.0214
90.652
89.3875
91.7622
98.7157
92.6613
98.6354
92.4964
89.6922
101.732
88.9857
86.2133
83.9116
95.0849
101.293
97.4721
89.4839
101.855
101.753
83.7812
98.0487
91.7972
89.012
96.8348
101.926
101.962
89.1906
95.3053
101.996
97.1418
102.092
88.8148
88.937
89.0322
84.8461
95.2987
48.3298
89.3148
95.3715
93.6825
88.4965
84.4165
91.8831
95.1216
101.996
101.943
95.1497
48.8055
96.4026
88.9983
96.8656
87.7541
93.5448
94.9183
91.7719
101.815
95.4427
48.698
94.8233
93.4602
91.6884
95.038
47.3785
88.996
104.772
93.8863
85.7865
94.377
93.1597
89.0005
95.5575
101.983
84.9719
94.9341
46.8392
46.551
87.5446
95.2737
59.1597
97.8299
91.9512
91.4434
92.0622
97.5445
92.2549
78.6058
91.2966
105.527
94.6879
81.5126
91.9678
98.6719
91.7061
90.6492
91.5364
89.8059
89.0364
92.6938
91.6225
91.1029
91.2714
93.8535
92.8304
89.0394
90.6352
91.805
91.5332
90.7605
91.1006
88.9366
94.3541
88.4554
92.3094
90.4366
95.6005
85.0316
101.998
91.0603
98.7486
92.8189
92.3378
90.1845
90.9058
89.6576
91.1869
91.1861
91.1811
90.5568
92.108
91.7318
46.3919
90.6231
91.7835
91.1961
89.6453
92.1409
91.5798
92.6712
90.6332
91.0245
90.2341
91.2173
91.257
92.3094
91.7731
88.3314
91.185
90.5644
91.1392
90.6575
90.6734
91.8225
91.6791
91.3713
88.9701
90.6817
90.0444
90.0317
91.7504
92.9001
91.2609
91.2996
78.3286
92.1849
90.1303
84.9565
95.6769
102.005
98.7125
92.7539
91.0013
90.35
90.6394
105.448
95.4647
95.7295
94.0303
89.5221
90.1358
92.9243
91.4062
93.8997
89.2915
92.2056
89.6944
45.8987
111.744
92.0367
93.6321
94.4903
89.0198
77.971
92.123
91.3009
105.364
95.9673
94.1851
93.2436
92.3233
77.5875
92.0505
91.2981
102.015
84.8454
95.8065
105.193
92.1795
96.1838
94.3502
91.2925
45.3183
111.711
91.3961
93.5488
93.2889
92.1005
89.0785
90.1013
90.3804
98.3265
97.76
92.3501
77.6092
92.0711
91.3129
95.2314
92.0256
89.6612
105.272
90.2711
91.868
44.7255
47.1176
90.8
112.598
98.4161
92.3467
92.2728
92.5265
88.9911
89.1988
90.893
98.0706
92.3454
94.6367
84.8037
102.038
95.8793
100.257
96.2148
94.3191
88.9896
85.894
86.1941
94.5664
92.227
93.662
94.9554
91.0882
92.7533
92.3665
91.5989
98.3315
92.3465
77.1988
91.9832
91.3109
85.0948
102.103
95.6897
105.175
94.5721
93.0474
92.4259
96.3138
94.3624
89.1186
90.2739
91.8725
46.6289
91.033
95.1532
98.1526
83.0581
112.518
99.7928
91.0845
91.9221
91.6647
93.1071
94.1137
91.7196
83.0847
99.1913
89.1529
91.9895
101.805
85.6396
90.9015
91.1165
90.1885
89.9041
89.8066
89.698
89.2121
92.368
76.9238
92.0254
91.3436
94.5901
94.5385
85.4845
90.5271
99.3909
99.4667
104.991
90.3129
96.8416
96.4764
94.4644
89.7157
91.8798
44.0769
91.2585
90.512
86.1395
101.222
101.535
90.7669
91.2391
99.802
98.3458
92.1536
92.3935
98.363
82.8398
91.569
90.4272
90.6445
90.6026
91.1004
94.2582
97.8464
91.1005
91.4216
93.079
94.1499
83.9149
94.219
94.6317
89.2075
91.0032
105.652
90.4662
89.878
89.1497
96.8074
95.2874
95.6177
98.1701
92.4432
91.6153
88.0626
87.4642
90.2175
90.8595
76.7654
91.928
91.319
90.7103
90.7684
90.769
84.9092
102.101
95.8469
91.5369
91.1229
91.6713
89.8595
89.8783
90.6625
89.7906
91.4421
90.2812
90.1593
91.3526
97.307
65.6292
91.153
90.2919
102.49
89.8221
90.1691
90.2703
105.083
94.5284
96.5286
94.5384
83.4439
89.0718
89.9743
77.6414
89.8857
91.8418
90.6833
90.205
94.1871
91.0277
91.9855
91.2771
105.776
91.1959
91.5293
99.0604
90.3324
81.8004
90.546
90.6292
55.7904
97.2498
97.5401
92.1928
90.2812
90.6939
94.1104
96.9671
88.1193
90.6703
90.7241
90.5931
93.1795
91.3701
90.8818
113.351
114.434
90.1428
90.0663
90.5079
90.8735
111.021
90.9895
91.3417
91.2363
90.7531
108.993
91.6125
90.8212
98.377
92.4056
91.1952
92.2817
90.3208
90.6673
94.923
90.0171
94.7126
96.2228
89.612
99.2623
104.806
89.0377
90.247
92.1444
61.3459
92.4197
90.61
91.6567
98.6051
91.2096
91.7835
91.4917
94.4806
94.3483
87.4841
97.4892
89.1464
91.2353
83.932
91.0908
91.5405
76.2126
91.9999
91.3622
84.3161
72.7149
94.0286
90.7951
90.9732
98.9298
95.1664
97.3384
101.505
90.663
91.7433
84.511
88.4527
85.7397
91.1991
90.8476
94.0944
94.2605
90.5474
93.6651
103.118
89.8827
103.203
78.979
93.0636
91.9355
87.5291
54.7105
91.7955
91.6232
94.3168
74.4272
104.644
85.1493
102.189
95.4348
90.3839
91.2685
96.9481
93.78
85.3816
102.857
93.7643
84.1548
97.111
103.722
89.6977
98.9415
92.2495
88.9251
92.3662
91.3015
104.994
77.4697
91.7168
99.2461
94.2193
53.9167
90.584
96.6356
94.5327
94.3851
91.2639
97.736
93.0886
91.89
91.211
92.3205
90.6267
90.4364
94.0335
92.0049
94.1223
96.7699
45.5729
97.7746
91.1796
104.254
98.4561
71.6476
88.3066
35.678
98.7675
86.1605
87.317
101.208
83.9029
105.365
87.47
89.1038
90.1995
104.506
85.3679
74.7296
91.1407
90.8861
92.0396
91.3456
91.6972
90.723
92.6606
91.3407
91.9116
108.514
96.7717
94.1028
91.8031
91.0257
98.7343
91.9065
90.7566
87.4222
90.3988
85.6163
103.949
88.2747
94.625
92.2889
95.0867
98.2577
92.5484
106.229
90.6676
88.232
89.3397
91.8867
61.0952
105.96
90.8412
90.7809
91.9695
88.7311
98.6257
86.9914
91.4805
97.9858
87.8241
97.3101
59.3357
82.0603
90.6678
85.6674
103.43
94.5273
86.0591
94.2184
98.4707
77.6783
90.8106
98.7671
51.3321
91.1874
94.4488
90.5301
90.4296
83.8047
84.5174
94.3042
91.7866
92.1638
97.4975
90.8997
91.8808
93.6957
93.813
96.4973
90.897
91.6748
92.3754
88.6689
85.8511
87.6889
92.4163
89.9748
91.7154
91.2874
68.8239
98.3054
91.4862
90.9363
97.2435
105.298
94.1773
96.7975
91.5119
96.3057
83.9263
94.2112
66.2722
93.415
91.7472
80.7796
103.437
79.3856
50.9245
52.9653
100.243
94.414
86.422
92.4936
98.6919
95.426
88.9745
102.913
91.9741
88.7072
86.3564
75.985
91.8655
91.3292
92.6171
89.4781
91.2701
98.9714
90.4571
91.8992
91.4151
91.2014
91.8459
89.143
86.0496
98.5108
90.4422
87.89
99.0556
84.9908
91.6543
74.5582
91.9763
91.388
105.3
104.484
91.9452
81.107
103.623
102.519
100.942
95.12
91.2851
91.8596
99.8639
91.974
89.3282
95.4561
105.685
92.2385
90.4793
95.6636
85.0993
102.077
91.2427
91.9664
85.3414
95.9195
91.1594
92.0081
91.4821
77.0649
45.4166
62.827
90.3909
97.4769
89.3471
97.9903
92.147
87.9922
93.991
89.3118
104.068
91.4895
90.7022
91.5943
91.3484
92.0493
91.3877
91.7554
91.5993
74.9021
103.294
91.8894
91.1294
93.7939
105.385
91.1517
77.8474
75.8311
85.7563
106.028
104.297
91.3994
89.4595
91.8413
91.4855
63.2388
91.4881
21.6706
90.9111
106.409
75.6789
90.6516
90.344
85.0545
112.897
97.2512
72.8815
91.5284
91.2737
90.5904
103.046
92.4526
98.5214
90.2306
85.5772
91.2681
90.9354
91.3446
91.9726
88.5332
105.827
103.852
89.9674
89.2026
91.3148
92.1258
89.5953
91.8688
92.5833
91.9989
89.7657
87.4579
90.3674
91.8408
86.4939
110.162
91.0487
90.0464
88.9966
77.1295
41.2306
91.4212
91.0271
74.3629
91.7662
91.3413
102.824
90.9575
94.6094
93.3283
85.0881
90.9665
90.9753
91.4399
91.6856
87.7552
88.6009
100.485
93.7539
86.2261
100.91
91.8384
88.695
90.9544
94.2691
91.4404
99.528
91.0164
91.7273
90.9793
89.4252
91.2862
91.5243
92.1185
105.532
106.225
91.3477
90.3535
91.2637
91.1922
89.68
91.4216
81.1962
83.5302
86.6858
87.2272
103.564
89.4366
90.4201
92.7412
91.1642
92.1436
90.6536
78.4118
91.3333
94.7619
105.135
91.0005
89.5286
91.7314
91.2268
91.6492
91.8052
72.0127
91.1483
97.3452
87.7126
89.8451
72.5349
97.1954
78.8251
85.5108
90.4825
92.997
91.3554
91.0157
91.6607
90.8034
90.4586
90.4038
91.7821
89.4162
90.6816
91.3233
91.97
90.4668
87.9935
91.0222
88.9685
90.7782
90.466
89.0633
91.5747
86.705
86.7425
92.8769
67.1232
92.8598
91.6444
91.7772
88.0807
82.4388
91.7277
90.9167
91.7654
91.1399
98.3419
106.025
79.8747
41.2321
84.7357
90.8818
94.9326
98.3798
84.8867
91.079
91.2347
90.3787
91.1458
91.3858
91.237
85.1218
101.46
90.8459
91.9719
88.2999
89.5546
113.954
90.831
90.0726
91.7768
97.9959
114.091
91.257
90.6426
90.3321
63.9591
104.827
93.821
95.9436
91.2129
104.201
70.0032
85.0211
88.3837
87.6583
90.9785
89.1855
76.0241
91.492
91.484
91.3244
91.0483
92.0308
84.7994
92.4028
91.2351
90.8176
91.9718
89.6263
100.62
91.1109
89.7078
90.7571
91.0127
81.2889
91.833
90.3085
79.0603
90.5682
112.861
89.9955
84.9125
97.5165
30.2553
98.2881
103.661
90.5882
90.6648
82.1933
91.8078
90.9271
92.0638
95.0618
90.1749
92.8707
91.0404
90.5263
108.739
84.0048
77.6702
91.8129
89.3226
106.107
92.3835
98.4579
90.613
91.5716
92.2141
100.863
90.8531
85.7665
71.0412
91.5299
91.3544
90.6828
75.0616
90.8165
90.8104
86.4908
74.0948
96.2137
96.5689
94.4658
50.4562
91.9496
105.144
94.0352
91.1457
105.66
58.6628
104.972
99.7469
70.2976
91.9184
91.4248
91.1198
97.3952
66.0385
90.5373
90.7405
89.9645
92.0987
109.267
109.918
94.4572
104.821
100.079
106.392
82.2536
92.0845
91.4701
77.1861
97.349
88.2464
108.641
89.8627
91.0776
92.0308
90.5067
106.13
92.4692
101.901
84.2159
96.2372
94.4787
96.5051
88.6852
90.5868
91.8252
76.0781
91.2907
90.4827
91.7372
91.1047
91.8965
92.5758
98.523
87.9361
81.043
91.9634
34.138
106.065
90.8155
90.5316
91.3029
91.768
91.3095
92.8872
61.7261
87.1257
90.8632
91.9098
99.6117
107.799
95.244
85.7727
102.167
90.4259
92.0497
90.4248
91.7213
29.2027
95.4957
84.9751
101.964
84.5225
84.9567
96.477
86.9348
84.8473
92.6883
86.0858
69.8322
104.851
90.3655
82.3121
90.4752
92.3489
37.8658
91.8845
91.1605
92.3364
91.8869
93.697
95.1552
90.2206
105.851
92.4241
90.54
92.0235
105.612
94.2984
91.6069
91.8521
91.3908
92.3937
90.7035
90.0613
90.6131
91.4064
91.1649
104.474
91.7123
103.068
98.3611
92.2967
82.0337
93.524
104.986
91.055
91.2896
94.9804
101.973
84.6444
95.9861
84.9824
92.3239
91.4594
91.5387
106.593
92.2793
82.8083
90.9061
100.068
83.7879
106.755
106.322
92.8052
73.8048
89.0465
98.9988
90.6693
85.3843
85.5486
84.1314
88.5324
90.9614
90.5015
90.5019
90.6312
68.1859
90.358
106.418
78.0883
92.1404
91.2266
92.7277
82.1972
114.695
101.158
91.204
105.682
91.0075
105.156
101.713
89.1599
106.657
89.223
106.267
83.3697
92.5504
91.06
93.1686
90.9262
101.494
99.6808
92.2439
22.9589
90.5778
106.834
97.7709
99.6861
96.2517
98.6303
85.0456
106.701
106.372
76.0978
106.208
84.1642
61.2893
93.3193
91.7395
93.2009
91.4503
101.755
86.7005
101.691
99.0166
88.8553
91.2889
85.4391
105.42
96.1564
88.9228
91.4456
90.102
87.8786
89.0518
94.0799
90.2163
105.382
94.0472
92.0696
94.9137
96.6944
90.8223
104.245
106.106
88.1023
103.001
98.5809
94.4298
90.4754
90.7512
91.3757
89.4079
91.3226
106.205
88.0798
96.3416
84.266
97.0896
101.404
82.4676
95.4024
94.2662
96.0496
94.6629
92.2918
93.2955
76.7949
97.4469
98.0196
94.8134
91.0808
89.8456
91.2474
99.9815
92.2648
85.2323
91.4019
91.3274
94.019
100.34
91.6676
90.7891
93.5254
90.4655
99.5754
87.5025
97.0148
47.1585
100.726
90.2591
97.0647
91.5733
75.5369
91.2401
106.482
89.1837
111.886
90.8801
91.1779
97.777
54.7884
91.1442
91.905
80.9563
94.9232
85.0798
102.076
95.7326
89.5318
91.0666
89.5886
91.4492
93.8533
61.0837
56.5498
91.9959
92.0057
94.9905
94.5866
91.6276
92.5442
58.1873
91.4083
91.6199
75.3823
75.7584
94.9153
90.2935
96.528
94.1631
104.864
100.072
93.4315
99.9563
95.3042
97.7226
91.4675
93.0247
91.9974
85.0109
101.9
84.2529
96.2646
91.4001
71.2109
39.9888
91.7245
91.1538
99.5575
104.155
90.1624
85.2727
91.4276
91.29
91.465
97.6903
89.2007
85.0423
90.4754
97.9745
91.7287
76.3003
91.2608
90.2822
91.5991
86.155
106.924
93.1373
94.6369
99.5766
91.8243
86.4136
94.1865
85.3384
101.979
85.0334
95.5454
95.3606
86.0331
88.9449
94.6339
93.1429
94.297
92.4025
91.7512
110.509
107.268
111.814
85.5981
83.6052
104.783
96.9839
90.3777
88.9578
106.642
91.3124
89.5281
7.51126
92.0337
94.367
85.7979
90.9355
91.319
91.1961
74.3007
91.484
95.2641
98.6203
89.4468
92.6393
85.6326
92.3133
104.96
91.0611
110.046
98.6917
92.3862
70.3002
89.9601
90.4295
90.9568
97.8301
86.2194
77.4014
83.4049
28.016
101.738
83.4921
96.3994
88.8959
92.2993
95.1695
91.4479
91.4074
98.0136
88.9891
89.0281
91.2095
88.452
85.583
95.7724
90.6564
91.6903
93.6838
106.869
91.2713
90.6188
91.4246
90.6375
93.7427
102.581
90.7924
86.462
95.0007
86.9211
84.8577
91.3602
94.9609
90.921
91.5448
92.6947
93.4557
86.0133
104.751
90.3429
91.1963
105.942
90.293
84.7038
90.6708
57.0224
90.2425
90.1209
91.0142
87.9476
91.0275
88.2508
88.4983
91.8374
90.451
86.9768
90.7201
95.6266
91.0882
82.6272
96.4337
90.8028
92.1004
90.8045
56.369
77.2712
92.1477
88.5962
91.5955
83.9696
80.99
91.9162
91.4087
91.0752
90.5434
100.471
47.9121
69.4208
89.7212
90.9218
91.6778
91.4926
91.7885
76.949
91.2556
88.9975
73.4232
90.3519
106.007
88.639
90.5453
73.8852
85.987
92.0415
86.7188
81.8836
92.3855
85.9689
97.99
91.768
91.071
84.814
102.079
102.003
84.594
96.1351
92.2887
90.9456
90.7994
92.0836
98.3646
105.86
90.2208
96.4472
113.323
86.6361
93.9653
95.6687
90.9299
91.0246
95.8788
90.5557
90.9105
98.5091
92.1671
84.4386
89.1917
85.272
86.3256
105.689
84.4645
85.498
90.7633
89.6996
89.3669
111.873
106.522
90.4577
91.0827
95.3083
101.564
93.7204
95.9887
90.7365
91.2686
76.7729
98.4578
92.1627
95.9646
74.7292
100.955
95.4307
84.9107
101.957
90.601
90.4593
95.5142
94.0591
96.8629
101.614
93.3872
95.9114
92.6451
66.8448
91.3183
90.8863
89.0881
53.6432
14.275
100.296
80.1997
98.3687
92.6502
79.5911
91.8315
95.0209
91.032
91.9275
91.2462
87.4309
86.9766
105.006
85.8031
105.677
89.8543
87.0566
89.4331
91.0998
92.1563
92.7327
46.656
106.09
91.2556
90.625
92.1468
97.5804
96.7721
98.0979
84.7336
91.1227
90.019
87.9234
85.0114
85.15
39.7767
91.4605
71.7926
92.1761
94.4529
96.6989
90.9649
91.9976
77.8169
47.7071
92.437
98.1919
94.5099
91.4385
90.4419
92.251
98.3198
90.9722
83.6994
106.352
101.729
93.0666
91.296
92.3927
98.4979
81.8373
90.4845
104.823
107.973
88.33
96.424
96.9663
89.6153
72.7975
90.6144
91.4907
114.139
79.6979
95.4816
89.4618
91.5845
97.8867
91.8611
99.898
78.9171
101.835
95.325
83.6545
91.8685
91.2649
104.659
90.8093
92.1559
98.2386
89.0673
92.4284
68.3796
40.1152
104.568
98.5627
91.6089
91.5391
90.9803
90.0267
98.176
91.996
91.002
90.8444
91.5524
91.6122
105.081
93.1779
97.7677
83.3816
90.5385
52.2689
91.9575
86.5963
102.13
93.4998
89.8312
88.4201
90.2613
97.2241
91.43
90.6151
66.1446
91.6835
89.9433
98.7727
106.393
91.435
89.8601
91.2712
92.0059
93.6733
95.1648
92.2481
92.148
98.6727
92.7694
87.7083
88.6712
89.9941
91.6448
106.004
57.3423
92.118
51.6178
90.2327
86.6039
88.6244
93.1866
90.8245
87.8882
64.8279
89.2234
106.507
95.3433
82.9421
101.644
106.603
112.668
91.7607
90.4099
84.2762
100.052
96.6231
97.6474
94.9731
93.609
91.8438
101.94
101.853
97.592
90.9574
92.0002
94.6547
92.3119
90.6609
90.8642
84.3701
90.8849
87.7755
106.464
95.5658
96.0143
96.6858
89.6241
96.8743
98.0393
97.0576
91.2528
91.8267
76.8506
91.2706
93.9502
95.5725
92.0134
92.7097
90.878
99.4519
63.3594
92.1373
91.9276
83.4879
101.155
91.9486
91.4662
90.9629
91.9862
111.673
107.451
91.9832
88.3415
113.095
94.3823
90.7086
91.7179
88.3111
91.9582
91.2841
91.6508
90.4641
90.5514
82.669
90.3989
91.1128
105.814
88.0103
90.8863
84.3779
91.0212
98.348
88.9468
98.9013
88.4391
92.1779
87.3752
107.81
91.5689
97.585
94.1904
96.6817
91.6665
91.5842
89.4328
91.6337
88.9802
91.3346
91.7335
91.9598
48.1584
82.9789
105.997
90.5382
88.2137
91.637
106.829
60.9921
48.7016
91.1828
91.0904
90.5082
91.3053
85.4734
91.5155
91.6506
74.9546
91.3159
62.3877
92.3849
91.6523
92.4526
90.9813
88.1342
104.848
91.013
84.5247
92.4782
91.3089
91.2639
86.9856
101.987
85.1315
95.5496
89.158
97.2303
100.965
94.3375
87.1985
109.266
90.9717
89.0624
91.1456
96.0709
104.845
93.5771
90.4486
97.4653
93.4844
91.2399
92.0115
88.6142
105.843
100.391
91.5829
91.8299
65.14
89.4184
90.2055
94.1299
96.7325
90.5628
90.7723
89.9417
46.0921
90.9195
91.7306
107.316
104.936
98.9923
85.2097
90.9083
106.006
90.3682
100.119
91.8488
35.3423
54.569
90.1986
48.2359
90.9937
35.3791
95.2857
107.497
86.7395
97.7252
91.3466
91.3876
91.3845
91.3986
91.3247
91.1733
91.3848
91.3085
91.3051
91.1754
63.7207
93.1827
93.4786
94.2994
93.8771
58.455
92.9265
95.4924
89.8972
91.2051
90.6601
89.0395
67.9806
51.6174
88.331
74.6499
71.4468
87.9121
92.7394
83.5969
84.3261
83.8838
83.3126
95.6755
91.046
84.9732
95.4959
91.2778
97.0211
96.0698
97.4046
96.5597
85.7615
99.0946
102.62
102.758
92.5658
99.3576
98.9046
87.6305
98.7468
99.6726
102.486
102.947
100.473
100.063
103.208
103.512
103.992
103.789
98.6044
92.3843
98.4989
98.4445
95.5088
92.2382
87.2837
92.1762
91.544
91.2621
91.2552
65.8612
91.5327
91.2603
91.2787
57.351
110.232
111.826
86.6877
89.6594
75.0411
89.9313
88.1205
90.9252
91.8795
104.883
90.9441
86.5435
90.994
100.371
97.6112
91.9123
101.555
94.172
96.3437
90.9536
91.3214
91.5483
90.2231
86.5152
89.9681
88.4203
95.4675
85.1405
101.969
91.3018
97.1574
90.9598
44.5147
90.5903
91.0956
80.0867
91.869
38.025
91.0116
88.621
91.4623
91.8036
90.524
91.384
91.1488
85.7011
91.9084
90.912
101.119
95.0054
80.0074
95.3269
91.519
92.1599
84.2088
101.885
100.2
75.4455
91.4124
92.1261
107.096
87.2161
91.0404
105.345
95.9176
90.5493
88.2917
51.3083
91.208
84.94
95.7816
102.042
92.2731
90.0829
91.372
95.8472
93.9343
91.8866
92.6133
92.4361
91.1925
90.951
91.7784
84.2982
77.7859
92.1792
91.3337
90.8186
65.0555
91.3151
99.7081
90.8307
85.8347
58.309
88.7098
91.4031
87.7649
91.152
87.6468
91.4962
105.597
97.1282
91.9151
91.1199
77.0341
90.9187
58.6779
92.3572
91.7429
91.1334
91.7905
64.2861
91.6918
63.4209
91.6088
90.8557
105.446
91.8925
84.7219
89.775
88.42
91.3392
88.1167
91.2564
90.8475
89.9408
85.0557
70.2556
90.9916
101.632
92.2523
88.4284
92.2542
46.4887
89.8154
91.2591
97.9096
98.3428
98.4196
92.1886
86.1642
91.168
91.6711
83.8254
90.3513
91.519
84.3662
91.3146
90.5636
66.2103
90.6563
89.3298
95.8177
94.0133
102.331
45.7407
106.067
90.9784
107.772
98.0296
98.7801
92.2858
89.8184
91.6029
91.2267
86.2914
91.0956
101.97
85.0348
91.5851
100.069
91.5535
91.029
94.5018
93.8836
92.4405
87.5556
89.7179
51.9106
90.4721
75.4163
91.5494
93.3168
94.5693
92.1321
90.5403
89.0205
86.7
76.5773
91.3806
92.1016
92.2203
98.3055
106.22
104.518
95.0262
94.8777
93.4673
85.6592
106.042
90.3396
88.236
91.7572
95.2768
82.7294
101.642
109.14
105.691
93.3179
90.3338
90.9529
86.9443
104.487
92.2448
101.978
84.8875
95.5001
95.2465
106.509
91.0246
43.0564
90.8136
91.5728
90.0666
91.5317
88.5071
89.442
92.0889
90.8452
90.2136
89.8049
87.6199
86.8163
88.4398
87.6586
95.8287
42.2562
89.5368
92.013
93.895
94.8227
90.9298
91.2067
87.2278
89.5778
98.5038
100.15
92.1737
104.831
95.5878
85.059
101.988
96.8829
87.3496
92.1435
86.6344
105.517
85.0569
92.2118
91.8281
91.1817
88.6717
97.6717
103.007
98.2361
91.9809
92.1861
93.6531
112.572
87.4986
107.633
85.0951
90.9639
87.7607
90.8851
95.1921
86.0226
102.184
39.3694
98.4867
92.3631
101.991
84.8921
95.7198
90.0371
92.8629
95.6575
93.1222
99.8406
91.4896
90.6439
90.916
90.7424
94.8972
92.1885
83.4032
90.6177
92.8335
93.8526
95.4163
90.6915
78.5757
91.3088
92.2694
85.443
89.7348
89.001
20.7579
90.6354
97.2791
90.6544
97.8343
93.4227
89.0246
91.3926
97.9921
92.7112
89.0304
41.0746
90.0648
77.0419
91.3586
92.0966
76.0589
90.014
67.5536
91.9395
88.9981
91.839
91.6201
82.6796
111.749
105.129
92.3167
91.902
91.1886
89.6729
88.9083
105.44
90.8196
104.851
91.8205
84.2294
94.2101
84.9814
85.1781
98.4561
85.8603
91.8066
90.4097
91.1921
91.9577
90.9574
91.7147
105.313
89.7291
91.3855
94.2911
96.0987
87.901
86.8155
95.1645
102.274
94.8863
59.2893
31.4004
110.089
98.3587
92.1399
92.686
91.1395
89.596
96.7167
85.7791
91.155
75.8776
90.8698
90.61
73.9326
90.9346
105.32
85.2142
102.149
95.3989
92.6162
91.3312
77.913
91.3184
92.149
105.105
95.6402
85.0751
102.043
91.0005
101.831
95.5155
83.3576
101.662
92.7837
96.6453
92.3789
91.5847
104.57
101.402
95.629
83.6477
87.7471
106.377
87.2779
98.9322
95.0154
101.694
90.4464
86.6868
90.9724
93.7246
96.3371
41.357
77.477
91.3401
92.1251
93.5727
89.959
92.5684
91.6653
90.8029
87.3728
84.4611
92.5595
91.7747
90.24
89.6584
92.0572
99.3748
92.6672
85.1667
92.4997
91.7549
88.5866
91.1273
113.958
87.8376
92.61
92.4146
100.583
107.4
104.507
94.6488
93.3291
91.7095
83.2337
58.932
95.5325
85.2378
102.096
93.4677
110.827
85.3306
95.133
102.235
92.7402
98.6553
115.599
91.7431
86.827
83.4906
104.912
89.3536
92.4353
85.074
81.6981
96.5045
98.346
92.2479
98.7275
87.0847
86.0001
90.5207
105.751
90.3267
84.2621
92.214
91.2037
105.949
23.3292
17.2742
86.953
97.3642
87.7285
91.2448
89.0409
94.9809
101.181
79.8993
85.1717
91.053
99.151
90.5443
85.4548
97.2176
102.079
49.8645
91.6428
95.8611
101.791
95.2537
83.5364
88.4138
90.6147
86.9007
102.607
94.6721
87.4419
95.3038
59.6773
89.958
91.9436
90.8193
93.8119
95.4105
46.9657
85.1609
91.1204
89.8351
90.0122
85.5755
81.9509
99.3791
93.2436
104.884
85.9244
106.298
98.2842
92.0295
91.7766
91.36
91.1447
65.3913
91.6707
90.1827
91.8445
46.3044
99.5609
87.0551
106.066
92.142
104.796
92.4053
91.9412
91.2422
99.8004
108.939
104.749
83.764
114.77
91.2961
91.0817
89.0315
108.767
96.0386
94.0642
87.2274
113.005
107.886
85.2067
90.8405
41.4995
85.3627
90.8872
98.2399
104.734
91.1716
88.9762
91.2461
90.71
84.7427
91.7483
91.6408
94.991
6.35322
91.3528
88.2047
105.017
87.5629
93.6248
92.2954
115.002
88.5511
98.5484
89.6628
91.5726
97.5135
77.7669
96.1312
94.212
105.364
43.0141
94.2184
51.908
91.1135
91.9755
109.248
94.1335
96.154
87.4319
85.0647
92.2001
105.953
85.4772
103.821
105.802
92.0905
90.5309
104.884
96.706
90.794
102.63
90.302
91.7057
85.1077
95.5411
85.5955
91.7915
73.9721
86.6281
91.3294
90.5535
92.913
91.3744
91.0608
80.592
90.9866
106.945
87.3032
54.002
108.267
104.865
90.9048
89.8645
91.5558
96.2223
91.9894
90.4654
104.38
86.5758
86.8117
96.0225
94.1829
90.7336
72.4572
91.0923
93.6026
104.843
99.4119
93.6904
96.219
105.079
90.967
92.0184
55.379
96.4
91.2845
79.5171
92.442
105.549
91.9496
93.8203
95.3619
92.1892
92.7856
91.7781
91.6882
104.574
49.1669
105.477
88.8538
49.0313
93.9064
91.4648
105.624
96.3141
94.2731
112.103
112.661
91.1381
49.2338
98.0693
91.7728
105.271
105.407
105.207
105.338
57.1156
109.664
54.7951
52.4821
47.9529
110.043
47.7085
46.8439
50.4393
105.918
105.846
46.976
105.774
105.7
86.4129
111.824
111.795
86.2523
85.5259
85.6161
86.0875
85.7486
85.403
91.7761
82.9129
79.9229
90.5326
100.456
104.837
79.6265
92.2619
107.504
80.5054
99.6246
91.2462
92.609
91.7041
92.1902
106.067
90.6881
90.3218
91.2786
92.5191
90.8286
105.605
90.1991
96.4273
97.2644
91.345
91.1678
90.8501
91.7965
105.28
91.9357
49.0832
101.921
95.1956
84.1592
85.7286
89.6335
91.6092
94.0372
96.548
89.7176
91.8531
95.0013
93.5617
91.8587
89.0315
87.9221
97.8695
89.0426
90.7464
98.5237
92.2009
90.9191
82.8416
91.0315
84.9874
106.437
91.1288
97.7927
95.7987
92.9557
92.0723
90.9215
92.1998
91.3695
90.3293
77.9144
96.6393
94.0055
106.138
90.9656
101.063
95.0707
105.881
90.3262
91.8393
91.1818
89.2145
91.6967
91.9001
87.0368
77.6995
91.074
87.5586
106.469
90.9332
91.3402
76.9832
85.3273
91.1993
90.8567
104.648
75.4186
83.2222
76.0349
81.4777
39.8015
111.673
111.221
91.2357
92.4023
98.6276
93.0263
98.7381
103.258
104.616
93.0742
91.1629
92.6521
91.666
76.4566
91.2371
102.01
79.6318
89.2038
91.5602
90.797
92.2402
85.8205
92.0861
91.7485
90.8863
86.5457
29.6013
90.4483
92.1344
90.4622
85.9478
92.2908
85.4062
85.9413
95.2801
102.194
88.6532
92.1495
106.465
98.3297
85.8535
105.577
90.781
59.8018
91.025
106.693
70.8652
91.4576
91.2469
92.5214
101.964
84.8756
95.4451
91.2127
75.0781
91.1326
86.1443
108.109
107.098
91.6227
77.4285
91.3472
101.998
84.8353
95.7648
94.173
95.9253
77.8509
94.2986
96.6691
91.8233
94.8361
106.431
91.9409
108.117
94.5285
93.1595
98.5157
60.2112
94.375
97.3659
92.1259
95.6454
91.0458
90.8352
98.2359
95.5418
85.1346
102.057
103.821
91.9083
77.2919
91.2602
91.7912
112.37
100.925
90.9847
101.925
93.6222
95.8206
88.7497
112.248
101.784
17.3526
91.4839
75.8739
91.2054
91.5382
90.1112
91.0473
95.1644
91.7291
93.5914
94.2851
91.8849
91.7018
65.181
90.9089
91.3322
89.2022
38.3573
89.252
6.76449
111.615
90.6142
110.348
110.712
84.0467
91.9128
91.2247
94.6732
77.7228
88.7139
91.2367
109.339
95.4225
109.952
90.673
91.4673
91.3919
91.6653
106.169
86.9711
98.6004
91.0565
91.3929
90.9901
45.8795
90.9829
91.726
97.2238
90.98
104.746
102.007
85.378
95.5822
105.846
90.9096
92.3771
88.2694
91.9127
77.2262
91.2912
42.8625
90.7072
91.2949
96.8106
95.8977
91.418
85.3732
91.2412
90.7338
91.0063
91.912
87.0356
91.8815
91.1183
92.5883
58.1692
91.7701
90.6557
79.4542
88.9109
110.728
94.1728
72.7732
99.8416
91.7542
102.057
95.1985
84.9931
98.4999
93.1289
100.621
106.083
91.3955
92.0421
88.4391
90.6313
91.06
91.8879
99.1082
89.9912
91.1558
91.4738
89.0457
91.9909
91.979
90.8068
100.833
91.7555
90.8322
88.6234
93.6733
95.1879
84.0261
88.103
96.7267
94.2235
96.1425
94.0634
99.4128
52.165
106.97
100.085
98.4518
91.545
91.2748
61.3086
90.8967
98.2513
92.2511
91.5629
39.6683
100.388
90.8633
111.218
90.7761
14.6451
73.4032
91.8899
99.3281
104.744
91.8618
91.1051
96.9169
90.3956
98.0202
84.5584
86.3005
92.2412
98.252
90.0785
95.5075
91.8147
92.0011
91.26
91.8132
84.9624
86.347
76.9854
77.9008
96.4062
94.1301
69.6399
99.3086
91.3566
91.215
99.2875
98.8034
92.9184
99.0712
104.749
93.7919
95.3542
101.992
84.9978
95.6638
91.9434
91.2408
90.9952
90.4244
90.3115
90.5103
89.5545
100.899
109.475
106.408
47.2731
89.9972
90.7202
90.7748
89.1659
40.4056
93.4676
112.054
104.86
106.201
85.2554
87.4213
106.032
88.2702
83.8005
101.885
90.3068
106.224
105.976
114.482
90.855
88.473
90.7147
89.5517
91.5675
89.0811
105.677
100.788
95.2123
78.4481
108.921
90.6124
97.3764
91.8156
66.3216
106.333
86.8937
93.6591
91.9471
91.0784
52.5299
90.9141
83.5771
104.888
105.979
50.0496
91.0967
90.8889
95.9821
91.8328
92.4327
91.1676
94.1037
54.5956
90.7485
90.5548
78.6739
91.3104
92.2951
90.6055
41.9819
105.944
92.3499
91.3978
92.5096
92.4246
91.0762
43.7898
90.8816
88.9596
95.9106
84.7082
101.993
75.6069
90.7408
37.2789
67.9712
91.9085
90.9398
94.6486
111.665
89.324
89.2141
88.2944
91.8764
93.9286
89.4667
91.0849
73.06
72.4964
91.4136
94.7021
96.4398
91.981
88.4438
114.1
91.3424
90.6891
75.5579
91.0946
97.9297
86.7767
90.7193
101.672
105.868
90.7938
71.3426
91.6012
92.2326
66.1894
86.0145
51.7424
90.5995
86.3761
92.4113
91.6687
91.3019
90.186
99.7618
91.4555
90.908
60.4772
97.7112
80.5154
88.087
84.9758
95.7103
102.024
101.977
84.6265
95.8495
91.5592
91.8739
96.0882
90.7499
98.9686
85.794
99.9645
91.936
94.076
92.816
89.184
87.1451
79.0669
106.483
86.3768
102.198
95.0346
92.212
49.0782
81.7983
91.2347
90.9551
96.2574
94.0505
92.1461
86.2943
98.187
91.6249
90.5757
77.6599
91.3495
101.455
95.5864
85.1318
102.016
91.5512
91.1969
92.6077
90.5495
85.7667
76.9922
91.743
92.6695
98.782
98.6421
91.5283
89.6134
96.9826
97.1005
90.36
84.8844
91.9382
91.257
73.5654
88.9987
105.967
91.7592
84.1175
103.778
102.136
95.4055
85.4317
91.3897
87.906
43.6757
87.3683
96.9825
89.8629
78.5188
91.6185
97.5907
107.151
86.714
94.1715
87.494
91.3671
90.7708
92.8137
94.2772
91.0074
104.287
90.5328
96.9983
89.5016
109.653
85.7136
98.555
82.8963
91.1366
91.3924
101.956
84.4153
95.9482
71.1014
115.705
90.7798
94.3795
87.3397
90.82
115.58
62.3267
96.3646
82.9505
98.8651
84.7264
85.469
23.7285
90.7451
105.006
65.3785
92.4493
91.9108
91.1981
92.4676
91.946
91.1359
92.1008
98.6019
104.627
83.8693
90.079
97.9249
83.3662
90.9174
55.5307
91.1765
83.3021
90.7133
100.152
91.8182
88.746
87.4318
91.0673
96.2439
90.5679
95.0801
94.0507
97.1369
89.4436
91.8614
91.8945
86.2587
88.413
93.5353
92.1539
96.5196
93.4812
87.3063
91.5532
92.503
68.7776
88.8368
109.564
78.2794
84.4327
88.7996
90.2718
90.7037
91.5193
90.517
92.1104
65.222
89.9392
91.2332
87.0031
81.1985
92.5563
91.9921
91.1875
85.5711
88.092
92.0064
86.0142
89.9485
92.1076
91.812
91.1325
105.509
92.2601
91.8593
91.2382
55.1452
91.5808
90.6612
59.2651
89.1558
77.5938
90.9215
90.2114
91.7523
91.388
89.0256
91.357
85.857
90.0078
91.9672
91.3948
86.8272
102.023
85.2025
95.5719
90.9139
105.993
91.501
66.0117
92.1071
90.7827
91.0046
90.9175
79.2344
91.7714
97.388
89.6427
95.3146
92.4805
91.025
82.4566
91.9925
85.6824
92.2918
106.838
90.6728
90.5737
83.9891
91.0853
87.7553
36.0475
84.9269
97.1055
91.7183
91.4251
91.0161
91.4022
85.4929
91.4411
90.3598
90.6212
90.3004
79.897
91.8395
93.629
95.0422
92.2098
92.6552
91.2559
91.7611
91.087
91.2872
92.573
101.834
83.6572
95.4074
104.365
84.0864
89.4423
98.8501
93.0718
59.5179
91.0473
91.2372
93.6987
85.2389
105.92
80.4012
46.7312
79.0342
92.1774
104.84
69.6303
110.63
86.5463
98.3993
78.6664
87.7164
90.8212
88.1228
91.834
87.8612
92.2039
84.9527
86.6671
90.7591
91.9094
79.0382
94.1213
96.5549
90.5686
91.668
101.736
83.773
95.9607
91.0605
91.3245
78.7515
92.3289
88.8494
89.8809
90.6206
96.5175
99.635
89.4059
101.213
93.5823
95.8258
91.4265
76.2713
92.2046
100.852
94.6839
77.6247
86.0863
95.0079
102.172
92.7369
51.3389
111.222
88.3563
85.8166
102.703
95.1051
88.0151
91.2029
76.4125
90.6376
92.5988
98.8246
50.4628
90.8425
115.01
88.0615
61.5366
91.9266
92.2567
91.0564
54.2316
90.8569
95.6443
84.97
101.992
98.7913
97.1278
91.3602
77.2728
92.1428
92.6749
86.4105
90.3487
59.6983
106.664
95.4554
84.3187
101.998
90.9916
98.0808
93.2941
90.5602
92.3033
98.3278
91.7651
53.3995
90.9825
96.6165
94.483
91.4792
74.3347
92.2985
90.4487
95.6128
93.905
91.4215
90.339
92.1928
91.3883
76.8867
92.161
95.3111
93.7807
91.9367
87.7881
92.3544
91.0187
32.3092
105.527
86.1031
96.5942
90.9339
91.166
105.303
88.8995
104.942
91.848
89.9095
54.7005
91.4132
99.1316
91.3312
92.2572
78.2991
94.7178
91.7169
93.4328
107.526
40.4526
83.435
91.2034
97.0049
54.2148
90.3159
92.0489
96.4983
90.7709
89.0706
104.844
84.9695
87.7434
91.0095
85.1053
84.413
108.723
91.7711
104.728
50.2748
86.0621
107.287
85.4284
90.7336
91.7267
90.6401
91.3808
95.1701
79.3932
34.3176
112.719
91.2989
92.459
91.3106
78.1911
92.1786
97.5718
98.154
61.5354
92.2605
90.9456
90.7123
91.161
91.1603
104.822
101.371
95.8329
81.9057
48.6269
90.5091
87.0409
104.983
91.9174
96.8081
91.6488
61.8675
92.8605
93.2896
90.9131
91.1595
94.3291
96.7515
93.5856
14.1275
97.8336
94.6656
88.9649
90.2516
88.1605
84.1946
100.531
98.5131
92.2349
82.0275
105.429
92.1702
98.3342
90.5653
105.593
98.7618
58.0363
85.2767
98.0973
90.8212
85.6887
79.5928
100.5
106.625
91.28
40.9825
106.53
91.4297
88.0466
98.0711
106.45
56.1646
90.6479
101.893
96.1354
83.9619
85.2954
105.723
106.49
96.876
88.6659
91.0485
93.9954
91.4961
81.133
92.7994
106.358
47.1802
61.6713
92.3907
90.1935
85.1068
102.056
85.8599
95.6806
104.537
89.6975
91.7575
90.8166
106.749
106.57
90.8106
96.8221
91.7238
92.9165
58.147
105.069
90.3922
90.6744
100.173
86.1297
104.803
106.306
100.107
117.217
86.2591
91.7558
91.043
98.7518
83.6338
53.9105
104.832
89.0507
100.195
91.3167
78.3089
92.2233
84.5756
104.839
112.732
87.1128
105.148
90.6007
92.2071
75.8911
106.356
78.4522
90.6644
92.1623
92.4872
98.7224
71.9882
89.5437
108.073
90.0142
104.594
65.9971
100.492
91.3933
104.192
91.4424
91.2866
82.1667
85.8747
85.0978
89.2453
91.2468
91.2812
51.7946
105.304
51.4407
88.0451
91.284
66.3431
85.0831
90.8288
91.1153
91.2654
98.8787
86.1847
91.3917
91.0601
90.9388
104.419
97.2618
96.9794
91.3866
92.4934
91.8563
91.1352
91.7159
93.3022
94.5305
96.1097
91.6365
92.0464
58.0674
97.8671
98.0706
91.3752
91.0658
98.8997
92.7096
89.258
88.2414
87.4447
98.5835
92.2742
83.2521
101.808
89.2657
91.3123
85.8289
91.5739
58.0248
91.8681
91.0658
89.1299
91.6374
91.0155
103.548
104.582
89.8566
96.6196
91.4149
91.3135
82.9139
88.7542
91.3654
103.259
89.0234
96.1209
98.7093
92.4408
55.6065
98.6522
92.3709
109.798
91.8356
85.5367
94.2642
74.5207
100.416
94.2069
96.3547
85.8916
105.306
92.7423
85.1163
89.7012
91.4797
95.512
85.1529
102.013
105.887
91.1323
85.4905
89.0005
98.8967
106.017
102.118
95.3509
85.1107
103.585
89.6187
96.5486
98.5899
92.3608
85.5682
85.4004
53.3637
105.17
90.7161
89.9609
91.0585
96.5933
90.9809
47.905
81.2807
88.9744
86.3337
91.3627
90.0161
89.9437
98.2761
85.5194
91.9589
93.8984
95.5079
91.992
97.643
94.6693
100.712
98.5423
87.0359
94.8538
94.6937
91.785
91.7735
93.5357
93.4552
106.949
105.733
87.9089
102.061
88.7065
105.767
104.96
105.242
89.69
86.9223
112.5
90.9262
91.1512
88.0221
85.8438
91.1138
82.4346
106.439
91.0077
92.3891
90.6814
51.9624
94.7001
100.811
77.8501
91.0429
90.8414
80.1228
91.876
92.1992
91.0782
91.8308
89.105
113.173
46.1339
98.326
85.4576
105.241
85.8497
92.057
91.7731
91.0317
91.2485
89.2944
80.0457
92.2937
91.8507
91.0156
88.4508
102.194
86.9516
91.9491
96.0302
37.6251
88.5814
90.5464
98.1634
105.397
85.7751
99.4504
104.443
119.467
90.0953
90.5719
96.1314
97.9363
97.3539
100.797
89.809
90.325
94.0062
95.8653
95.4423
94.456
88.0554
88.7311
92.1535
92.2113
93.9862
91.3993
93.1818
83.8572
88.7207
88.2347
88.1078
87.1742
91.0484
80.5066
84.8232
8.93784
58.1098
81.2769
91.1916
79.9343
81.9391
85.9797
93.1365
93.7743
90.0461
92.3993
96.0959
96.0228
93.5767
95.3049
98.4538
98.3764
96.3413
98.251
101.345
101.911
99.826
102.023
104.238
106.217
112.173
108.15
106.697
95.2638
95.1309
93.6788
93.7041
91.9058
86.0008
93.4487
95.6955
91.3801
98.6609
94.8552
94.2939
102.056
97.7715
105.869
105.006
105.189
)
;

boundaryField
{
    frontAndBack
    {
        type            empty;
    }
    wallOuter
    {
        type            zeroGradient;
    }
    inlet
    {
        type            zeroGradient;
    }
    outlet
    {
        type            fixedValue;
        value           uniform 0;
    }
    wallInner
    {
        type            zeroGradient;
    }
}


// ************************************************************************* //
