/*--------------------------------*- C++ -*----------------------------------*\
| =========                 |                                                 |
| \\      /  F ield         | OpenFOAM: The Open Source CFD Toolbox           |
|  \\    /   O peration     | Version:  v1912                                 |
|   \\  /    A nd           | Website:  www.openfoam.com                      |
|    \\/     M anipulation  |                                                 |
\*---------------------------------------------------------------------------*/
FoamFile
{
    version     2.0;
    format      ascii;
    class       volVectorField;
    location    "0.51";
    object      U;
}
// * * * * * * * * * * * * * * * * * * * * * * * * * * * * * * * * * * * * * //

dimensions      [0 1 -1 0 0 0 0];


internalField   nonuniform List<vector> 
1431
(
(-0.112448 0.460035 -3.37496e-17)
(0.61669 -0.265028 -1.79377e-16)
(5.67475 0.771951 1.09253e-16)
(-3.03902 1.83921 -4.79613e-17)
(0.0311157 1.19039 -1.58136e-16)
(2.77625 0.0755808 2.73896e-16)
(0.406021 -0.467557 -2.18055e-16)
(9.73679 0.653558 -2.3143e-16)
(-0.282248 4.41746 0)
(0.0519035 2.1648 -1.17249e-16)
(0.14466 0.643121 0)
(0.334744 -0.541212 7.57396e-17)
(-1.01097 1.28803 0)
(8.98717 0.518226 2.03909e-18)
(0.237661 0.971435 -2.59434e-16)
(0.134303 3.41453 0)
(0.361164 2.66215 -3.11321e-16)
(0.246121 0.867714 0)
(-0.532756 -0.221534 1.41613e-16)
(-0.0550452 0.442732 6.08334e-17)
(-0.288209 0.962876 -1.99939e-17)
(-0.383232 0.562708 7.44049e-20)
(1.48348 0.955001 -5.09133e-17)
(8.67941 0.568405 -3.30546e-17)
(1.74503 3.31313 -1.31463e-16)
(-0.104454 0.355481 -1.75087e-16)
(-1.42333 4.77637 1.20663e-16)
(9.26132 0.467223 -2.43244e-20)
(10.838 0.625174 6.41869e-18)
(0.125608 -0.929829 -5.51433e-16)
(7.42208 0.275251 2.53851e-16)
(7.07525 -0.16919 -1.86618e-16)
(-1.85088 0.41466 -1.26306e-16)
(-1.73818 0.41566 0)
(-1.53374 -0.24317 1.02449e-16)
(1.85438 8.78175 1.33602e-16)
(0.00743441 0.351286 1.55905e-16)
(9.69292 -0.00392188 0)
(0.834465 0.497493 -1.78762e-16)
(9.60814 -0.00309128 0)
(4.76193 0.121653 1.44555e-16)
(1.11479 0.149292 -7.83361e-17)
(-1.64345 0.732953 0)
(-1.14784 0.30216 -7.0286e-17)
(-1.08559 0.750141 1.669e-16)
(-0.500819 0.613537 -4.33528e-16)
(1.52274 4.8925 2.26871e-16)
(7.12343 1.2075 -6.18993e-17)
(8.91833 0.53768 1.6894e-16)
(9.44443 0.0856332 3.88411e-17)
(0.70422 -0.788258 -9.24763e-17)
(0.554079 2.88566 1.09903e-16)
(-0.204185 5.61293 4.94727e-17)
(-1.2562 0.759188 -1.66216e-17)
(0.604314 0.0464991 -1.41325e-16)
(7.90568 1.75495 0)
(0.956834 3.89631 5.96842e-17)
(-0.186728 4.33488 -2.31417e-16)
(-0.451958 6.42053 0)
(0.0146053 0.426106 -9.05979e-16)
(0.692182 2.15122 0)
(0.315888 1.5593 -1.73009e-16)
(1.32675 7.76168 -1.47239e-16)
(10.5814 0.121694 0)
(9.96533 0.315313 -1.94138e-17)
(-0.53944 0.905665 0)
(6.19563 0.346559 0)
(2.95258 -0.00690875 0)
(-0.575251 -0.953853 1.58747e-16)
(10.7616 0.0932203 0)
(-1.01037 0.418932 9.52066e-17)
(-1.52711 0.0880222 -9.63761e-17)
(1.23832 1.20703 0)
(2.37591 0.214699 -2.82902e-16)
(1.21435 2.36528 1.63555e-19)
(-0.953822 0.307119 3.06409e-16)
(-0.163064 1.08469 5.49188e-17)
(3.45735 0.634769 3.56504e-16)
(9.98545 0.182923 1.37702e-17)
(1.00811 -3.01746 -2.25796e-17)
(9.93457 0.100139 -2.68568e-16)
(0.885838 -0.388391 -2.32604e-18)
(2.04418 -0.21063 2.07002e-16)
(1.17927 0.419688 -8.86617e-17)
(-2.75004 1.36412 4.9244e-17)
(0.0102264 1.15347 -5.42122e-16)
(0.11482 0.784261 -1.21094e-16)
(-1.17086 1.58284 1.67412e-16)
(8.2931 0.609685 9.95788e-17)
(-0.0541503 0.603486 -7.88235e-17)
(-0.234165 0.440336 2.39341e-16)
(-1.58356 1.23075 2.59977e-16)
(0.108017 0.74631 0)
(9.75767 0.0402116 0)
(1.42553 0.0497186 2.2705e-18)
(-0.123489 1.02104 7.71237e-20)
(0.739061 2.2506 -2.38671e-19)
(10.3612 0.577742 3.47859e-18)
(0.131579 0.506974 2.50872e-16)
(8.73467 0.494744 -4.78928e-16)
(-0.620531 -0.911685 -1.78298e-16)
(9.87197 0.182971 -7.1106e-17)
(0.0160547 0.477289 0)
(0.0643918 1.14991 3.66313e-20)
(-1.01097 2.59419 1.83001e-16)
(0.61019 -0.710584 8.36985e-17)
(10.0144 0.0723338 -1.12127e-16)
(4.44984 -0.0485853 8.23652e-17)
(6.65699 -0.000223472 1.03073e-16)
(-0.0461098 1.18995 8.37592e-17)
(-0.663206 -2.56086 1.96614e-16)
(-0.977589 0.875019 -7.53653e-17)
(9.66652 0.891667 0)
(0.285085 1.1774 -1.87108e-16)
(-0.383169 2.84945 0)
(0.0515564 1.16017 0)
(0.223127 0.665729 0)
(0.376249 -0.0912248 -1.67279e-19)
(7.80705 0.623476 -6.85776e-17)
(-1.6152 0.706947 -1.68066e-16)
(9.89952 0.277275 -2.14253e-17)
(-0.258437 5.80215 -1.39178e-16)
(0.693041 3.67426 -4.62922e-16)
(8.64046 0.845993 -1.26826e-16)
(10.1181 0.171681 0)
(-1.24241 0.0962917 -9.89401e-17)
(7.2382 0.604834 1.81487e-17)
(1.23332 1.41286 5.66435e-17)
(-0.284223 0.697577 9.85009e-17)
(10.6378 0.425358 -7.7756e-17)
(-0.569309 0.644298 -1.50015e-16)
(3.93669 -0.165376 2.69083e-16)
(7.17701 0.343618 0)
(0.18358 0.558191 -2.13201e-16)
(0.0598486 0.74673 -1.25304e-17)
(-2.00501 1.24753 -2.86359e-16)
(0.812155 1.37404 0)
(-1.08035 0.241335 1.31915e-16)
(-0.341689 0.409055 5.34045e-17)
(3.16618 -0.0806888 -4.45842e-16)
(0.0114217 3.98943 0)
(0.0525194 0.299868 4.05683e-17)
(10.5261 0.0599927 -8.09823e-18)
(8.84149 0.378192 -2.179e-17)
(8.48022 0.141999 0)
(11.3801 0.284521 4.72314e-17)
(10.3488 0.386022 3.63804e-17)
(4.23749 -0.076162 0)
(0.447222 1.43993 -1.32979e-16)
(9.30377 0.965495 -5.56942e-17)
(10.856 0.0444517 8.43234e-17)
(9.87146 0.437161 -1.68196e-17)
(-0.302288 -0.421071 -2.05032e-16)
(2.66977 -0.604211 8.60057e-17)
(0.380672 0.766451 1.88186e-16)
(0.910958 1.32226 -4.05995e-17)
(10.0814 0.112144 9.27091e-17)
(0.388216 0.671488 -4.8193e-16)
(9.55502 1.00297 0)
(9.4784 1.22222 -1.02725e-16)
(0.389081 0.875646 -8.67467e-20)
(0.143407 1.03897 4.88345e-17)
(-0.13579 0.45551 0)
(-0.422223 2.07811 -3.73881e-17)
(0.0598662 0.937733 -2.51769e-16)
(-0.851976 -0.394382 -2.05111e-16)
(-0.0794229 1.18227 -1.26443e-16)
(9.82006 0.116785 0)
(0.449483 -0.757246 4.30303e-16)
(0.0400525 0.532498 -1.97121e-16)
(9.59678 0.964387 -1.45191e-17)
(0.412586 3.19888 2.50992e-17)
(8.32722 0.561232 -1.24763e-16)
(11.0507 0.0540357 0)
(10.5095 0.0417349 1.53618e-17)
(-0.801459 0.324325 0)
(-0.948392 0.311252 8.71676e-17)
(9.30542 0.667674 -1.90545e-17)
(-0.093219 -1.06411 3.19904e-16)
(9.50063 1.16036 1.05468e-16)
(9.72912 0.321695 4.41026e-17)
(0.42928 0.765956 1.25712e-16)
(8.7372 1.782 0)
(0.0507309 0.664696 4.20059e-16)
(11.2455 0.117403 1.02924e-16)
(9.82877 1.15618 -1.43924e-17)
(9.82141 0.754302 1.09825e-16)
(-2.82141 4.70908 -1.37556e-16)
(-0.076666 0.33477 2.4906e-16)
(10.2694 0.107495 -2.10794e-20)
(0.0344164 -1.23754 -4.01665e-19)
(0.565757 2.55749 -1.22659e-16)
(-0.254039 1.15397 -3.57127e-16)
(10.0587 0.0462483 -6.7818e-17)
(-0.265748 3.02379 -5.02102e-21)
(10.0491 0.455644 4.24287e-17)
(10.0155 0.0958225 0)
(7.13511 2.13773 -1.14057e-16)
(0.169191 1.48133 0)
(0.280789 1.36557 0)
(0.312823 -0.624737 -2.19641e-16)
(2.86547 2.71788 -2.93479e-16)
(9.32917 1.08316 -2.90316e-17)
(3.41871 0.129691 -5.08341e-16)
(10.0338 0.0572495 3.72703e-17)
(-2.3687 2.52322 -3.14542e-16)
(-0.0209377 1.05519 9.88755e-16)
(9.77645 0.227421 2.64725e-17)
(1.4971 1.93801 1.36562e-17)
(9.18788 0.274383 0)
(10.1246 0.0694441 8.41437e-18)
(9.93122 0.361119 6.66591e-17)
(7.78641 0.675358 1.48642e-17)
(9.85614 0.203974 2.54338e-17)
(1.00254 2.52037 0)
(-0.172739 0.928385 3.86727e-16)
(9.43421 1.1048 0)
(0.0669423 -1.44981 0)
(-0.568124 -0.518337 0)
(10.1127 0.239673 -6.64784e-17)
(9.87748 0.172618 0)
(0.247794 1.21225 1.53466e-16)
(11.1195 0.0307689 -1.35477e-16)
(4.45311 1.20812 -7.94243e-17)
(10.7217 0.355406 0)
(9.3573 0.980773 0)
(9.3213 0.976641 -7.75968e-17)
(0.149393 0.772237 0)
(10.5138 0.682877 0)
(7.46728 0.208236 -7.74561e-17)
(0.0774416 1.04556 0)
(-2.63562 2.26456 3.40135e-16)
(10.6226 0.0948131 5.15439e-20)
(9.87752 0.529795 -1.99933e-16)
(9.77632 0.458686 9.18501e-17)
(9.8086 0.408396 5.17295e-17)
(10.4863 0.270424 -2.79571e-17)
(-0.219186 0.514671 2.34643e-16)
(9.84507 0.110832 0)
(-0.145473 0.314795 2.2281e-16)
(9.50366 0.213607 -3.38422e-17)
(9.41897 1.18277 8.71455e-17)
(-0.234728 3.34632 -2.35533e-16)
(0.86854 4.72572 -2.99137e-16)
(0.290686 1.61267 -6.22137e-20)
(-0.178741 1.69619 1.10406e-19)
(10.5337 0.276407 -1.88464e-16)
(-1.28818 -0.441162 0)
(-2.20408 0.282581 0)
(9.94282 0.942886 0)
(10.0858 1.0224 -9.96442e-17)
(-0.241633 3.8447 0)
(-0.0302869 1.50735 1.25847e-16)
(6.27227 3.25851 2.22978e-17)
(1.32368 5.7289 -1.68715e-16)
(8.16009 0.0631529 -4.73324e-17)
(1.08766 -0.213946 1.92618e-17)
(-0.410438 0.210544 5.96447e-19)
(8.30641 0.0107323 8.28409e-20)
(8.25372 0.0268416 9.18223e-17)
(8.1235 0.0826808 9.10116e-17)
(-0.633169 1.71217 2.70793e-17)
(0.0759823 0.663609 4.91569e-16)
(0.095225 4.30998 -4.49729e-17)
(9.76643 0.33874 -8.09011e-17)
(10.6369 0.582128 7.15123e-18)
(8.23116 0.0131764 -8.46699e-17)
(9.87808 0.951189 0)
(8.35909 2.82483 2.93853e-17)
(-0.0762261 3.42283 -1.53186e-17)
(9.76842 1.09629 0)
(9.06819 0.745111 3.23373e-16)
(10.2282 0.89135 2.88268e-17)
(10.2754 0.783022 0)
(8.0708 0.0971508 -5.64242e-17)
(9.99414 0.691157 1.35473e-18)
(0.0450791 0.42352 -1.38675e-16)
(-0.126609 -0.900914 -2.4046e-19)
(-0.781333 -0.546412 -3.83499e-17)
(0.118295 2.90156 1.8739e-16)
(-0.382247 5.06437 0)
(-0.161687 0.29105 -4.5142e-17)
(-0.398603 -0.612513 0)
(0.257001 0.448835 3.47745e-16)
(8.2815 0.000543872 -4.6354e-17)
(-3.44886 3.45611 6.02646e-17)
(0.0429047 1.09276 1.1984e-16)
(9.14146 1.23979 5.47124e-17)
(10.188 0.878019 2.17148e-19)
(9.63575 0.19087 7.06447e-17)
(11.1569 0.436455 1.61323e-16)
(9.51635 0.00538762 -6.34856e-17)
(9.40433 1.09659 0)
(-0.124354 -1.52428 0)
(10.0396 1.10052 -4.61473e-17)
(9.37513 1.43177 4.97002e-18)
(-0.328383 1.01199 0)
(8.95775 2.12972 1.64746e-18)
(0.0245532 0.199544 -2.1983e-16)
(9.52261 1.21447 2.96607e-17)
(9.63491 0.385151 3.01806e-17)
(9.10726 0.839051 7.80685e-17)
(2.08064 0.301507 0)
(7.98663 0.139056 0)
(0.535524 0.806231 -2.71148e-16)
(0.405051 0.206026 1.91944e-16)
(9.92054 0.126709 8.56632e-17)
(8.209 0.0428725 -9.28298e-17)
(8.26503 0.016806 -8.93262e-17)
(-0.464477 0.248496 1.92796e-16)
(9.64888 0.261269 -1.41001e-17)
(10.8035 0.210326 5.70175e-17)
(0.438603 -0.0794522 -1.86055e-17)
(0.128012 0.31143 -2.09434e-17)
(-1.62313 0.82123 -7.7272e-19)
(0.606925 0.0997051 -2.01543e-16)
(0.0957997 3.41993 -5.16252e-17)
(0.529711 -0.0821053 -8.89046e-17)
(9.80152 0.350374 -4.84057e-17)
(-0.449293 -0.597372 -1.76998e-16)
(0.534084 0.269657 -3.0588e-16)
(-0.46825 -0.527566 2.6588e-16)
(0.0635185 4.32559 1.00414e-19)
(0.565814 0.306612 -9.34621e-20)
(-0.270285 0.956413 -1.73259e-16)
(-0.595799 -0.727559 -9.11354e-17)
(9.83989 0.0760289 1.83643e-16)
(-0.709896 -0.887849 -7.66947e-17)
(7.46774 0.469864 0)
(9.76185 0.183847 -7.09576e-17)
(-0.0100341 -0.512124 -1.09738e-16)
(1.61863 -1.24437 0)
(-0.728592 0.32037 0)
(-0.0396751 -1.35677 1.83595e-16)
(10.2886 0.116297 0)
(-0.219248 2.04908 -1.39163e-16)
(0.549666 -0.458038 -6.60539e-17)
(-0.468625 -0.444724 0)
(0.932264 -0.551341 -1.78965e-17)
(-1.53311 0.511051 1.49235e-16)
(0.33232 0.83047 0)
(9.81953 0.0928152 -8.28341e-17)
(-0.72657 -0.820031 8.93081e-17)
(10.0718 0.223558 3.46954e-17)
(6.68406 3.68873 -2.75941e-16)
(0.833364 -0.41838 1.72124e-16)
(10.5202 0.245371 1.51493e-17)
(0.274342 -0.333868 1.78211e-16)
(-0.0155433 0.0970446 -9.45801e-17)
(-0.823556 0.150384 -7.87216e-17)
(1.41036 -0.0911689 -1.16703e-16)
(-1.64491 -0.049534 -3.92063e-16)
(-1.00192 -0.296251 0)
(1.55482 0.204254 -1.48392e-16)
(-0.03843 -0.0687875 0)
(1.68528 0.00634763 0)
(-1.60125 -0.106373 0)
(0.0697221 -0.150501 -3.89608e-16)
(0.836067 0.284459 0)
(-0.923296 0.091194 4.73145e-16)
(0.602914 -0.209137 -1.98642e-17)
(-0.445909 -0.251361 1.4598e-16)
(1.72803 0.100687 2.27531e-18)
(0.214323 0.00182487 -9.8977e-17)
(-0.185288 0.150326 2.92958e-16)
(0.784002 -0.196905 -1.68945e-16)
(1.47664 -0.141834 0)
(-1.10873 -0.123544 0)
(-0.312545 -0.265382 -2.70915e-17)
(0.284292 -0.0393051 0)
(0.559916 -0.120726 6.54331e-16)
(-0.658236 0.320089 1.30892e-16)
(-0.520527 -0.631936 -1.54985e-16)
(9.96653 1.14987 5.37444e-17)
(-0.0949424 -1.534 0)
(-0.963705 -1.66199 1.9781e-16)
(0.118346 -0.57783 1.05696e-16)
(9.80958 0.308405 3.27797e-17)
(10.0046 0.0347193 8.55457e-17)
(0.430535 0.266231 6.58625e-16)
(-1.38441 0.182959 2.5521e-17)
(1.18214 -0.106097 3.80316e-17)
(-0.440983 0.194243 -2.6455e-16)
(-1.3381 -0.21217 0)
(-0.889052 -0.274762 1.34581e-16)
(1.70886 -0.0234442 0)
(-1.20095 -0.0070595 0)
(0.0290654 0.111709 2.1046e-16)
(1.24854 0.269518 1.43159e-16)
(0.158394 0.0634526 1.83179e-16)
(-0.396949 -0.4771 0)
(1.97613 4.82162 1.96223e-16)
(9.64644 1.1053 -2.92381e-17)
(9.98793 0.00266512 0)
(-0.617299 -0.790218 -2.63837e-21)
(-1.42312 0.488437 -1.59272e-16)
(-0.515231 -0.272577 -1.72362e-16)
(9.95232 0.19749 0)
(-0.355012 0.0831042 0)
(10.4439 0.0816864 0)
(-0.825224 -0.0361954 -5.98296e-17)
(-0.0835309 -0.621566 1.94843e-16)
(10.0114 0.213918 2.88015e-17)
(1.29778 -0.51134 3.12568e-17)
(-0.301631 -0.597569 1.26916e-17)
(10.0021 0.930861 0)
(0.511278 -0.287779 1.17334e-16)
(8.62082 0.022439 1.74511e-16)
(-0.405041 0.506698 -3.08205e-17)
(0.232401 -0.263803 -1.55033e-16)
(9.70058 0.0785455 6.76713e-17)
(-0.140475 -0.738211 0)
(-1.1253 -0.353611 -1.68833e-21)
(1.88142 7.5293 -4.22992e-16)
(8.67818 0.216315 -2.31447e-17)
(1.73276 4.42571 6.92256e-17)
(0.340846 -0.572344 -1.74583e-16)
(-0.0598273 4.14195 1.97659e-16)
(-0.472876 -0.908911 -2.37999e-17)
(-0.512215 -0.0361698 9.32875e-20)
(0.562662 0.138605 4.98184e-17)
(-0.240688 -1.32362 1.46039e-16)
(-0.528469 -0.0544126 6.00554e-17)
(0.102771 -0.971809 -2.82905e-16)
(-0.211606 -1.41959 0)
(0.407251 -0.498763 1.76873e-16)
(0.297587 -0.731586 5.12698e-17)
(0.12177 -0.118183 1.23872e-17)
(-0.359495 0.658624 -1.25224e-16)
(0.516478 -0.252602 -4.25862e-16)
(0.794619 0.706321 0)
(-0.135889 -1.29406 -1.97628e-16)
(-0.178349 -0.313105 0)
(0.0311951 -0.468498 2.65253e-16)
(-0.145046 0.137396 -1.04573e-17)
(0.511961 -0.287182 0)
(-0.267325 -1.11939 -2.18795e-16)
(0.134408 -0.465323 2.85719e-18)
(0.249207 -1.04677 6.07373e-16)
(-0.722592 0.546657 1.86796e-16)
(1.44276 -0.250376 1.31298e-18)
(0.0908278 3.68406 -3.90173e-17)
(0.0854286 -0.636351 0)
(0.141198 -0.790729 5.12615e-17)
(0.0157888 -1.39071 0)
(-0.221231 -0.364849 9.57451e-18)
(-0.228128 0.0975847 -5.49985e-18)
(0.00879137 -1.4783 -1.18435e-16)
(0.41522 -1.63135 0)
(0.0248097 -0.0876335 1.85304e-16)
(-0.0351988 -0.300059 -1.1487e-16)
(-0.544523 -0.454322 4.31354e-16)
(-0.157222 -0.0463384 -1.66328e-16)
(-0.575454 -0.13035 -1.62428e-16)
(-0.262628 -1.25845 7.92498e-17)
(-0.642985 -0.334724 -2.40197e-16)
(-0.605583 -0.637131 -3.22674e-16)
(-0.52229 -0.732215 -6.99777e-18)
(-0.634615 -0.46049 0)
(-0.0839601 -0.0899254 0)
(2.34729 2.08338 3.16912e-16)
(-0.293138 -0.72498 0)
(-0.104999 0.634299 0)
(0.588527 0.842925 -2.24663e-16)
(-0.0498008 -0.368946 2.20482e-16)
(0.179912 -0.655867 -4.77231e-16)
(-0.186222 0.715905 -1.68985e-16)
(1.40179 2.74797 1.19762e-16)
(-0.0886746 0.99277 -2.42937e-16)
(-0.348124 -0.738899 -5.93071e-16)
(1.43946 4.93662 1.77329e-16)
(0.124218 0.480733 0)
(8.03473 0.0873239 -1.61159e-17)
(1.04737 6.9497 -6.05095e-17)
(-0.520647 1.29864 3.13731e-16)
(-0.161854 -0.944295 -1.87262e-16)
(2.07141 7.21958 -2.92614e-16)
(1.92153 8.1578 2.5972e-16)
(0.911053 4.62509 1.70282e-16)
(-0.0845474 -1.40185 0)
(-0.200052 -1.36478 -4.6202e-17)
(0.167034 0.17108 0)
(0.677533 8.36716 -5.081e-17)
(9.93015 0.401218 -1.90247e-17)
(8.72466 0.133691 -3.35472e-17)
(2.05891 1.87459 -1.3798e-16)
(0.20616 1.31533 -1.44812e-16)
(-0.45079 0.0322707 1.43201e-16)
(-0.422562 -0.953452 -1.05785e-16)
(0.207338 -1.52128 0)
(0.0526972 -1.38905 -1.15624e-17)
(-0.169423 -1.0046 0)
(-0.237673 -0.877747 2.43849e-17)
(1.86175 7.07811 6.02408e-17)
(-0.115451 -1.23827 0)
(0.200636 -0.111967 0)
(-0.585098 4.42826 0)
(0.19555 -1.16755 4.10447e-17)
(9.92362 0.160445 -1.41838e-17)
(0.222911 -1.1698 0)
(-0.0201601 1.3481 -6.92705e-19)
(-1.18358 6.03392 1.35854e-17)
(0.207385 -0.102237 3.80003e-21)
(0.512039 -0.187017 0)
(0.516316 -0.328102 2.4369e-16)
(0.0949776 -1.7309 0)
(-0.0815273 -1.04659 1.74256e-20)
(-0.48462 0.00711116 -7.78387e-17)
(-0.252843 -1.11049 -4.39913e-17)
(0.0999641 3.91219 -7.36257e-17)
(0.0701305 3.96291 0)
(0.0315388 -1.62191 3.29204e-17)
(9.61429 1.27131 0)
(-0.553213 -0.335291 4.37765e-17)
(10.512 0.120708 -9.87573e-17)
(-0.349569 -0.956196 0)
(1.33872 6.61673 -3.86201e-16)
(-0.756129 5.39757 7.74935e-18)
(-0.212348 -1.25235 4.42877e-17)
(0.651828 -0.479244 0)
(0.215274 -1.73735 2.57233e-20)
(0.17036 -1.29603 -1.2564e-16)
(0.179733 -1.47915 6.01048e-17)
(-0.581804 0.549847 -1.70208e-16)
(-0.478787 -0.0906095 1.20376e-18)
(-0.309977 -1.05637 0)
(-0.00249112 -0.517121 1.95144e-16)
(-0.360944 -1.0873 0)
(0.171616 -1.41886 3.97057e-17)
(0.20122 -0.824909 -1.08836e-16)
(8.70039 0.177878 4.61419e-17)
(7.94736 0.16674 -1.33921e-16)
(0.286258 -1.04587 5.35058e-17)
(0.171111 -1.48905 -1.57614e-17)
(-0.458218 -0.720278 2.10892e-17)
(-0.299551 -1.17673 -4.05116e-17)
(0.242463 0.269816 4.69219e-17)
(0.256246 -0.826063 0)
(-0.16524 -0.441512 3.68905e-16)
(3.17736 4.26339 0)
(0.507997 -0.155418 -1.53134e-16)
(0.681741 2.76734 1.83948e-16)
(0.173952 -0.609483 1.80953e-16)
(2.01094 2.58653 0)
(-1.09239 0.290872 4.38404e-17)
(-0.450836 0.529183 6.04459e-17)
(0.211765 -0.482491 2.89044e-17)
(9.77745 0.108237 0)
(-0.480087 -0.396716 0)
(0.0556088 -0.917502 3.39197e-20)
(0.250285 -1.12851 -4.52497e-17)
(0.263376 -0.123836 2.4527e-16)
(8.18697 -0.0396279 4.48851e-17)
(-0.358634 -1.00392 7.82964e-17)
(-0.780947 0.172892 3.46344e-17)
(-0.373696 -0.643503 -6.18712e-17)
(0.203999 0.676885 -8.99116e-17)
(0.224533 -0.562049 -1.92589e-16)
(8.11026 -0.0355744 -5.26258e-19)
(9.24068 1.25934 4.85668e-17)
(-0.100431 -0.343749 -3.76004e-16)
(0.376383 -0.780736 0)
(-0.00260635 1.47397 0)
(0.802349 4.41619 6.68193e-16)
(-2.22852 0.450034 -1.28134e-16)
(-0.971853 -0.0650375 -4.98718e-16)
(-0.208642 -0.772509 0)
(9.68063 1.00789 1.37736e-16)
(1.10397 0.947051 0)
(0.511225 -0.39203 1.53305e-16)
(-1.59961 -0.322378 -5.52887e-16)
(-0.371303 0.563454 1.98697e-16)
(2.10429 2.56334 0)
(-0.422864 0.555638 1.06705e-17)
(1.43342 7.16287 0)
(0.483307 0.423259 2.86436e-16)
(-0.238316 -1.12752 1.16353e-16)
(-0.110962 -1.48936 1.13939e-16)
(0.446714 -0.599717 -1.50812e-16)
(8.80054 2.49859 -3.03611e-17)
(0.232964 -0.401325 -4.97635e-18)
(9.77704 0.0854546 2.32665e-16)
(-0.411957 -0.655096 0)
(0.487877 -0.218645 -7.35009e-20)
(1.80454 0.172797 -2.24133e-17)
(0.314246 -0.802116 0)
(0.064741 -0.568066 3.68601e-16)
(9.89488 1.08036 0)
(0.853367 -0.647089 4.58932e-18)
(10.7419 0.482334 -3.4464e-18)
(1.50141 3.38679 0)
(-0.0687652 3.85757 -9.27619e-17)
(10.0003 0.075505 -1.1652e-16)
(9.815 1.32935 0)
(9.64917 1.62101 -5.41309e-18)
(0.385806 -0.753264 0)
(0.0254486 0.358283 -9.86446e-17)
(0.141015 -1.12223 -1.76678e-17)
(9.72867 0.910029 7.41917e-18)
(2.69811 -0.60529 -1.73098e-16)
(-0.0103907 -0.596524 -2.41242e-16)
(0.496487 -0.463807 -4.59052e-16)
(0.02805 -1.14277 -4.25988e-17)
(0.282047 -0.479943 -6.21062e-18)
(0.284331 -0.120239 7.27245e-19)
(-0.410732 0.0535549 -9.97536e-17)
(0.483943 1.24686 0)
(0.406441 -1.3413 2.28385e-19)
(-0.393808 1.1881 5.70692e-17)
(5.93283 1.37101 -4.68417e-17)
(7.1995 2.55724 6.46865e-18)
(-0.290951 -0.33046 -1.61705e-16)
(-0.769147 -0.182021 0)
(0.0633845 0.0802333 -1.95194e-16)
(6.60938 1.91234 0)
(9.78098 0.792593 -1.37929e-17)
(-0.548874 6.46764 0)
(0.0538196 4.22674 4.48408e-17)
(0.166542 0.304403 -1.24342e-16)
(-0.433137 -0.385615 -1.55656e-20)
(-0.0567074 -1.50656 9.75424e-17)
(1.33279 0.16572 0)
(-0.102319 0.98571 3.2752e-16)
(0.846731 -1.18066 -6.20236e-17)
(0.163465 -1.41926 1.69738e-21)
(6.51188 1.64448 -6.59232e-17)
(-0.232346 -1.65777 7.86432e-17)
(0.0841664 0.16866 1.01228e-16)
(-0.30935 -0.745143 -1.43222e-17)
(9.78182 0.057883 0)
(-0.339443 1.18722 5.20072e-17)
(-0.18123 1.12219 -1.12176e-16)
(-0.40801 0.283529 -1.39537e-16)
(9.78783 0.0488161 -4.86881e-17)
(0.466484 0.383743 7.28785e-17)
(-0.401879 -0.734009 3.87985e-17)
(0.151027 -1.54357 -7.95713e-17)
(9.08481 1.27645 3.87461e-17)
(9.03622 1.77415 2.14576e-17)
(-0.26682 0.998307 2.75564e-16)
(0.361537 -0.466754 -2.0955e-17)
(-0.215795 2.71123 0)
(9.80092 0.0599562 1.92592e-16)
(-0.321072 -0.158736 3.88433e-16)
(0.297332 -1.58892 -1.9368e-17)
(0.320874 0.210264 0)
(0.449506 -0.458825 3.47581e-17)
(-0.0964938 5.11456 -6.6174e-17)
(0.471029 2.07177 6.1749e-17)
(-0.434374 1.09268 3.22344e-16)
(-0.851055 -0.511906 0)
(1.00159 0.283935 2.75824e-17)
(9.35693 1.8944 4.54295e-17)
(8.79086 1.09861 0)
(-0.00855508 4.77613 9.12287e-17)
(-0.352249 -0.757086 -7.09881e-17)
(9.77594 0.0714467 8.65452e-17)
(9.9122 0.16787 -2.37326e-17)
(0.0687406 -1.0105 -2.69564e-16)
(-0.326175 -0.332498 -4.35544e-16)
(0.465353 -0.115638 2.31075e-17)
(0.254121 -0.13429 1.08027e-16)
(-0.108901 0.598422 -3.97984e-16)
(-0.152854 0.523085 -1.86525e-19)
(9.78182 0.13634 0)
(1.91678 -0.538615 1.56138e-16)
(10.0126 0.0784342 4.10485e-17)
(-0.469588 0.487356 -6.04577e-17)
(-0.386959 -0.376672 1.59445e-16)
(0.518341 0.388187 -5.51036e-17)
(0.137719 -0.0184877 -1.00152e-16)
(9.79985 0.0887302 -2.70991e-17)
(-0.206654 0.877704 -1.98522e-16)
(0.368958 0.0720524 -2.71205e-17)
(8.66101 0.282085 0)
(8.80183 0.75894 8.3692e-17)
(-0.233792 1.12147 6.91241e-17)
(1.67379 2.61411 1.61753e-16)
(-0.42721 -0.594879 0)
(8.99883 2.13336 -3.24519e-17)
(0.416328 0.68847 -1.66734e-16)
(0.253633 -0.0395217 1.99043e-18)
(-0.114125 2.13182 -2.90265e-17)
(-1.32193 -0.181666 2.00248e-17)
(0.0172258 -1.5187 -1.95274e-16)
(-0.100562 -0.76492 -5.41421e-20)
(-0.211057 -1.43427 3.61947e-16)
(0.391622 0.136033 -4.70355e-17)
(0.296288 -0.189065 0)
(-0.696793 -0.33321 1.58831e-16)
(6.86706 0.0844578 2.37347e-17)
(0.410068 0.0761363 0)
(0.4561 -0.153098 -2.0722e-17)
(-0.114222 0.44555 -7.59315e-17)
(-0.259503 -0.752651 1.17495e-16)
(0.23197 -1.72002 -3.79029e-17)
(0.146397 -0.0526201 -8.41807e-17)
(-1.05951 -0.486311 3.1218e-16)
(9.7944 0.11459 0)
(8.9842 1.30701 -6.25754e-17)
(0.370041 -0.13483 0)
(0.778701 -1.59724 1.41205e-16)
(9.38462 1.08957 -6.9019e-17)
(0.13184 -1.27504 7.46491e-17)
(-0.0411836 0.770438 3.20862e-16)
(4.72771 2.86467 1.01431e-16)
(8.95871 1.41705 -3.37271e-19)
(-0.331918 0.285069 -2.05537e-16)
(10.0082 0.0876692 -1.19194e-17)
(5.12767 0.321704 2.62085e-16)
(0.00145903 -1.17874 2.72482e-16)
(-0.0505631 0.527003 4.46844e-18)
(0.053476 -1.15465 -1.01833e-16)
(-0.49632 0.41289 -3.96633e-17)
(0.089389 0.309279 -1.13486e-16)
(8.10983 0.301314 5.22307e-21)
(0.521155 -0.425964 3.34874e-16)
(-0.317401 3.11957 -1.18403e-16)
(8.85409 1.29824 -9.38748e-19)
(-0.307912 0.508542 8.90965e-17)
(8.49261 0.333485 0)
(9.51561 0.124122 2.36041e-17)
(9.7776 0.110739 1.32352e-17)
(-1.26436 5.8495 1.40311e-16)
(-1.26325 -0.297975 -4.41809e-16)
(7.68039 0.297578 -2.45571e-17)
(-0.424105 0.614929 0)
(-0.122253 1.20116 1.26244e-16)
(1.75647 0.152057 -2.86881e-16)
(0.381825 -0.100741 0)
(-0.563458 -0.598549 0)
(0.00748032 0.236312 1.72844e-16)
(2.25134 0.164195 2.6694e-16)
(2.66928 0.198885 0)
(-0.351813 4.81393 -1.7921e-16)
(9.48283 0.977394 -7.46475e-18)
(0.370162 0.26748 1.90649e-16)
(0.499056 -1.50418 1.16566e-16)
(-0.285298 0.127724 0)
(0.138369 0.323728 -3.87272e-16)
(0.431808 0.0591643 1.7335e-16)
(-0.230261 2.81517 1.22244e-16)
(5.9111 -0.268532 0)
(-0.432837 0.403199 0)
(5.17081 0.117936 0)
(8.92344 0.355004 8.21529e-18)
(9.07922 1.64051 1.14629e-17)
(10.3685 0.781594 -1.41617e-17)
(9.15458 0.940325 7.72425e-17)
(2.40962 -0.0634635 2.04272e-16)
(0.107602 4.5404 4.53051e-17)
(8.96307 1.3947 -1.40045e-16)
(3.12478 0.211085 0)
(3.94445 0.189785 5.23862e-17)
(0.0371408 0.370285 0)
(-0.090078 0.382711 -1.28414e-16)
(9.94462 0.040642 6.23e-18)
(10.9209 0.0568814 0)
(9.42036 0.104212 5.68963e-18)
(6.59607 0.548391 -1.74931e-16)
(2.51206 -0.0953162 -3.4171e-16)
(6.92426 0.843525 1.2836e-16)
(4.61155 4.62915 0)
(3.18513 5.56728 1.79588e-18)
(9.54602 0.00933805 1.07993e-16)
(0.441104 2.55746 -1.76358e-16)
(1.2766 0.151319 -6.33745e-18)
(2.28288 6.57411 -3.836e-17)
(5.36702 0.174084 7.24174e-19)
(3.56465 0.20808 8.52601e-19)
(0.05653 -1.42848 -1.53748e-19)
(0.744964 6.71652 0)
(0.14094 0.253183 1.85001e-16)
(-0.113102 -1.23693 1.56597e-16)
(0.324006 -0.198673 -1.87336e-16)
(4.87792 0.113721 0)
(0.227591 0.0673043 9.60265e-17)
(1.02787 1.94738 3.23847e-17)
(0.00680222 -0.806053 -1.64558e-16)
(1.60103 -0.617506 -1.77837e-17)
(1.71261 0.657857 -1.10222e-16)
(-0.554868 0.307819 6.39533e-17)
(4.28057 0.162572 -5.40084e-17)
(0.187033 4.35931 0)
(-0.89181 -0.192872 1.70016e-16)
(3.58681 2.54501 -4.8221e-16)
(0.00995278 0.374657 -1.03796e-16)
(0.199953 -0.95685 -1.43301e-16)
(-1.11073 0.670094 -1.23477e-19)
(5.82525 0.456044 -1.20043e-18)
(0.0288104 0.380773 2.06648e-16)
(9.55933 0.874967 0)
(1.32992 0.0445586 0)
(3.2541 1.58061 -1.02591e-16)
(9.99395 -0.0104598 2.96683e-18)
(9.85421 0.219327 0)
(0.213355 0.0855427 -9.63521e-17)
(-0.499277 -1.39719 0)
(0.117325 5.01132 -1.15142e-16)
(9.83045 0.123997 2.65345e-17)
(-0.156508 -0.768088 2.28551e-16)
(0.303383 0.392868 0)
(8.72913 1.23649 2.96085e-17)
(-0.380468 -1.35128 -1.10147e-16)
(0.0210376 -0.056858 9.4379e-17)
(1.27148 0.313601 -2.01124e-16)
(1.69743 7.95107 1.05815e-16)
(0.617842 0.67959 -3.79045e-17)
(0.162843 3.35489 4.19162e-16)
(-0.194245 0.927694 0)
(9.67609 0.149166 -8.88648e-17)
(9.7998 0.0856276 -2.87755e-18)
(0.141231 5.13528 -7.75013e-17)
(0.179587 -0.159134 1.02753e-16)
(2.44772 -1.74203 -1.29604e-16)
(6.12178 0.0498559 3.46854e-17)
(5.62617 0.220167 -4.80064e-17)
(4.58463 -0.295763 -2.17369e-16)
(5.22278 0.171608 0)
(5.59075 0.0565488 -1.59649e-16)
(7.22887 -0.0454119 0)
(6.09319 -0.078709 3.97013e-17)
(4.58815 0.134696 6.18561e-18)
(0.561495 -0.416847 -8.76551e-16)
(1.51266 0.116693 -3.57671e-16)
(11.1016 0.440721 5.46885e-17)
(1.79991 1.34699 -2.67567e-17)
(0.264905 0.526764 2.46922e-17)
(-0.991498 -0.8979 6.07886e-16)
(0.261961 -0.174925 3.14103e-20)
(-0.493915 -0.385313 0)
(-0.173493 0.277321 -2.24187e-16)
(0.797647 -0.523352 -3.9501e-17)
(0.157031 -0.0378297 0)
(-2.05708 0.363643 2.75566e-16)
(9.10206 0.560779 3.1536e-16)
(-0.0292674 -1.06533 -2.37571e-16)
(8.31703 -0.0133541 4.34676e-17)
(-0.858205 -0.572722 -6.81131e-17)
(-0.129907 -1.07112 -1.31288e-16)
(9.63658 0.765508 0)
(8.60937 0.931183 -4.27189e-17)
(10.356 0.4859 0)
(5.91054 0.116944 0)
(0.860148 3.75754 9.95762e-19)
(8.64087 1.11585 9.85139e-20)
(0.14034 -1.02 4.17179e-17)
(0.388406 -0.101373 -4.61184e-16)
(1.00487 0.149638 3.44693e-16)
(9.68592 0.0293644 1.14346e-17)
(0.355609 -0.493479 1.45297e-16)
(0.380844 -0.283573 2.92291e-16)
(-0.251371 -0.0970651 1.74955e-16)
(-1.06783 0.0720619 -3.35884e-16)
(3.24251 4.86459 3.78556e-17)
(0.537404 0.28897 2.54555e-16)
(1.05345 2.69863 -5.04682e-17)
(-0.0486431 5.44861 0)
(9.88034 0.209014 0)
(9.49373 0.0159072 6.22997e-17)
(9.76176 0.0619176 -9.10663e-17)
(0.198107 0.356747 -2.53303e-16)
(1.15133 -1.34995 -3.5277e-17)
(-0.500839 0.204987 3.79779e-17)
(0.95977 -0.260325 0)
(-0.195878 0.773424 0)
(9.91333 0.27304 6.778e-17)
(8.34198 1.81859 0)
(0.217804 -0.144707 -9.12312e-17)
(-1.64834 -0.203949 -2.56261e-16)
(8.57448 0.421992 1.69018e-17)
(1.83549 7.43973 0)
(-0.322548 0.50834 3.22014e-16)
(0.538633 -0.271424 0)
(-0.425048 0.502099 1.95895e-16)
(8.45079 2.29736 -1.06085e-16)
(-1.11243 1.06074 0)
(0.521847 0.652172 -1.25586e-16)
(-0.155151 -1.07525 -8.00458e-17)
(9.76391 0.059628 -8.17904e-17)
(0.1707 0.154037 2.04138e-16)
(-0.795606 0.697357 0)
(-0.745202 0.991877 8.02612e-17)
(-0.73608 0.300351 -8.58205e-17)
(10.5248 0.104082 0)
(-0.138019 0.543407 0)
(0.402909 0.0482921 2.64761e-16)
(-0.436521 0.759302 -1.34979e-16)
(0.260342 0.884532 0)
(6.79522 0.0737336 1.9399e-16)
(9.31355 0.127954 0)
(-1.1127 6.59434 -1.32587e-17)
(1.27038 0.670523 -1.43172e-16)
(9.70963 0.123538 6.69156e-17)
(0.00214908 0.45238 -2.30349e-16)
(3.96318 1.58368 -3.14693e-16)
(-0.216853 0.46987 -1.28326e-16)
(0.450685 -0.825545 0)
(-0.107579 -1.36997 -2.42175e-16)
(1.16457 0.668251 3.12524e-17)
(0.166018 -0.954877 0)
(0.264599 -0.889334 -2.02728e-17)
(-0.579582 -0.844793 2.01435e-16)
(-0.463701 -1.00632 7.43665e-17)
(1.28591 0.0724885 0)
(1.60555 -0.00140344 7.96287e-19)
(11.1802 0.194745 -5.11863e-17)
(-0.0326335 0.445581 4.43854e-17)
(-0.35897 0.712532 5.80843e-16)
(-0.888775 -0.0786068 1.02435e-16)
(-0.226354 0.701979 3.85094e-16)
(9.77089 0.0874258 6.36812e-17)
(-0.349202 4.99346 0)
(1.45844 -0.360868 2.22278e-18)
(-0.669519 -0.820242 -2.10678e-16)
(0.298892 -0.1828 -3.5306e-16)
(-0.166034 -0.521596 -1.11808e-16)
(9.46929 0.0316859 9.98824e-20)
(0.265795 2.17459 0)
(0.468843 1.02775 5.55447e-18)
(-0.112923 -1.36344 -1.01119e-16)
(9.95372 0.251398 3.01068e-17)
(0.135229 0.251561 2.7551e-16)
(9.7595 0.0379227 6.86083e-21)
(9.7762 0.145651 0)
(7.81288 0.144837 5.17228e-17)
(-0.233229 1.24513 0)
(5.80975 -0.0437846 -2.12588e-16)
(-0.195987 2.45539 -1.88932e-16)
(1.71676 0.0738525 0)
(0.0706405 0.865199 -9.0112e-17)
(8.45047 1.45473 -2.0964e-17)
(0.188646 1.30875 1.10661e-16)
(0.220741 0.449303 -1.06034e-17)
(-0.117221 0.00418056 0)
(-0.0463789 0.0650744 1.15803e-17)
(0.417388 1.20533 2.09167e-17)
(-0.0914061 0.0427111 4.8229e-17)
(-0.0598966 0.119517 -9.97673e-17)
(-0.0108373 -0.405065 2.32992e-16)
(-0.0395268 0.0239073 0)
(-1.89921 -0.0841522 2.96584e-16)
(9.73365 0.0701882 1.171e-17)
(-0.0314518 0.194623 -1.02632e-20)
(-0.165092 0.64365 0)
(0.0378698 -0.0491414 8.53e-17)
(0.24002 -2.6256 1.51617e-18)
(-0.113829 1.15641 -2.20034e-16)
(0.855484 0.156985 -4.78197e-18)
(-0.0184225 0.265543 -2.37208e-16)
(-0.417981 1.12793 -9.61349e-17)
(0.0171677 0.948261 -1.28402e-16)
(-0.11902 3.64362 5.2744e-17)
(-0.0540889 -0.608701 3.54076e-16)
(1.65867 4.89725 0)
(0.511337 -0.921173 -1.7869e-16)
(-0.00655542 0.230842 -1.43069e-17)
(0.0274622 0.818381 4.07486e-17)
(-0.120626 -0.633428 -1.19053e-16)
(-0.523716 1.11478 -4.15736e-17)
(0.279385 4.75707 1.30307e-16)
(-0.162692 1.10686 8.31853e-17)
(-1.00107 -0.488307 1.31369e-16)
(0.881475 -0.108082 2.3823e-18)
(0.823978 -0.17109 -2.64446e-17)
(-0.0107721 0.251568 2.19057e-16)
(-0.00341933 0.243667 -2.76068e-17)
(-1.7842 0.724058 -6.73584e-17)
(0.00631719 1.1166 0)
(0.0690359 -0.239681 4.49321e-17)
(-0.260807 0.344963 2.00417e-16)
(-0.721434 -0.845191 1.10711e-16)
(0.876736 0.0227717 5.12269e-19)
(4.56272 0.354096 -3.01804e-16)
(-0.0127758 3.58423 1.83364e-17)
(-0.793597 -0.705958 2.76189e-16)
(9.75847 0.0466706 -7.81355e-17)
(-0.00349927 0.239896 -5.53548e-17)
(-0.00154576 0.243381 1.06864e-16)
(-1.53201 0.250273 2.41789e-17)
(0.553738 -0.38212 -1.58177e-16)
(10.8211 0.3381 -7.91861e-20)
(-0.0899517 -0.910032 1.40977e-16)
(-0.459391 6.28157 -1.27623e-16)
(0.102662 4.44023 2.48736e-16)
(-1.45575 2.4625 2.589e-17)
(0.0544676 0.216822 -1.38291e-16)
(2.70278 5.10073 1.51341e-16)
(-0.0601123 0.445897 0)
(-1.42003 2.02082 0)
(0.0218929 1.09878 2.47451e-16)
(9.65626 0.0504888 3.48152e-17)
(-0.194587 -1.10766 2.79512e-16)
(0.521364 -0.253228 -1.95771e-16)
(10.4048 0.20878 1.47942e-17)
(0.0464222 -0.52307 1.81871e-16)
(-0.033562 1.64313 -3.82307e-17)
(5.92369 0.101813 0)
(-1.75252 -1.30102 0)
(-0.0188155 1.21588 3.35717e-17)
(0.140372 4.08052 1.59489e-16)
(-0.374421 3.45024 1.60495e-16)
(10.8578 0.0874294 4.70448e-17)
(-0.877058 1.0643 5.63515e-17)
(1.2975 1.23134 2.02897e-17)
(9.74376 0.572205 2.64675e-16)
(2.84843 -0.0310099 3.93968e-16)
(0.41894 2.19935 -4.01947e-16)
(9.97509 0.135655 -8.70137e-17)
(-0.0775813 0.38116 -4.03835e-16)
(-0.0504341 0.445449 1.449e-16)
(-0.515804 0.251409 0)
(9.77091 0.0434148 6.20274e-17)
(10.3248 0.67546 -3.44887e-18)
(1.29307 0.0207815 0)
(-0.711462 6.687 -3.07846e-18)
(2.00586 3.9768 2.42819e-18)
(0.0413437 4.28689 -3.11818e-17)
(1.31542 0.255122 7.28497e-17)
(-0.305088 2.05733 1.7459e-17)
(0.450852 -0.289875 3.95195e-16)
(0.873826 1.56062 1.96281e-16)
(-0.688791 -0.0508717 1.07559e-16)
(-1.38036 0.139417 2.83678e-16)
(9.70164 0.400267 -1.95259e-18)
(-0.373016 -0.594749 0)
(1.12404 0.354938 -4.52684e-17)
(-0.309338 -0.659032 2.47973e-17)
(0.342237 2.88859 0)
(4.67597 0.0560579 0)
(-0.158482 0.428797 -1.61519e-16)
(-0.525162 0.216807 -3.02708e-16)
(0.294079 -0.499591 -1.52873e-16)
(3.45159 1.26106 0)
(-0.496975 -1.27231 0)
(-0.0421554 3.79406 7.62492e-18)
(2.6394 1.54997 6.99764e-17)
(9.82291 0.247138 8.36451e-17)
(-0.163242 -1.54077 -3.74235e-17)
(-1.10048 -0.0485987 -1.30918e-16)
(-2.29893 2.46036 0)
(0.046274 1.17589 -3.27494e-16)
(0.261993 -0.0955637 8.17969e-17)
(-1.14985 -0.747842 -1.35339e-16)
(-0.168598 -1.36877 3.474e-17)
(-0.70016 -0.549852 1.51186e-16)
(5.0199 0.229955 -1.47227e-16)
(-0.257338 2.09801 3.10999e-16)
(8.72604 1.45706 1.54255e-17)
(0.153817 0.644724 6.14503e-16)
(-0.723682 -0.633679 -1.25548e-18)
(6.98567 0.249583 0)
(-0.105913 3.20901 -9.08352e-17)
(0.335724 0.213317 4.22586e-16)
(-2.06292 0.556805 1.36379e-17)
(-0.873706 -0.0653111 0)
(-0.070203 0.737356 -7.8831e-16)
(10.8024 0.398482 1.56231e-17)
(-0.144317 -0.557721 9.80238e-18)
(7.75062 0.933094 -1.96813e-16)
(-0.201614 -1.36765 -4.85177e-16)
(-0.425939 4.29752 1.46382e-16)
(9.96886 0.243834 -7.6455e-17)
(2.86424 -0.267421 -1.0087e-16)
(7.44938 0.280063 -1.05371e-16)
(-0.305141 0.383945 0)
(1.04747 2.97645 -7.8446e-18)
(10.8144 0.124664 -1.74524e-16)
(9.86369 0.230933 -7.04631e-17)
(-0.184859 3.05012 -1.53482e-17)
(-0.181755 0.696492 -1.93068e-16)
(9.8192 0.257666 6.40062e-17)
(-0.433978 3.60265 -4.98511e-17)
(2.07313 6.00161 -1.93667e-18)
(9.67579 0.0372744 8.96438e-18)
(-0.0725949 -1.40028 1.53746e-16)
(0.0339137 0.148857 6.18322e-16)
(0.570594 4.66932 0)
(10.9439 0.381888 3.20603e-17)
(10.8274 0.378055 -3.40523e-18)
(0.0294836 0.994449 1.4359e-16)
(-0.217387 -1.51017 0)
(-0.0694178 -1.11478 0)
(-1.00095 0.1123 3.26463e-16)
(7.97506 0.321709 -8.70936e-17)
(0.0300489 1.08727 1.17848e-16)
(-0.875201 3.1549 -8.52708e-17)
(1.43479 0.0159448 2.66377e-16)
(10.9097 0.202799 -4.86732e-17)
(0.0273829 1.24046 4.37008e-17)
(-0.61492 -0.4406 -1.55571e-16)
(9.86726 0.130993 -2.64719e-17)
(0.0536091 -1.03652 1.4047e-16)
(7.46109 0.624128 1.81331e-16)
(5.58295 0.198562 0)
(-0.021458 0.295472 -3.11835e-16)
(1.70069 0.0246783 3.85474e-17)
(10.2614 0.153906 1.44876e-17)
(-0.246747 0.605157 -3.18158e-16)
(3.86597 2.97182 0)
(5.72869 1.09455 5.88206e-17)
(-0.0991569 0.808856 0)
(0.772246 3.2197 1.54911e-18)
(0.224483 -3.96564 4.66488e-17)
(0.0169153 0.168608 -2.25448e-17)
(9.44761 0.0550402 -6.37549e-17)
(0.432406 -0.150933 2.07843e-16)
(0.252351 -0.0762951 -9.55053e-17)
(-0.916168 -0.961311 -1.83211e-16)
(5.41605 0.226198 0)
(-1.22005 0.12234 -3.74263e-16)
(-0.0357165 2.14663 5.83577e-17)
(-0.17468 -1.51951 -3.66086e-16)
(1.0821 -0.0115896 -2.95279e-16)
(-1.45419 0.0405291 -4.72052e-19)
(1.56063 0.0247588 0)
(0.494617 -0.299966 0)
(-1.26306 0.26869 4.62305e-17)
(7.27889 3.24911 5.02282e-17)
(7.82806 2.33195 1.761e-18)
(-1.19982 0.294654 -8.88778e-17)
(0.263591 -0.686337 1.48262e-17)
(10.9735 0.399042 -1.48703e-17)
(-0.0557425 1.04814 0)
(-0.959192 -3.97144 0)
(-0.0415265 0.357397 -1.01022e-16)
(-0.360095 -0.872304 8.06756e-17)
(-0.591696 -0.383283 0)
(-0.627439 0.977518 0)
(1.89322 0.508647 2.57317e-16)
(11 0.379585 -2.55866e-17)
(-1.08608 -0.0341285 -3.6258e-16)
(-0.0670797 0.38952 2.15311e-17)
(-0.0881914 1.73512 0)
(1.34246 0.0605539 5.12172e-16)
(0.102238 1.03092 0)
(1.36888 0.224143 1.76609e-16)
(8.72118 0.792512 -1.26116e-16)
(-1.07897 0.0445135 2.19053e-16)
(0.0564308 0.218061 0)
(0.460981 -0.623429 0)
(-0.417501 0.86727 -3.62216e-16)
(-0.281405 3.00363 1.15445e-16)
(-0.159121 2.06174 2.55636e-16)
(-0.142998 0.407405 -6.63149e-17)
(9.80723 0.187155 -2.61329e-17)
(-0.697635 4.89067 -9.04931e-17)
(0.0187381 0.182383 5.47863e-16)
(1.72799 -0.219644 4.18376e-16)
(9.72432 0.0949558 2.20733e-17)
(0.728088 1.32815 1.45395e-17)
(0.263068 0.0247015 1.49514e-18)
(-0.587045 -0.962362 1.47191e-16)
(0.114013 0.963313 -2.57603e-17)
(1.03157 -0.418583 2.19502e-16)
(1.4823 -0.161132 2.25248e-18)
(-0.448734 5.32743 -4.16206e-17)
(9.50383 0.420114 -8.00225e-18)
(0.820267 0.0354491 2.32931e-16)
(9.57896 0.104943 -4.53596e-17)
(3.47957 0.571265 -4.9208e-17)
(-0.0148828 1.11944 1.16667e-17)
(-0.657943 0.434714 1.31861e-16)
(1.09914 -0.353597 -1.64352e-16)
(-0.343552 1.85583 1.76591e-17)
(7.46232 0.316589 0)
(1.35899 0.0190228 3.17474e-16)
(0.209835 0.150379 2.42224e-17)
(0.00253003 -0.819061 -2.5362e-18)
(-0.0751198 0.548517 0)
(9.91562 0.103112 2.06191e-17)
(0.705525 0.683747 3.84546e-16)
(-0.241787 2.82497 3.36035e-17)
(-1.60148 -1.66326 6.77679e-17)
(10.6412 -0.0197779 -1.23396e-16)
(10.2405 0.127001 2.47077e-17)
(7.47141 1.5362 0)
(-1.14546 0.00614669 5.19324e-16)
(1.64912 0.110353 -7.58527e-17)
(-0.503023 -0.915151 -9.20433e-17)
(0.988475 0.105098 2.59261e-16)
(2.51357 1.18029 -2.81143e-16)
(8.17256 1.38157 7.22797e-18)
(-0.347645 0.835385 -1.40577e-16)
(-0.658721 -0.931971 3.79056e-16)
(10.0187 0.160778 4.3082e-19)
(4.09001 2.27778 -1.05808e-16)
(0.13885 0.795082 2.20417e-16)
(7.30694 0.31522 2.12117e-17)
(-0.207996 0.674038 -3.07686e-16)
(0.260157 -0.82113 4.22882e-16)
(5.78696 3.25641 1.16897e-16)
(6.72636 -0.0781789 1.34558e-16)
(-0.0877153 0.944394 0)
(-0.36428 4.53453 -7.73432e-18)
(-0.241752 2.28512 0)
(0.302806 -3.06218 6.5096e-17)
(-0.688433 -0.675725 0)
(1.71734 1.51212 0)
(10.5883 0.207343 0)
(0.251403 0.443102 -4.50171e-16)
(0.410357 4.29203 -1.12346e-16)
(-0.266478 5.2213 4.35764e-16)
(-0.124803 -0.988391 0)
(-0.197649 2.51866 0)
(7.51834 -0.198877 1.27382e-16)
(9.94669 0.370621 2.3876e-16)
(-0.030265 0.631858 -4.96199e-17)
(-0.288746 1.25798 -9.0551e-17)
(10.0183 0.0275075 -6.46631e-18)
(10.6128 0.307838 0)
(7.37282 2.9898 6.36746e-17)
(-0.228651 2.89912 -7.94148e-18)
(-0.0295544 0.808303 7.06399e-17)
(-0.198434 -0.872344 0)
(-0.778995 0.0303741 0)
(0.0910738 1.12223 4.90026e-16)
(1.49784 0.214524 1.45829e-16)
(1.11032 -0.0530446 4.32042e-17)
(3.85817 0.0242669 -3.72978e-16)
(-0.923948 -0.319687 -3.7891e-17)
(-0.337011 1.97872 0)
(5.77277 0.127168 5.37921e-17)
(-0.492149 0.728698 5.65731e-17)
(-0.0111573 3.6414 0)
(7.90056 1.21558 0)
(1.00602 1.52095 2.83857e-17)
(8.22619 0.601708 -2.16332e-16)
(11.1948 -0.0139928 2.35371e-16)
(9.94158 0.129208 1.16832e-16)
(10.6628 -0.0217451 1.06407e-16)
(-1.91661 -0.889215 -1.30182e-16)
(0.0114425 1.20398 -5.27762e-17)
(-0.486416 -4.54437 -4.75998e-17)
(-0.0314867 1.09892 0)
(-0.21992 0.668795 1.97386e-16)
(-1.95404 6.08903 8.5815e-17)
(0.00339682 0.749893 -2.52885e-16)
(-1.07936 -0.0808632 -1.57651e-16)
(-0.544387 0.418007 0)
(0.775643 0.41728 2.03332e-17)
(1.47779 0.321897 0)
(1.50176 9.56874 -8.78598e-17)
(-1.03838 0.546498 -1.18418e-16)
(-0.200647 0.545772 3.53954e-17)
(-0.703575 -0.426924 -5.05489e-16)
(0.166699 0.363665 0)
(-1.53536 1.22096 -6.52672e-17)
(0.248377 -0.3073 1.08948e-16)
(8.16226 -0.144543 0)
(0.0903501 0.86244 -3.97429e-16)
(-0.773786 1.93243 0)
(9.78149 0.259227 2.23238e-17)
(1.08666 0.435141 -4.65034e-17)
(2.46861 0.537866 0)
(-0.317199 0.630612 0)
(1.38154 0.00465645 -3.043e-17)
(6.19722 0.248406 0)
(-0.261765 1.70221 -1.57358e-16)
(-0.10325 1.09541 -9.03986e-19)
(0.0672417 -0.0266177 2.62832e-16)
(-0.697593 -0.0656209 2.91563e-19)
(-0.0252341 6.01482 1.04233e-16)
(0.463039 3.90599 -3.0209e-16)
(11.0733 -0.0170891 -3.02365e-17)
(9.90575 0.253275 1.58359e-16)
(0.262224 -0.426213 -3.47099e-16)
(-1.49469 -1.2718 -1.14556e-16)
(1.44266 -0.192715 -3.3219e-17)
(-0.291333 4.8143 3.59555e-18)
(0.521634 -0.34611 2.10367e-16)
(-0.509409 -0.669044 -7.67832e-17)
(-0.934246 0.307013 1.52885e-16)
(9.62712 0.0650484 -6.34747e-17)
(0.526875 1.01977 -1.82236e-17)
(9.7512 0.0455776 -1.75332e-16)
(9.90403 0.668385 1.22738e-16)
(-0.0087858 0.462731 3.83084e-16)
(10.8398 -0.105658 -2.60348e-17)
(9.8273 0.428217 7.47858e-18)
(0.451435 2.09236 -2.43318e-17)
(1.2121 0.129075 2.84446e-17)
(6.90949 0.614514 1.18185e-16)
(6.30737 0.434295 1.39058e-16)
(0.0300878 -0.466216 1.75016e-16)
(1.88726 0.21334 0)
(-0.194547 0.879562 2.76413e-16)
(-0.226898 2.35741 1.27493e-16)
(-0.262688 1.03775 4.19676e-16)
(-0.505065 0.544711 -3.80469e-17)
(-1.45525 5.81548 -2.8515e-16)
(1.05594 9.70999 5.61986e-17)
(0.179993 3.57593 -8.18531e-17)
(1.86007 -0.958608 1.38929e-16)
(-0.0360513 0.35068 -1.86902e-20)
(9.98402 0.0850659 4.54468e-17)
(0.780701 0.560152 4.31876e-17)
(0.123182 2.11647 -6.9935e-17)
(-0.677093 0.0562433 0)
(0.20068 -0.163669 -1.40683e-16)
(-0.217046 1.71924 4.93495e-20)
(10.0051 0.147907 0)
(0.387527 1.00831 4.99222e-16)
(-0.00283593 0.678663 1.1782e-20)
(-0.464178 0.56129 9.35245e-17)
(-0.0691363 0.0724607 1.54708e-16)
(-0.604734 -0.0816391 1.71965e-16)
(11.0395 0.0881386 0)
(0.115795 -0.0182674 -4.62278e-16)
(-0.423479 1.021 6.15299e-17)
(9.80098 0.417143 -2.15247e-16)
(10.8633 0.270763 6.75359e-17)
(-0.864083 0.721211 0)
(-0.597588 -0.812242 -1.39045e-16)
(0.732955 -0.0287459 2.0531e-16)
(-0.508639 1.04562 -8.99771e-17)
(0.412791 -0.384357 -1.87167e-16)
(0.0207285 0.83935 9.07465e-17)
(0.196506 0.34148 -8.04366e-16)
(-0.578762 -0.731043 0)
(-0.595838 0.865191 1.50163e-16)
(-0.0924389 0.674016 0)
(-1.11005 0.296829 1.73142e-16)
(-0.430898 0.897123 1.01668e-16)
(-0.980993 0.194636 -1.8543e-16)
(4.92986 2.21344 2.90287e-17)
(8.34456 1.13983 0)
(9.9754 0.269546 -6.48439e-17)
(-0.709014 -0.584959 2.02551e-16)
(-0.136084 0.377597 0)
(-0.450107 -0.939327 1.94912e-16)
(0.20094 -0.234378 -9.66847e-20)
(-0.394283 0.704598 5.00187e-16)
(-1.32018 -0.0792144 1.22637e-16)
(9.9059 0.490599 -1.73077e-16)
(0.296027 -0.345434 -1.04228e-17)
(1.68761 -1.02867 1.44383e-16)
(9.70563 0.0313218 -1.32659e-16)
(-1.77254 2.32311 -2.90537e-16)
(0.0716265 1.07083 1.43947e-16)
(7.5322 0.0278621 2.59344e-16)
(0.890642 -0.138445 4.81003e-16)
(-0.06456 -1.32785 0)
(-1.2549 -2.76757 0)
(-0.00318577 1.12878 0)
(-0.484911 -0.42736 3.14073e-19)
(-0.181096 -1.4262 -2.16218e-19)
(9.79046 0.14063 -1.26738e-17)
(-1.58958 0.0421667 3.52228e-16)
(0.939599 -0.826497 0)
(0.00953549 -0.139307 -2.44397e-16)
(5.74629 0.17479 -1.13956e-17)
(-0.206052 -1.49322 0)
(0.56234 -0.345399 2.2093e-17)
(-0.403568 -0.385734 3.75967e-17)
(-1.25796 -0.271573 1.63452e-16)
(0.483901 0.60631 0)
(10.4387 0.114896 5.31865e-17)
(0.00228255 0.354783 -6.48511e-16)
(0.461235 -0.444235 -9.3533e-17)
(-1.0429 0.573212 3.72332e-17)
(-1.16035 0.197345 0)
(8.68254 0.0410005 -6.894e-17)
(-0.545347 -0.371224 1.31557e-16)
(2.70827 3.9534 -2.36518e-16)
(-0.446395 -0.594504 0)
(-0.0280476 0.325424 -1.59821e-16)
(9.80932 0.680298 0)
(2.4459 -0.604106 -2.77218e-16)
(9.38718 0.305589 -7.41677e-18)
(10.2143 0.174411 -1.71899e-17)
(0.00349983 0.327164 6.24645e-17)
(1.52676 2.30317 -1.35103e-17)
(-0.0298189 -0.532565 -1.00639e-17)
(0.693409 -0.222114 -3.1374e-16)
(-0.143833 0.444908 -1.20268e-19)
(0.372152 0.128885 0)
(1.37452 0.0404538 -3.95037e-17)
(7.13892 0.208762 0)
(-0.338295 1.66985 1.48773e-16)
(0.95019 1.65502 9.58768e-19)
(4.95536 3.99757 9.82352e-17)
(-1.00887 -0.309301 -2.18814e-16)
(4.53083 -0.0163697 -8.68811e-17)
(9.77487 0.0597951 1.24594e-16)
(10.2154 0.0571182 -2.52019e-18)
(4.60902 0.622082 1.52208e-16)
(9.88359 0.216366 -2.7351e-16)
(1.00707 -0.0751257 -4.83721e-19)
(0.0257291 1.12459 1.92939e-16)
(0.0425319 3.0634 -2.66099e-17)
(-0.0107659 0.38062 0)
(4.83504 1.3226 0)
(-0.750169 -0.274198 0)
(-0.233924 1.35037 -1.60231e-16)
(0.690956 0.395681 4.35415e-17)
(6.50139 1.79537 0)
(0.654468 -0.379402 -1.29318e-16)
(-0.0332021 0.32532 3.96043e-16)
(1.13752 2.41061 -1.73067e-18)
(-0.0155885 0.33797 3.49908e-16)
(10.1276 0.096341 -1.03413e-17)
(9.61487 0.0899104 3.31133e-17)
(2.53399 3.5019 0)
(-0.505848 -0.838932 1.84168e-17)
(1.83939 7.53415 0)
(10.3764 -0.0241342 1.98195e-16)
(10.5315 0.110294 0)
(10.5193 -0.128679 -2.41379e-16)
(9.77697 0.195816 -1.39723e-17)
(-0.722781 -0.532217 0)
(-0.763383 -0.78526 9.56149e-17)
(-0.107725 1.51909 -2.82633e-16)
(-0.355677 1.01562 -1.59574e-16)
(10.6374 0.209974 0)
(4.98593 -0.0970744 -4.35065e-16)
(-0.103865 1.69313 -1.45252e-16)
(-0.332038 1.39244 7.98322e-17)
(-0.243011 2.70364 -1.37587e-19)
(-0.185084 1.55106 -2.65345e-16)
(0.355535 0.185061 2.10421e-16)
(10.9649 0.0659606 3.65786e-17)
(9.86479 0.594791 0)
(0.756703 1.92192 0)
(5.79867 -0.0447152 1.16765e-16)
(-0.345564 -0.354958 -9.6198e-17)
(0.000905512 1.66428 -2.57259e-16)
(0.360259 1.79353 5.34307e-16)
(-0.816779 -0.487644 0)
(0.384036 2.69795 -2.47062e-16)
(0.950876 1.2445 -2.44903e-16)
)
;

boundaryField
{
    frontAndBack
    {
        type            empty;
    }
    wallOuter
    {
        type            noSlip;
    }
    inlet
    {
        type            fixedValue;
        value           uniform (10 0 0);
    }
    outlet
    {
        type            zeroGradient;
    }
    wallInner
    {
        type            noSlip;
    }
    procBoundary0to1
    {
        type            processor;
        value           nonuniform List<vector> 
29
(
(-0.145249 -0.526794 -6.91574e-16)
(1.1355 -0.638543 3.75146e-16)
(-1.57374 0.469291 1.97082e-16)
(-1.57374 0.469291 1.97082e-16)
(-1.42348 0.580869 -1.33894e-16)
(-1.42348 0.580869 -1.33894e-16)
(3.98652 -0.2161 1.00873e-16)
(3.00314 0.0590024 0)
(6.01561 0.0878318 7.52e-18)
(0.744849 0.271856 -1.13507e-16)
(2.25775 0.192227 -5.03257e-17)
(-2.43018 0.181577 0)
(-2.33748 0.0729412 0)
(-1.32044 -0.353148 0)
(6.3238 -0.0896712 6.53151e-17)
(8.39854 0.0719527 8.52531e-17)
(-0.309792 0.561043 4.86496e-16)
(1.95838 0.49547 -3.44639e-16)
(-0.160366 0.372309 3.24624e-16)
(1.81664 -0.487439 5.33292e-16)
(8.69029 0.123371 3.85805e-17)
(8.2833 0.0231968 -2.54133e-18)
(5.69123 -0.102408 9.23976e-18)
(7.86193 0.18848 -8.5988e-17)
(5.14597 0.0147302 9.96876e-17)
(1.95838 0.49547 -3.44639e-16)
(8.61148 0.140924 0)
(1.67957 -0.0190937 7.87862e-17)
(7.86193 0.18848 -8.5988e-17)
)
;
    }
    procBoundary0to2
    {
        type            processor;
        value           nonuniform List<vector> 
42
(
(-0.172184 0.954949 2.62593e-16)
(-0.535363 0.0828225 -2.64539e-16)
(0.0388947 0.900323 -4.65698e-17)
(1.64821e-05 1.10703 3.05247e-16)
(-0.226469 -0.489489 -1.09733e-16)
(-0.172184 0.954949 2.62593e-16)
(0.0388947 0.900323 -4.65698e-17)
(0.0791097 0.426131 0)
(-0.202789 -0.313753 1.90164e-19)
(-0.11856 0.226151 0)
(-0.303346 -0.505084 4.50936e-16)
(-0.397616 -0.510534 6.48913e-16)
(-0.303346 -0.505084 4.50936e-16)
(-0.561689 -0.645516 -1.22478e-16)
(-0.728158 -0.734982 -9.40852e-18)
(0.227272 1.44109 3.98766e-19)
(-0.728158 -0.734982 -9.40852e-18)
(-0.122246 0.545227 -5.54765e-17)
(-0.157383 -0.0656538 -2.38073e-17)
(2.54408 0.145804 -8.49823e-16)
(2.54408 0.145804 -8.49823e-16)
(-0.122246 0.545227 -5.54765e-17)
(-0.0440535 0.755842 1.37631e-16)
(2.48658 1.32565 -1.91923e-16)
(2.48658 1.32565 -1.91923e-16)
(-0.154581 0.758432 -9.57559e-17)
(2.30807 1.84096 -1.34485e-18)
(-0.107156 0.615337 2.95836e-18)
(1.34801 2.21283 -1.80024e-16)
(-0.659292 -0.204819 3.12113e-19)
(-0.659292 -0.204819 3.12113e-19)
(-0.105461 0.431615 0)
(-0.0989435 0.241773 -9.49296e-17)
(-0.0721201 0.0631467 1.01116e-16)
(-0.0179029 -0.0891588 -1.02924e-22)
(0.0388947 0.900323 -4.65698e-17)
(-0.794135 -0.584522 0)
(-0.00568056 1.03108 0)
(1.34801 2.21283 -1.80024e-16)
(0.0791097 0.426131 0)
(0.0823818 -0.0160554 -5.46161e-16)
(0.0616143 -0.148807 -2.37436e-17)
)
;
    }
}


// ************************************************************************* //
