/*--------------------------------*- C++ -*----------------------------------*\
| =========                 |                                                 |
| \\      /  F ield         | OpenFOAM: The Open Source CFD Toolbox           |
|  \\    /   O peration     | Version:  v1912                                 |
|   \\  /    A nd           | Website:  www.openfoam.com                      |
|    \\/     M anipulation  |                                                 |
\*---------------------------------------------------------------------------*/
FoamFile
{
    version     2.0;
    format      ascii;
    class       volVectorField;
    location    "0.66";
    object      U;
}
// * * * * * * * * * * * * * * * * * * * * * * * * * * * * * * * * * * * * * //

dimensions      [0 1 -1 0 0 0 0];


internalField   nonuniform List<vector> 
1431
(
(0.0549617 2.57106 1.19412e-16)
(1.57607 1.98664 2.79549e-17)
(-0.154052 -0.190157 0)
(1.16706 -0.131997 2.13129e-16)
(-2.69644 0.0411357 0)
(0.823942 6.37963 1.8794e-16)
(0.938937 0.153661 5.03654e-16)
(0.783084 0.0561116 4.72055e-17)
(0.335343 6.45035 1.33462e-16)
(0.817997 0.095762 4.8044e-16)
(2.77102 10.901 2.08981e-17)
(5.52868 -0.571587 0)
(-0.0385876 1.70768 -1.58567e-16)
(-1.90539 0.0614176 -5.23151e-16)
(3.23632 -0.33089 0)
(1.00721 0.135912 -4.46016e-16)
(4.39211 -0.147307 -2.39183e-16)
(-0.7629 -0.664663 0)
(4.67205 -0.335309 -1.89729e-16)
(-2.19641 -0.361978 1.54698e-16)
(4.21112 10.2549 -7.18634e-19)
(-0.965342 0.0399641 2.17045e-16)
(0.479914 4.86607 -1.53851e-16)
(11.5591 2.03448 -3.59429e-18)
(0.400941 5.97838 1.36782e-16)
(0.139114 0.717045 1.21607e-19)
(1.51486 10.7431 -2.15271e-17)
(2.75587 -1.41854 -3.35503e-16)
(-0.128937 4.63897 -4.68603e-17)
(0.220255 6.24053 3.17024e-17)
(0.126391 6.76494 -8.81532e-17)
(-0.00311981 5.79974 3.83479e-17)
(-0.0191396 6.79676 0)
(-1.0696 0.162946 -4.37668e-16)
(0.806854 5.25708 -2.60074e-16)
(1.24648 0.350957 0)
(-0.665999 5.91364 0)
(0.299628 -0.0480062 -1.77779e-19)
(0.575217 0.0397382 0)
(0.0908761 5.80121 0)
(-0.536384 7.96885 -7.96655e-20)
(-0.725776 7.85464 1.14544e-16)
(-0.00668469 1.12253 -2.10416e-16)
(0.896598 0.0531462 2.32165e-16)
(1.09121 6.00201 0)
(-1.36347 -1.01552 2.9661e-16)
(0.415112 1.35612 2.296e-17)
(1.07612 10.4196 -6.50022e-17)
(0.997502 0.197966 0)
(0.650456 -0.133718 0)
(0.904398 2.41043 0)
(0.891615 0.0887599 0)
(0.761807 2.82328 2.85627e-16)
(1.56441 -0.181073 1.55033e-17)
(0.960931 1.23371 -1.99063e-18)
(0.381886 0.677245 4.91311e-16)
(-0.997829 0.456217 2.04093e-16)
(3.52459 -0.735937 0)
(4.76949 0.141681 0)
(2.00435 -0.0234531 4.02981e-16)
(2.39373 -0.624921 -1.3031e-16)
(0.528125 -0.0109691 4.299e-16)
(-0.0714589 0.0068164 0)
(0.210923 -0.0631776 0)
(0.383975 0.0132561 1.04063e-18)
(0.436654 0.0437204 -2.61478e-16)
(2.16536 0.0696452 -2.36988e-16)
(0.702716 -0.0640263 -9.66631e-17)
(0.254989 -0.446714 -6.22389e-18)
(-1.41735 -0.317067 0)
(-0.837696 -0.759266 6.31855e-17)
(-1.29076 0.18302 -1.53992e-16)
(0.782899 -0.16899 1.38378e-16)
(-1.09907 0.0101411 3.55192e-16)
(-2.02725 -0.102535 3.86785e-16)
(-2.01515 -0.571236 -4.7884e-16)
(0.993534 -0.459043 -2.32061e-17)
(0.395385 -0.0285913 -2.01988e-16)
(0.791198 0.042408 -3.13846e-16)
(-0.223322 -0.472087 0)
(4.31867 0.0127534 -5.77814e-17)
(-0.246243 -0.16592 1.28339e-17)
(4.47302 1.16383 -6.29344e-18)
(1.44069 1.87964 9.37825e-17)
(11.6458 0.698889 2.12022e-18)
(1.05676 -0.0433116 -1.14356e-16)
(-0.804775 -0.0568637 0)
(2.31509 0.54707 1.62738e-16)
(10.2118 0.203802 5.50929e-18)
(7.72028 1.03999 1.9765e-18)
(-0.566115 0.67798 -2.7982e-16)
(-1.50865 1.19175 2.68585e-16)
(0.379328 -0.0003238 3.44558e-16)
(1.03636 0.125555 -1.53902e-16)
(0.641521 0.845854 9.28541e-18)
(-0.0429651 5.54018 0)
(2.11967 -0.64327 -7.33155e-17)
(4.2965 2.52654 -1.02067e-17)
(0.825898 0.0320863 0)
(-0.69631 0.1074 -6.90031e-19)
(0.356928 1.49181 1.67754e-16)
(0.661997 -0.00262744 -7.46927e-16)
(4.00881 -0.000166781 0)
(1.06345 -0.895196 -2.80222e-16)
(0.400333 -0.00977287 4.14178e-16)
(0.142048 5.74531 1.3403e-17)
(-0.00712171 5.42458 0)
(1.27664 7.65111 6.74683e-18)
(0.559625 3.37132 2.91986e-16)
(4.56446 0.0815519 0)
(1.54956 -0.329412 -6.07018e-16)
(-0.0650101 2.46293 -2.91912e-16)
(-0.452312 -0.446716 4.84684e-16)
(-0.434907 6.74876 -8.88592e-17)
(1.35714 1.51258 -8.8822e-19)
(-2.53728 -0.305335 6.42734e-17)
(-1.74387 0.189384 0)
(1.05215 -0.134637 -2.43672e-16)
(1.40542 -0.0663643 0)
(0.129878 -0.0138448 0)
(-0.509491 -0.433012 -2.43967e-17)
(3.31664 0.124769 6.85248e-17)
(-0.175243 0.120301 2.5289e-16)
(-1.98128 -0.190907 1.55909e-16)
(-1.69157 -0.572608 0)
(0.867412 0.0443387 1.87093e-16)
(0.181698 -0.321073 0)
(2.00787 -0.140747 4.43904e-16)
(0.457764 -0.825077 -3.00776e-16)
(-0.368657 0.188183 4.83925e-16)
(3.8845 -0.276054 3.29104e-16)
(-1.29562 -0.364514 -1.00954e-16)
(-0.0778663 0.258785 -1.1755e-16)
(3.6288 0.148831 8.49537e-17)
(-2.03553 0.384143 0)
(0.256718 -0.375921 -3.84843e-16)
(0.607798 0.0106468 1.79341e-16)
(0.909733 0.059191 0)
(9.42276 -0.326175 3.09282e-17)
(0.240968 0.0301822 2.25876e-16)
(0.376071 0.0301718 0)
(0.124889 6.8655 0)
(4.5796 -0.0385061 7.1427e-17)
(0.73275 -0.536475 0)
(0.559728 3.57805 1.86051e-16)
(-0.0560437 6.86979 -6.78103e-17)
(-0.495793 -0.212502 -2.18865e-16)
(0.501265 2.11064 -3.26715e-16)
(1.02822 0.111684 3.30284e-16)
(0.873629 -0.552653 1.70613e-16)
(-0.0874615 -0.234197 2.81169e-16)
(-0.906573 -0.391079 8.31149e-17)
(0.0678497 5.74839 -2.87889e-20)
(1.41567 -0.0490467 -2.14729e-16)
(-0.101708 5.87485 -3.69501e-17)
(0.616639 0.0541964 -4.31496e-16)
(10.5278 0.281896 -2.11836e-18)
(2.62866 3.52335 6.25052e-17)
(6.15517 1.20837 -5.0368e-18)
(-0.0664178 -0.00487592 2.90132e-17)
(8.66502 2.52721 -2.75513e-18)
(-0.158137 2.25115 1.70758e-16)
(-0.482708 -0.333127 -2.03066e-16)
(-0.443311 -0.066336 1.22351e-17)
(0.276882 -0.171246 -5.12838e-17)
(-0.19431 3.7229 -1.57965e-16)
(-0.373607 5.20487 4.85548e-16)
(1.03874 1.03938 8.39912e-18)
(0.506153 -0.0617929 2.67212e-16)
(2.97404 2.21787 2.28731e-17)
(8.85682 1.45662 -5.86915e-18)
(0.537535 2.78948 0)
(0.178474 6.10047 -3.37552e-17)
(9.42573 -0.0485182 3.46637e-18)
(2.02028 2.39863 -1.08908e-17)
(10.7779 0.112086 0)
(-0.243559 0.149661 0)
(0.931038 6.6446 -1.07055e-16)
(0.824536 2.82979 -2.80463e-16)
(0.913448 4.8714 -2.77314e-17)
(0.537876 0.0629244 -4.91965e-16)
(0.761567 0.100175 0)
(0.961432 2.07314 7.90501e-18)
(9.93022 2.79042 -2.51123e-18)
(1.10128 6.56809 7.59254e-17)
(0.00687801 3.95942 0)
(0.98647 3.62435 -1.02821e-17)
(2.61423 2.86419 -4.07904e-18)
(0.329833 6.22369 5.24208e-17)
(11.0285 -0.227787 2.0223e-17)
(-0.0527199 6.60471 -5.54749e-17)
(0.227027 5.98114 -3.34377e-17)
(0.124321 5.9762 -5.26962e-17)
(1.01401 6.71111 0)
(1.28847 -0.0940445 0)
(3.17169 4.33601 -5.88798e-17)
(4.41334 3.23368 0)
(1.11636 5.53177 -1.64082e-16)
(0.732809 -0.242699 4.10243e-16)
(1.70558 0.383279 0)
(1.22092 2.03525 -6.07501e-20)
(-0.524648 -0.300809 -1.10866e-16)
(1.4629 8.80056 -3.6411e-17)
(-0.722845 0.0126763 1.01216e-16)
(0.132121 2.26361 -5.24402e-17)
(0.0276629 6.55526 3.68715e-18)
(0.0965666 5.27092 9.76072e-17)
(0.919517 0.106721 3.08478e-16)
(8.97076 0.365958 -1.11443e-18)
(0.721885 1.43748 -1.76894e-16)
(-1.67962 0.226852 2.67825e-16)
(-0.366303 -0.287926 0)
(-0.00569167 5.47476 3.1066e-17)
(0.407437 5.7179 3.34071e-17)
(10.57 0.906258 0)
(-0.597478 0.297473 6.18448e-16)
(0.0764094 5.91876 1.60858e-16)
(1.20855 5.7775 -4.27024e-17)
(1.10574 2.35851 -5.86883e-17)
(1.21998 8.62934 2.43364e-16)
(-0.181275 6.30071 2.55062e-16)
(0.905628 1.70797 0)
(3.53009 0.979114 2.16746e-16)
(-0.473648 -0.168853 0)
(-0.201502 5.68631 -1.43883e-16)
(8.90667 1.06484 1.91017e-18)
(2.49615 7.18948 -2.96725e-17)
(3.59646 2.34119 2.23344e-17)
(-0.0573591 5.93632 1.81319e-16)
(0.822301 9.13563 4.14953e-17)
(1.58282 0.0953714 2.92026e-17)
(0.0887629 6.78567 1.07214e-20)
(-0.0237357 5.57951 -3.74749e-18)
(0.139156 6.04578 7.23019e-17)
(-0.0179068 5.85152 -3.6858e-17)
(7.37729 1.89155 6.67099e-18)
(0.0130941 5.55137 0)
(0.65395 5.48344 -4.10268e-17)
(0.0108392 6.76716 0)
(0.942356 1.30564 3.26078e-17)
(0.126188 0.229474 8.42283e-17)
(1.35448 3.58605 1.27077e-17)
(8.87198 0.668941 -7.4649e-19)
(0.407101 6.20538 0)
(0.371266 5.9731 2.5884e-17)
(-0.762333 -1.10094 5.98617e-16)
(0.48001 5.74197 2.62106e-16)
(1.21603 9.17793 0)
(-0.274788 6.13345 -3.16311e-16)
(0.591013 -0.00986183 2.0257e-16)
(1.14617 0.501163 0)
(10.3911 0.35567 -2.55085e-19)
(-0.0853777 -0.0543228 2.81563e-18)
(-0.15519 -0.493253 -2.02431e-17)
(0.00346695 6.54439 4.27839e-17)
(-0.571831 7.60402 -4.90976e-17)
(-0.103806 -0.106418 1.36736e-20)
(9.05744 1.56772 -4.54651e-18)
(5.96241 2.95475 2.72451e-17)
(0.139962 5.88497 -5.22583e-17)
(0.105806 2.47635 1.36269e-16)
(9.51514 -0.237094 -1.96336e-17)
(1.06784 2.31825 0)
(-0.330912 0.0724075 9.37178e-17)
(-0.232947 5.12214 3.09322e-17)
(1.51425 7.29272 -5.8481e-17)
(0.187937 5.39023 -1.36404e-16)
(0.972775 5.70561 0)
(0.957523 10.0385 6.08321e-17)
(-0.923846 0.319914 0)
(1.09971 2.56 -5.72517e-17)
(0.0329824 5.75298 6.49572e-17)
(1.20145 1.62734 -1.347e-17)
(0.83106 0.776351 6.82485e-17)
(9.40971 2.09282 0)
(0.149808 6.24828 -8.38004e-21)
(9.89416 1.49603 -5.29392e-17)
(1.19575 6.5476 2.42658e-17)
(0.0197549 3.35167 3.14885e-20)
(-0.00917059 4.2087 -7.9986e-17)
(0.543742 3.31525 0)
(-0.609208 5.27162 1.64179e-16)
(-0.0259705 6.81108 8.77346e-17)
(0.947553 1.53553 2.71551e-16)
(0.386545 0.688578 0)
(4.83164 1.91521 0)
(-0.587672 7.70384 1.22816e-16)
(5.07476 2.75588 -3.30981e-17)
(11.4089 0.447172 0)
(1.65638 2.37284 -2.87375e-17)
(0.55587 -0.0039784 -2.57163e-16)
(0.0957753 6.21506 1.37943e-16)
(3.83355 3.03201 -2.62482e-17)
(0.419873 2.67173 -6.20357e-17)
(0.762052 8.68859 -1.35996e-16)
(-0.0490471 5.96532 -4.26464e-17)
(2.33407 5.24974 0)
(0.0172136 3.92758 0)
(-0.1739 1.14179 2.20676e-16)
(0.0813827 3.40229 9.24495e-18)
(0.635337 2.71984 -1.93444e-16)
(0.468278 0.027804 -2.46621e-16)
(0.898078 1.2676 -3.97336e-18)
(0.358306 1.76342 7.92502e-17)
(0.222287 4.79796 -5.00368e-17)
(-0.127553 -0.170856 -6.64315e-17)
(2.03281 2.90924 1.90147e-17)
(0.156223 5.80534 -3.01805e-16)
(-0.715791 7.33532 -2.349e-16)
(2.3829 2.06601 -1.6965e-17)
(3.64726 5.35169 2.0064e-16)
(1.068 0.147346 0)
(0.617533 0.0643017 -1.03069e-16)
(0.135903 0.794287 0)
(0.296462 6.34952 -2.46746e-16)
(4.18852 3.71503 0)
(1.1087 5.22786 -1.03697e-18)
(0.641669 0.954473 1.75301e-17)
(0.68668 -0.594146 -2.40064e-17)
(6.34513 6.04649 1.13994e-18)
(1.95403 3.34162 1.83849e-17)
(3.65064 3.9842 0)
(-0.329632 -0.143464 0)
(0.406033 2.22116 0)
(1.11227 5.62861 3.05673e-16)
(-0.268076 -0.0968679 -2.75322e-16)
(-0.547967 -0.0216031 0)
(0.0175738 6.84407 2.75118e-16)
(2.17105 0.241432 2.78748e-17)
(-0.288404 -0.500418 9.26382e-17)
(0.57981 3.90363 2.09942e-16)
(0.396051 -0.987758 1.77775e-16)
(0.13464 6.68348 -2.75573e-16)
(-0.549526 -0.122832 -3.50825e-16)
(0.0208577 0.12696 -2.0425e-17)
(0.248657 1.63725 -3.55071e-17)
(-0.200284 7.10602 0)
(6.54403 2.00008 4.87108e-18)
(1.14622 5.89297 -1.46292e-16)
(0.438159 1.5228 0)
(0.360045 -0.0366963 0)
(0.163621 1.53574 2.80545e-17)
(3.18306 6.69474 7.47358e-17)
(-0.518141 7.13522 0)
(0.353238 6.35996 1.37873e-16)
(-0.104252 6.03271 0)
(1.3517 1.97445 1.88673e-17)
(10.1821 0.958182 4.9973e-17)
(3.07034 5.69871 -1.39193e-16)
(0.405127 2.51919 0)
(0.686586 6.52266 1.58102e-16)
(0.872521 -1.44526 -3.40953e-16)
(0.39097 2.14358 2.01602e-16)
(2.08482 4.34812 -6.25574e-19)
(1.56021 -1.95796 2.48894e-16)
(1.2564 1.96089 -1.82706e-16)
(7.53776 2.63458 1.62959e-18)
(-1.24302 0.699629 -6.50009e-17)
(10.4254 -0.0357748 -3.10735e-20)
(-0.588049 7.94904 -2.46923e-19)
(-0.341861 0.089206 -4.3547e-16)
(-0.0217066 4.04357 -3.34616e-17)
(0.240373 3.72184 -6.98949e-17)
(0.67125 0.91767 4.17106e-18)
(0.652326 -0.478601 -4.25927e-17)
(6.81319 6.90903 1.4283e-17)
(0.280807 6.59654 1.34415e-16)
(11.2258 4.10346 -4.95484e-19)
(-0.264417 6.43217 3.43796e-17)
(0.472934 7.04849 1.13581e-17)
(1.14822 9.2507 -8.12983e-17)
(-1.24089 -0.148696 -1.86e-16)
(9.68922 0.463196 8.01488e-17)
(1.24522 3.1019 0)
(-0.481614 7.26956 7.22205e-17)
(6.67895 1.10956 -1.05455e-18)
(2.35712 3.995 -1.85279e-17)
(0.658254 0.0249157 -8.48029e-17)
(-0.321354 0.339694 0)
(6.79235 1.84392 -2.10485e-18)
(-0.272335 2.87467 3.29524e-16)
(1.13899 6.22684 7.346e-17)
(0.760634 1.19395 0)
(1.79575 -1.43119 1.34901e-16)
(9.92405 5.72893 -1.17715e-17)
(0.398357 6.28454 3.53878e-17)
(0.990706 3.86976 -4.63785e-16)
(0.333572 6.22667 2.01238e-18)
(0.963295 5.93561 0)
(1.16589 3.21972 -2.46843e-17)
(0.280448 0.379468 1.60468e-16)
(0.843355 3.91475 -1.36044e-16)
(0.786614 3.88677 1.46232e-16)
(-0.170474 -0.253274 2.25635e-16)
(6.91952 2.92266 -3.46986e-18)
(0.43804 2.353 1.24429e-20)
(0.0316502 4.02646 4.56129e-19)
(-0.00757943 4.27448 -9.22315e-17)
(0.158561 6.74423 -2.7373e-16)
(0.614315 6.16486 -3.75523e-17)
(2.312 5.10136 -7.40079e-17)
(-0.402276 7.29228 2.09987e-17)
(5.12234 3.63063 9.42822e-17)
(-0.4856 7.46063 -2.08715e-17)
(0.621134 0.377845 -9.45758e-17)
(0.175528 4.12556 -7.54501e-21)
(0.654327 6.48567 6.78561e-17)
(-0.164514 -0.196452 1.0903e-16)
(0.164514 0.45293 4.25799e-17)
(0.230973 4.11275 1.20826e-17)
(2.74929 4.79186 0)
(1.07693 5.32319 0)
(0.278283 4.10898 5.893e-18)
(-0.292543 1.23767 1.28426e-16)
(0.378762 6.27084 -1.29957e-17)
(0.0881864 -0.452111 2.32352e-16)
(1.55915 4.68575 -5.8411e-20)
(0.0078873 -0.233176 0)
(1.00838 6.00942 -1.38076e-16)
(0.323063 4.09967 0)
(-0.254142 5.25857 -7.13926e-17)
(-0.146588 1.59643 -3.94245e-16)
(0.999789 1.85011 -1.09394e-16)
(1.80447 4.57254 3.14582e-17)
(0.384523 4.07307 1.25406e-17)
(0.217527 -0.778159 3.81755e-16)
(-1.06257 -0.109696 -1.33258e-19)
(2.78582 -0.349031 9.52552e-17)
(-0.196592 -0.563161 -2.77617e-16)
(11.1702 1.63944 2.15392e-18)
(-0.517119 3.005 1.16129e-16)
(-0.55189 3.29342 1.84655e-16)
(-0.586095 3.83046 -2.85252e-20)
(-0.56048 3.56564 0)
(-0.621597 4.09943 -1.04978e-16)
(-0.584656 3.80665 -8.45778e-17)
(-0.553868 3.26451 -8.46349e-17)
(-0.502726 4.18307 -1.55772e-16)
(-0.526478 3.3482 2.66763e-16)
(-0.45852 4.07563 6.89019e-17)
(0.854838 -1.91683 0)
(9.80262 0.141714 6.36238e-19)
(0.91085 -2.1302 -9.47463e-17)
(0.69443 -1.65739 2.7868e-16)
(0.423735 -0.75215 -4.48296e-16)
(0.571074 -0.752143 2.90213e-19)
(0.339352 0.20742 0)
(0.627138 0.0295652 -1.05968e-16)
(2.63911 1.00091 4.46648e-17)
(0.529828 0.424693 6.60783e-17)
(0.670083 0.598895 6.09568e-17)
(0.630543 -0.266776 -2.7519e-16)
(1.17486 0.20213 -1.78306e-16)
(-0.293732 -0.137927 0)
(1.24786 0.22186 -9.46836e-17)
(1.10871 0.181026 3.03142e-16)
(0.542779 0.103361 9.35648e-17)
(7.04841 -0.0430747 -2.20517e-18)
(0.182541 0.20409 0)
(0.547316 -0.77799 2.98451e-16)
(0.374854 0.28802 -1.26461e-16)
(0.708303 -0.216862 2.39048e-16)
(7.13119 -0.26095 -2.92175e-17)
(1.10619 0.129488 -2.84793e-16)
(0.387419 -0.549067 -1.78912e-16)
(0.77786 -0.327468 2.8878e-16)
(-0.120734 -1.25531 3.44675e-16)
(7.0932 -0.426267 1.24882e-19)
(0.741853 -0.346692 -2.71725e-16)
(7.28812 -0.505069 -2.50047e-17)
(1.01004 0.0860906 -7.58008e-16)
(0.955225 0.0795324 0)
(-0.185409 -1.78453 3.85856e-19)
(0.833443 -0.1593 0)
(9.48213 -0.233061 3.33166e-17)
(10.3524 0.0807717 9.89185e-17)
(0.649313 -0.475325 1.4909e-16)
(0.671163 -0.0258043 -1.35028e-16)
(0.270123 -0.270983 7.40753e-16)
(0.995876 0.118568 0)
(0.236639 -0.211698 0)
(0.13084 0.191498 0)
(9.16829 -0.177828 2.25178e-17)
(1.08048 0.30307 2.51408e-16)
(-0.235659 -0.036199 2.02073e-17)
(1.01787 -0.318134 2.36182e-16)
(-0.333307 -1.72022 0)
(-0.00439664 -0.294705 0)
(0.384973 -1.2452 2.26581e-17)
(0.620031 0.164855 2.00874e-16)
(8.32645 -0.161363 -6.71641e-17)
(1.00627 0.197435 2.37019e-16)
(0.166437 -0.883172 1.88445e-16)
(0.592686 0.26225 3.77434e-16)
(1.66667 -0.416366 -2.84492e-16)
(-0.611007 -1.23275 -1.73223e-16)
(-0.0657158 -0.608788 1.76578e-16)
(8.07038 0.119974 1.48136e-17)
(0.920609 0.272508 -3.08184e-16)
(-0.583231 1.6424 -4.51941e-16)
(-0.346748 0.216596 1.45665e-16)
(0.321825 0.318671 -4.43482e-16)
(-0.471844 1.57807 8.62679e-16)
(-0.246484 -0.279947 -2.0108e-16)
(8.35767 0.524569 -3.14608e-17)
(10.27 0.416851 -8.07112e-17)
(-0.0615091 -1.85635 -2.98172e-16)
(1.01623 0.370756 2.46254e-16)
(0.782021 0.285316 2.29424e-16)
(-0.321739 1.52455 0)
(0.507564 0.218103 2.76884e-16)
(0.913997 -0.889232 2.8981e-16)
(-0.29788 0.176811 0)
(-0.0138187 -0.713216 0)
(-0.465839 -0.652475 2.08435e-16)
(0.0817662 -0.535394 -2.26815e-16)
(-0.44553 0.0824059 -7.25531e-17)
(0.530736 0.362891 1.58687e-16)
(-0.502432 -1.38549 1.72466e-16)
(9.8268 0.664738 -2.49092e-17)
(0.858544 2.94114 0)
(0.802142 0.4202 -4.42032e-16)
(0.336208 2.0679 -1.7831e-16)
(-0.24543 -0.344404 -8.88199e-17)
(0.373972 0.582602 -1.06723e-16)
(0.236217 -0.161293 -1.1663e-16)
(8.74008 1.11517 5.18325e-17)
(0.103213 5.74453 -3.78211e-19)
(1.69275 -1.72024 0)
(0.132484 -0.445487 2.84587e-17)
(1.48271 2.39549 1.23908e-16)
(0.566071 1.09999 -2.73256e-16)
(0.264855 1.00211 0)
(-0.278732 -0.704872 0)
(-0.337577 4.54523 0)
(-0.0763723 -0.418503 3.83886e-16)
(0.304565 0.71542 2.9017e-18)
(0.292776 6.02757 2.4534e-17)
(0.511722 0.751027 6.80152e-17)
(2.21883 -0.847808 1.95123e-16)
(0.163596 3.43944 1.28306e-16)
(-0.131757 0.117775 -3.44445e-16)
(-0.315881 6.12501 -5.24289e-17)
(0.755552 0.748075 5.03055e-16)
(0.0704366 3.09663 3.51793e-16)
(-0.037442 0.220219 6.91295e-17)
(1.14398 2.63241 -7.09104e-18)
(0.723856 7.62363 -4.29156e-17)
(0.0951518 3.6924 0)
(-0.439818 5.09379 0)
(1.13962 4.15041 1.98286e-16)
(-0.193793 -0.0814218 3.97048e-16)
(-0.297986 7.23948 0)
(0.570866 4.2852 -2.83415e-16)
(0.328673 -0.182397 -4.39902e-16)
(-0.474636 0.328018 -6.46519e-16)
(0.267364 -0.094768 1.93031e-17)
(-0.278275 0.370512 -1.42661e-16)
(0.412094 6.8512 2.92271e-18)
(2.55063 7.70082 0)
(-0.477882 5.04259 3.01049e-17)
(9.66253 1.769 -4.85e-18)
(4.2953 4.93934 5.87257e-17)
(0.466005 2.19582 0)
(5.32685 8.47765 0)
(0.537892 1.89669 8.3544e-17)
(1.09342 1.99087 0)
(-0.460697 -0.111987 -1.23261e-17)
(-0.374879 0.901056 -8.88555e-17)
(-0.339327 7.19249 1.28116e-16)
(0.374868 3.54539 -2.79081e-17)
(3.90169 7.58914 -3.09573e-17)
(-0.483402 3.16672 -5.15422e-17)
(0.997856 0.659618 -1.25118e-16)
(0.246206 0.644989 1.04081e-16)
(0.968092 6.26135 3.8756e-17)
(0.0803216 -0.346532 1.58786e-16)
(0.0327517 4.52503 0)
(-0.499408 2.4233 1.09272e-17)
(-0.475353 2.77096 -6.26377e-19)
(0.323203 3.53193 0)
(2.08905 7.94882 2.15052e-18)
(1.37031 5.12623 1.44789e-16)
(1.56875 5.3174 -1.04566e-16)
(1.90374 5.28129 1.44538e-16)
(0.000251321 5.86945 -1.65022e-20)
(0.229674 6.48127 -1.16727e-16)
(0.792387 1.22994 -6.61363e-16)
(0.542781 1.29081 0)
(0.793989 1.30212 1.1097e-16)
(-0.451197 1.57769 -2.61665e-17)
(-0.522752 4.61106 3.27192e-17)
(0.802868 2.11912 -4.32371e-19)
(1.06287 2.80136 -1.23708e-16)
(-0.316725 5.7884 -3.03488e-20)
(-0.148789 3.86325 0)
(-0.65747 -1.09727 -1.84462e-16)
(1.04332 4.17174 3.69601e-16)
(3.27226 3.04842 0)
(9.15747 0.142252 2.12093e-18)
(1.10055 8.92486 2.7318e-17)
(0.375726 1.14703 7.73101e-18)
(0.397444 4.67018 3.65194e-17)
(0.496728 0.760788 0)
(1.68962 6.82534 9.71648e-17)
(1.32899 6.17084 -1.85526e-16)
(2.54447 12.8171 4.63615e-18)
(2.42123 5.97318 5.23179e-17)
(1.13728 0.190031 -5.49776e-17)
(0.678495 -1.34261 -2.5222e-16)
(0.177293 -0.247127 7.83607e-17)
(0.70224 1.74803 -1.015e-16)
(0.71593 3.69551 2.4551e-16)
(-0.462724 2.3448 -1.40355e-17)
(0.194382 5.86404 -5.68992e-17)
(-0.0919618 6.95094 1.36655e-16)
(11.5382 0.0678832 -9.71576e-18)
(-0.0366684 0.0530838 -4.73045e-17)
(-0.445774 0.556421 -1.08228e-16)
(0.978687 4.82937 -2.06733e-17)
(1.82582 1.80126 -1.24476e-17)
(1.62269 2.84045 -2.38035e-16)
(0.0630184 0.221036 -1.07044e-16)
(0.707854 4.22883 1.38817e-16)
(0.529584 2.05517 9.52774e-17)
(0.880427 7.02622 -6.649e-17)
(-0.208006 4.54357 -1.52904e-16)
(0.356544 1.08816 0)
(2.37396 6.93517 -5.12191e-17)
(0.586209 0.786432 0)
(0.380899 2.0467 1.0898e-16)
(0.520155 1.58923 0)
(0.429985 0.0188535 5.20373e-16)
(-0.440199 2.99673 -1.55299e-16)
(0.415722 3.53968 3.43452e-17)
(1.46493 5.97123 7.82908e-17)
(4.19768 -0.0431159 -5.9412e-17)
(0.470836 0.606659 1.4698e-16)
(0.212471 4.6088 -1.58789e-16)
(1.13791 1.91952 7.79843e-17)
(0.0269017 6.85167 -1.35545e-16)
(4.84171 4.38566 -1.84785e-16)
(0.440424 0.289626 6.64645e-17)
(0.466936 4.56317 0)
(-0.275284 4.55281 -3.08012e-17)
(0.548341 1.77736 7.65858e-17)
(1.22335 6.58318 -1.88874e-17)
(1.10722 5.63733 1.11633e-16)
(-0.567444 -0.793114 1.61397e-16)
(1.82311 3.72632 1.71668e-17)
(-0.425495 0.790054 1.14206e-16)
(-0.617996 6.7047 -4.84944e-18)
(0.118871 4.69238 1.25773e-16)
(1.88002 6.057 -9.1862e-17)
(0.0115536 -1.42652 6.18059e-17)
(1.16539 5.92271 -6.54306e-17)
(0.373922 5.94851 -1.48745e-16)
(1.29512 7.49088 -4.45832e-17)
(-0.180039 0.048503 0)
(9.70431 0.741635 -1.28309e-16)
(7.83813 2.74446 9.11596e-18)
(-0.0823815 4.58999 9.92483e-17)
(0.111461 1.17613 5.35324e-16)
(0.405135 2.61675 3.08303e-17)
(-0.241009 0.542142 0)
(2.55494 0.10143 -1.55501e-16)
(-1.14117 0.766023 6.22072e-17)
(-0.277593 -0.256244 -2.72835e-16)
(0.659214 2.23348 4.27095e-19)
(0.562312 -0.909501 -1.58592e-17)
(0.459212 4.03986 4.55022e-17)
(1.51093 1.22884 -7.69282e-18)
(9.63432 0.481263 0)
(-0.413987 4.01737 0)
(-0.455958 0.686075 -5.59176e-17)
(-0.049795 -0.739986 2.35886e-16)
(10.2308 0.552782 0)
(0.0135561 -0.0320641 3.942e-19)
(1.33779 6.46525 -2.538e-16)
(0.881629 1.15431 0)
(1.0893 1.61337 0)
(1.41304 1.58284 -1.41431e-16)
(1.64269 3.96124 1.87493e-17)
(9.04399 0.415203 0)
(0.634738 -0.128261 2.10192e-16)
(1.83512 -0.578804 -1.28737e-16)
(-0.409387 1.64691 0)
(0.373088 4.82025 0)
(-0.337199 -1.50829 1.69072e-16)
(0.0652508 0.302042 -8.69208e-18)
(0.0338538 1.1231 1.43764e-16)
(-0.228913 2.79445 -2.56645e-16)
(-0.11529 6.15935 5.0234e-17)
(-0.304614 0.249495 0)
(-0.841992 0.142372 0)
(-0.652509 4.52422 -1.1315e-16)
(3.08513 0.501555 -2.7574e-18)
(1.47233 3.65305 -1.85443e-16)
(-1.01437 0.0925994 1.79369e-17)
(3.96842 6.503 -3.07701e-18)
(1.66085 0.435445 0)
(1.34022 5.23819 0)
(0.276566 3.48641 -6.14697e-18)
(-0.607318 0.195717 0)
(-0.119489 4.31569 0)
(11.1017 0.639005 -1.34474e-18)
(0.178669 4.90409 -2.47309e-16)
(2.33832 0.468507 0)
(1.32248 2.93795 -3.47784e-18)
(0.416931 5.87083 2.2443e-17)
(0.151332 5.78257 6.69876e-17)
(1.27825 1.70359 -2.01202e-16)
(0.65941 6.36392 -3.48222e-18)
(-0.29501 6.35178 2.96884e-17)
(-0.494607 -0.17168 6.55151e-20)
(-0.437417 5.80921 -2.90901e-16)
(-0.332417 1.04371 -5.47217e-19)
(-0.0607919 2.47844 2.11211e-16)
(0.826986 0.480803 -2.93857e-16)
(0.168583 6.07307 1.43549e-16)
(-0.529443 5.89357 0)
(0.0648225 6.59619 1.81508e-18)
(10.5329 0.249761 -7.10922e-18)
(0.324444 2.94722 0)
(0.569005 0.209633 6.00242e-16)
(1.10464 0.732648 1.69106e-17)
(-0.123961 2.58583 0)
(-0.148153 1.10012 3.44595e-16)
(1.94707 7.96443 0)
(1.69394 8.86175 2.58857e-17)
(0.704037 -0.0579915 0)
(3.30727 1.64873 1.55637e-17)
(-0.272428 0.867171 -2.55703e-16)
(0.583553 0.467805 -1.15837e-16)
(0.853136 0.469624 -2.22028e-17)
(-0.431416 2.27381 2.11461e-16)
(-0.0343863 6.1747 -4.64911e-17)
(3.86945 0.53717 9.63286e-18)
(8.60814 0.348642 0)
(0.281253 -0.0407069 -2.22641e-17)
(0.0748565 5.1527 0)
(0.293668 6.03323 0)
(0.713378 0.732552 -1.37701e-16)
(1.58912 5.54592 0)
(-0.483347 2.22027 0)
(0.823374 6.12272 -2.96909e-17)
(1.85869 -0.0394436 0)
(0.406255 -1.43569 1.76537e-16)
(0.287492 5.99811 5.17332e-17)
(0.950182 0.063418 2.5475e-16)
(0.685502 0.888958 1.50657e-16)
(0.912803 1.43658 1.72841e-17)
(0.31584 0.65264 -6.23866e-17)
(0.995915 0.0704256 -4.40715e-16)
(12.597 2.78011 0)
(0.385688 6.13811 0)
(-0.184725 7.13029 -1.36313e-16)
(0.380502 0.609527 -3.5842e-19)
(0.522988 6.42053 1.03485e-17)
(1.19309 0.918874 2.22015e-17)
(9.41737 2.16953 3.07424e-18)
(2.27285 1.18909 4.9278e-17)
(-0.609103 2.01476 -7.61878e-17)
(1.15429 0.167722 4.22904e-16)
(-0.435641 0.731538 -2.97889e-16)
(-0.0514979 5.43337 0)
(1.05204 0.120507 4.89886e-16)
(1.0603 0.157386 -2.57075e-16)
(0.333986 4.71203 -2.36354e-17)
(0.77432 0.727848 -1.78466e-17)
(-0.181387 0.748863 -3.86936e-16)
(0.0157664 5.65781 -5.60866e-18)
(0.498538 6.49131 1.47621e-16)
(-0.0469224 6.28765 7.52834e-17)
(-0.0530536 6.77011 0)
(0.988531 2.71743 8.31041e-17)
(-1.1318 0.0199553 6.68404e-17)
(0.306568 1.48453 0)
(0.0815598 5.47677 -1.25041e-16)
(0.00880331 1.74891 -5.83951e-16)
(1.38167 4.70854 0)
(0.512061 0.0561843 -1.8374e-16)
(0.355496 3.03582 0)
(0.526979 -0.407295 -4.71472e-19)
(0.515919 0.352777 -4.11538e-18)
(9.52171 2.74012 1.60023e-18)
(1.51415 6.17997 0)
(1.00573 3.30689 1.57451e-16)
(0.164586 6.01116 -1.03114e-16)
(1.1057 3.36997 0)
(0.892773 -0.56709 -1.205e-16)
(-0.568081 1.04984 -1.395e-16)
(0.0671575 5.53253 -1.01442e-16)
(0.0137118 5.03285 8.97556e-17)
(0.178059 5.32701 2.2884e-16)
(-1.10687 0.0493296 -3.64543e-17)
(0.661627 -0.0286931 0)
(0.0709413 5.69745 0)
(0.612342 -0.146441 3.53402e-17)
(0.215867 2.27594 1.36345e-16)
(0.0797252 5.76598 -3.66179e-17)
(0.560523 0.00956653 1.28478e-16)
(0.237518 0.997592 -2.40063e-16)
(-0.490941 2.49917 0)
(-0.49621 2.40328 8.19148e-17)
(9.89537 8.26821 -1.30207e-18)
(0.248185 5.24586 3.05127e-17)
(0.440643 6.26508 -1.13022e-17)
(0.404056 1.7353 -9.0262e-17)
(1.32987 6.41685 1.47717e-16)
(4.31708 2.14116 2.38487e-18)
(-0.663174 0.0554301 -1.54506e-16)
(1.16257 2.16588 0)
(10.4417 0.634914 2.30596e-18)
(-0.499167 6.7979 4.70385e-17)
(6.88382 0.223449 1.12762e-18)
(-0.484029 1.51071 -9.92464e-17)
(-0.296601 -1.2825 -1.56032e-16)
(-0.664471 5.02124 -2.07287e-16)
(0.300362 6.04913 8.39814e-19)
(0.798911 -0.0957001 4.34918e-16)
(1.12467 4.91375 -1.22308e-16)
(0.478093 2.94624 -3.11491e-16)
(-0.265019 3.70185 1.99705e-19)
(1.05525 0.400867 1.5138e-17)
(0.0836238 5.02229 -5.38005e-17)
(-0.397054 7.32053 2.46006e-17)
(0.194264 6.86233 -2.11934e-18)
(-1.68252 -0.628755 0)
(0.856327 0.182234 0)
(-0.565738 4.54281 -5.82794e-17)
(4.71823 0.565983 2.10374e-18)
(8.2245 0.226802 -1.40833e-17)
(0.138641 5.85845 1.46129e-16)
(1.4755 3.42815 -2.52949e-17)
(2.09907 -0.283933 6.33219e-17)
(4.12433 0.406582 9.49046e-18)
(-0.659166 4.66268 4.21841e-17)
(0.222554 3.40875 -9.71773e-17)
(0.995572 1.08729 4.72352e-16)
(0.292092 2.78623 -9.44073e-17)
(0.565591 0.109598 0)
(0.664185 0.0752414 -1.33879e-16)
(0.176912 3.71014 -1.06899e-16)
(0.614929 3.75979 0)
(8.15641 1.72099 -8.07087e-18)
(0.568444 0.104857 1.08252e-16)
(4.56324 0.0489845 0)
(0.238144 1.29512 0)
(6.13573 4.10554 -2.42682e-17)
(-0.23815 6.52271 1.54621e-17)
(0.294915 6.89864 -5.92556e-18)
(0.477822 1.34416 0)
(0.544374 1.25193 7.81446e-17)
(2.15175 -0.133836 6.83004e-16)
(0.657585 -0.0946336 -6.75726e-16)
(-0.166292 0.315527 -5.15079e-17)
(1.98178 2.59399 6.73644e-17)
(0.891826 -0.936637 2.32465e-16)
(0.579834 -0.0413922 0)
(0.83691 1.723 -7.25352e-17)
(1.47014 4.11132 -1.52659e-18)
(1.47266 4.85013 6.9296e-17)
(1.11686 2.75925 -2.60511e-17)
(-0.269204 2.13481 0)
(0.303777 5.53551 7.09951e-17)
(-0.365088 2.0452 7.12764e-17)
(1.06182 0.135006 0)
(10.3142 0.614304 1.14007e-16)
(0.369291 5.33474 0)
(-0.37015 3.57092 0)
(3.61871 5.67045 -2.56661e-18)
(-0.0121146 5.78739 1.50709e-16)
(0.267464 5.39581 1.32051e-16)
(3.09723 0.0288226 -2.05155e-16)
(1.17721 -0.913853 2.28655e-16)
(0.810512 0.181317 2.72259e-16)
(-0.112638 4.64662 0)
(0.377342 5.93859 -1.92801e-21)
(0.145645 4.40458 -1.7693e-16)
(6.56874 -0.598508 -6.36053e-17)
(1.05484 -0.00242745 6.03602e-17)
(0.0451576 6.06201 2.70715e-16)
(-0.928087 0.469787 -1.07135e-16)
(2.29037 2.8588 1.32653e-17)
(5.21338 -0.614261 3.90408e-17)
(2.08956 0.0414432 -6.36296e-17)
(0.133803 9.38472 8.17532e-17)
(0.0832998 4.33722 3.59422e-19)
(0.0773564 4.26615 1.00647e-16)
(0.016799 4.11774 9.17118e-19)
(0.0502347 4.18036 0)
(0.111662 10.1486 -7.25232e-17)
(0.0831869 4.34962 -1.91495e-16)
(0.0265568 5.18635 -8.15822e-19)
(0.0437601 5.17438 -2.24702e-17)
(0.0192765 5.11713 0)
(0.0556963 5.34063 4.60534e-17)
(0.158167 8.80987 0)
(0.211988 10.8997 0)
(0.0610508 5.56836 -6.08987e-17)
(0.298489 7.64122 -4.14552e-18)
(0.231848 8.2567 -3.86077e-18)
(0.0527339 5.70434 1.93886e-17)
(0.0690247 4.29791 9.99315e-17)
(0.0549551 4.2868 0)
(0.0197998 5.72545 -2.68596e-17)
(0.0541592 4.31411 0)
(0.0586913 4.39115 0)
(-0.0246058 5.67575 1.99971e-17)
(0.0656263 4.48928 0)
(-0.377581 1.73693 7.63688e-17)
(5.1551 5.92562 -5.07565e-17)
(0.705861 -0.200749 2.85455e-16)
(-0.467617 -0.095757 0)
(1.2839 5.98376 -1.01866e-16)
(-1.4068 -0.107314 1.00754e-16)
(-0.349564 0.502626 5.50478e-16)
(6.44666 1.38979 -1.6169e-17)
(-0.237552 6.31907 -1.97137e-17)
(0.664988 7.33972 0)
(-1.04895 0.195184 5.09961e-16)
(1.6587 0.372043 2.78244e-16)
(1.26922 0.70456 0)
(4.5037 -0.43165 3.02516e-17)
(0.470162 -0.623251 -2.59168e-16)
(0.00313582 -0.818992 -1.83574e-16)
(6.00375 5.0061 8.43936e-17)
(1.72306 4.51691 -4.62918e-17)
(-0.42465 2.30296 7.22266e-17)
(1.1162 0.963524 -5.08991e-17)
(-0.770001 -0.026126 -1.04099e-16)
(6.73095 0.59187 -2.81684e-19)
(-2.25459 0.871047 -2.68047e-16)
(0.0688671 4.60567 0)
(0.954777 5.46722 2.78746e-16)
(1.25341 3.71466 2.55494e-20)
(1.19622 -0.0942167 6.9599e-17)
(0.525452 0.197618 0)
(10.6341 -0.151459 2.66602e-17)
(0.0913508 2.01111 -1.4696e-16)
(1.9356 0.0669967 3.8224e-18)
(-0.268544 1.58972 1.17104e-16)
(-0.221741 7.15345 0)
(0.425472 2.24125 8.6126e-18)
(0.40524 2.34025 -6.34685e-17)
(8.69038 4.13877 2.06094e-17)
(0.880106 -0.399154 3.24611e-16)
(0.829422 0.0518495 -3.16083e-16)
(-1.53703 -0.875544 1.78471e-16)
(0.747077 -0.248307 -7.01743e-17)
(0.39167 3.09543 3.07995e-17)
(-0.0974465 4.94919 -6.67432e-21)
(0.153577 5.98131 -1.85973e-17)
(-0.559752 0.00941106 0)
(0.91548 3.0525 2.97103e-19)
(0.621051 0.414765 6.6636e-17)
(1.91331 0.284979 1.15105e-16)
(0.858791 -0.097493 0)
(0.716454 0.491899 -4.16123e-16)
(0.050574 0.131413 0)
(10.4379 0.435147 2.08089e-18)
(0.0063302 3.11715 0)
(0.857033 3.43863 -5.69858e-17)
(0.0322982 2.00965 1.47893e-16)
(0.0533856 -1.5414 2.578e-16)
(1.89788 -0.182788 0)
(0.336686 0.16987 -3.53415e-17)
(0.0700224 4.70469 3.97474e-19)
(0.625222 -0.49398 0)
(-1.1361 -0.0163371 0)
(0.719919 3.18894 -1.84417e-16)
(-0.176578 5.42037 -1.06938e-17)
(7.74687 0.0237177 0)
(0.731156 0.351749 -1.33384e-16)
(3.15971 -0.308453 -1.94721e-16)
(-0.354401 -1.24988 0)
(-0.472595 1.42198 2.57993e-16)
(1.12337 0.140927 -1.57906e-16)
(8.09277 6.0272 1.7516e-17)
(0.286158 4.76067 2.32144e-17)
(0.34504 4.96631 1.9563e-16)
(0.621873 0.0783392 0)
(1.21658 -0.334466 0)
(0.198146 4.77873 0)
(5.67917 2.01175 -1.26951e-17)
(1.08743 0.123228 5.51822e-16)
(1.1112 0.195798 -2.61139e-16)
(0.287084 0.0128827 1.57541e-17)
(-0.39654 -0.0339281 2.4109e-16)
(-0.190115 -0.359826 2.45276e-16)
(0.50363 3.77717 8.09593e-17)
(-0.0506867 5.60745 1.40477e-17)
(1.22475 4.33663 -1.56214e-17)
(10.7867 1.2456 -4.33107e-19)
(0.0714824 4.6496 0)
(0.243659 4.82383 -4.15508e-17)
(0.715517 -0.276958 1.08153e-16)
(-0.18559 4.30441 2.01526e-16)
(-0.576213 -0.578988 6.17605e-17)
(-0.268116 6.29574 0)
(0.354174 6.34092 -2.97713e-17)
(2.43509 0.188414 -4.2934e-16)
(-0.321164 5.50605 5.38677e-17)
(0.601885 4.4575 4.13022e-17)
(-0.429773 1.98884 0)
(0.150431 11.988 -1.67417e-17)
(-0.692825 6.91907 -1.29452e-16)
(0.641701 0.0233406 -3.86485e-17)
(0.403428 -0.300703 6.36852e-16)
(-1.01928 -0.83308 -1.76458e-16)
(2.35889 0.819565 -1.02027e-16)
(-0.361076 2.07471 3.59996e-16)
(-0.384161 -0.259596 0)
(0.798993 4.63865 -8.36894e-17)
(1.58473 3.20042 2.54815e-17)
(1.0722 3.69843 -3.04037e-16)
(0.495025 0.545675 4.18219e-19)
(0.985024 4.3552 8.81288e-17)
(1.18552 3.88155 5.13223e-17)
(12.3573 1.10266 -2.53031e-18)
(7.94645 11.3679 6.66123e-18)
(0.756499 0.119657 -1.61817e-20)
(-0.106399 4.32314 1.06045e-16)
(0.283973 6.64402 -1.83475e-17)
(-0.421733 -0.0246932 0)
(0.105816 4.81664 1.42721e-16)
(2.96005 -0.547431 -8.25042e-17)
(0.11146 5.83115 0)
(0.434952 6.34952 1.1763e-17)
(0.0368015 6.76296 1.99466e-18)
(7.38133 4.05136 -5.95832e-17)
(10.5335 0.0585248 -5.87534e-17)
(0.70336 0.308159 1.04286e-19)
(0.0462565 0.633321 0)
(-0.041689 5.95218 -3.2511e-17)
(1.01165 4.83519 -1.3189e-16)
(5.55313 0.575127 0)
(11.0559 -0.393288 3.31473e-17)
(-0.566467 6.75764 -8.63141e-17)
(1.2555 4.29221 -1.71867e-17)
(-1.09149 -0.0300431 0)
(3.89905 9.3943 -3.31542e-17)
(-0.941254 -0.0581878 0)
(-0.109304 6.6126 -2.77054e-16)
(1.15927 2.4096 7.49293e-18)
(13.5061 0.926824 0)
(-0.690063 5.78183 -4.09447e-17)
(4.63891 -0.379151 1.51641e-17)
(9.05577 3.43808 -3.50387e-17)
(0.00601059 6.4191 -1.41891e-16)
(-0.744046 -0.391592 -3.75811e-16)
(0.483538 5.12622 2.82226e-17)
(-0.386618 0.0202666 -4.88146e-17)
(0.366317 0.0398167 -1.73122e-16)
(-0.792176 -0.153397 -2.89397e-17)
(0.29892 0.0798802 -1.69871e-17)
(-0.492648 -0.238989 0)
(0.900373 4.37218 2.83077e-17)
(-0.609004 5.84967 -9.9256e-17)
(0.519902 6.23697 0)
(-0.398932 1.23607 8.15147e-17)
(-0.52037 5.98848 9.16045e-17)
(8.32593 3.612 5.30517e-17)
(0.589299 -0.0832806 0)
(1.52582 -0.840331 9.61148e-17)
(-0.371746 2.64961 -6.96441e-20)
(9.77394 0.113388 3.47294e-18)
(0.329059 5.41861 -4.59652e-17)
(9.68524 -0.0111423 0)
(-0.637978 4.68647 0)
(-0.173475 3.03289 -1.60847e-16)
(9.50455 0.183159 -3.58708e-18)
(0.0795231 4.8225 4.63917e-17)
(7.83034 0.482936 0)
(8.45662 0.394793 1.03583e-17)
(8.83631 0.285378 4.70918e-18)
(9.71473 -0.138482 2.24252e-17)
(9.31099 -0.195701 -2.61848e-17)
(8.92479 -0.197605 0)
(9.14088 0.225634 -2.05658e-17)
(9.45986 -0.214622 1.02883e-16)
(0.342429 -0.079653 8.96256e-18)
(-0.686369 -0.0892801 7.66682e-17)
(-0.483405 -0.0264677 -9.47264e-17)
(0.149633 -0.135918 -6.35269e-20)
(-0.0625279 -0.171103 -1.21144e-16)
(-0.27984 -0.114487 -7.8723e-16)
(0.244686 2.52636 2.20648e-16)
(0.022482 1.30656 -1.34371e-16)
(-0.517644 4.93245 2.87267e-17)
(0.976472 3.77058 -1.22776e-16)
(-0.249015 6.84174 -1.45133e-16)
(0.0773776 5.69196 0)
(-0.318278 -0.416921 1.53673e-16)
(-0.308027 1.60828 1.85448e-16)
(0.547806 -0.172552 2.32102e-16)
(1.09186 0.242064 -2.33898e-16)
(0.62828 3.25069 -1.71898e-16)
(0.948884 0.149184 0)
(0.0458316 5.89685 -1.78663e-16)
(0.244745 0.496128 0)
(-1.16047 -0.000206252 0)
(0.666258 0.93466 1.53913e-16)
(-0.997879 1.3481 2.88629e-16)
(2.26066 0.92527 0)
(-0.380683 2.3741 -3.88554e-16)
(-0.285027 6.41538 0)
(0.553628 5.63203 -4.16587e-17)
(1.19421 7.49419 -1.55669e-18)
(0.959164 0.338862 1.30132e-16)
(1.33942 4.2095 1.351e-17)
(5.37025 3.83699 2.11506e-18)
(0.0201806 5.89946 -1.79061e-17)
(-0.140161 0.46954 -1.57533e-16)
(1.64049 1.26397 -3.27508e-16)
(2.05762 1.40557 -7.01549e-18)
(0.632106 0.165131 -2.22401e-19)
(1.06687 2.18649 1.19451e-16)
(11.9116 0.882986 1.52431e-18)
(0.637962 0.0788594 -5.75773e-16)
(0.189181 6.0124 0)
(-0.231283 -0.324633 -2.87368e-20)
(1.36777 -0.332809 -2.44215e-16)
(0.654695 -0.0797359 0)
(-0.00867001 5.4924 -1.41882e-18)
(1.55525 0.169815 1.56424e-16)
(0.430785 -0.601581 0)
(0.0505443 -0.297559 6.78682e-17)
(2.37563 -0.323557 5.86004e-16)
(-0.722094 -1.48329 1.52418e-16)
(0.112067 -0.547166 2.00163e-16)
(2.65799 1.53315 -1.31606e-17)
(-0.677131 6.35334 2.42915e-16)
(0.621912 0.200357 3.13654e-16)
(-1.33846 -0.545868 0)
(0.681724 1.70609 3.94775e-16)
(5.38933 12.596 9.24551e-19)
(0.391851 -0.110009 -6.27905e-16)
(11.4673 0.557606 -2.14806e-18)
(13.8173 1.81093 0)
(0.0542216 0.470869 2.32202e-17)
(10.9697 -0.105667 0)
(3.80114 0.0666066 -9.49232e-19)
(1.70219 -0.389791 1.19775e-16)
(2.64115 1.85336 -1.09911e-16)
(7.59237 3.82887 5.64869e-17)
(-0.811421 -0.116474 5.57938e-17)
(0.676386 4.85532 0)
(-0.108643 4.06085 -9.21525e-17)
(4.20526 4.34782 -3.02573e-17)
(-0.478863 6.14361 4.49508e-17)
(0.0366126 5.53212 0)
(0.178881 3.01328 1.26819e-16)
(0.571816 0.292176 0)
(1.03203 0.147676 0)
(-0.453223 6.79347 -9.35024e-17)
(0.270419 0.863587 8.1054e-17)
(0.451357 3.34775 -2.04243e-19)
(5.61563 8.35165 -2.28681e-17)
(-2.34518 -0.0993824 0)
(12.7748 1.35052 1.13272e-18)
(4.0365 1.78287 8.25145e-18)
(0.247675 6.46493 -7.21087e-17)
(1.36271 2.4534 -1.95712e-17)
(-0.0774956 4.29903 1.07749e-16)
(1.41857 -0.00221582 7.17714e-20)
(0.103832 0.646271 1.00854e-16)
(0.331743 -1.3285 3.98982e-16)
(3.72539 -0.122939 0)
(0.203365 -1.13205 0)
(7.5082 -0.505025 2.7591e-17)
(0.175059 2.84193 -1.36958e-16)
(0.705343 0.169097 0)
(6.75502 5.21913 -6.36565e-17)
(0.794898 3.37638 -6.87065e-17)
(-0.616542 0.282581 -1.34263e-16)
(-0.387816 5.52361 6.2239e-17)
(0.476596 0.00458218 0)
(-0.405009 4.55558 -1.06837e-16)
(1.83453 5.09028 1.52313e-16)
(0.937423 9.57161 0)
(0.650541 5.34171 3.41385e-16)
(0.708465 -0.124511 -4.61268e-16)
(0.716287 6.4124 -8.8103e-17)
(0.305965 5.21192 8.81219e-17)
(11.4607 0.305801 1.86291e-17)
(-0.561059 5.78503 -1.23411e-16)
(7.77774 -0.145534 -1.09616e-16)
(0.748675 0.0371419 3.8056e-16)
(-1.11588 -0.860901 1.57454e-16)
(2.67531 -0.295085 0)
(4.68217 0.563679 0)
(5.31424 1.21584 1.47903e-17)
(-0.37641 4.84249 0)
(-0.260223 6.18356 0)
(0.222269 6.49956 -1.32563e-16)
(-0.137619 -0.606301 -5.48989e-17)
(4.65167 -0.219146 -1.08777e-17)
(-2.48016 0.507574 -1.26256e-16)
(1.84526 2.66871 1.70512e-16)
(0.44419 -0.441292 1.24096e-16)
(3.50663 -0.272475 -1.24563e-16)
(-1.27798 -1.08881 -1.93327e-16)
(-0.400369 6.45421 -8.24805e-17)
(0.27995 -0.396757 0)
(-0.0723879 3.21895 -8.63949e-18)
(0.499289 4.43757 -3.76958e-16)
(10.0148 0.350346 -2.07499e-17)
(-1.43176 0.447208 5.77063e-17)
(-0.0774822 3.3831 -8.57326e-17)
(0.0143599 0.686652 2.56188e-16)
(-0.659709 -0.300899 -3.55679e-17)
(-0.0338568 -0.449314 0)
(0.252109 0.683529 -1.74767e-16)
(-1.14487 0.009076 -1.48815e-16)
(3.67493 1.08612 -5.31788e-18)
(-0.329032 -0.968098 -8.16174e-19)
(-0.247478 5.3719 5.37845e-19)
(11.0838 -0.144244 0)
(0.524938 4.78396 5.01179e-19)
(0.0332095 2.25535 0)
(0.923192 3.6209 7.42229e-20)
(0.114846 6.43895 3.89617e-17)
(0.573838 -0.283097 -1.01669e-16)
(4.51159 -0.418822 -6.2351e-17)
(-1.96749 -0.745381 2.11064e-16)
(0.480077 5.78682 -4.40091e-17)
(6.37225 0.567067 -2.56253e-17)
(1.10224 4.52439 -2.92205e-19)
(8.43247 3.68949 1.28254e-18)
(0.125663 4.55688 0)
(-0.330691 0.264596 -2.76627e-17)
(1.27531 4.67219 0)
(7.84966 5.36019 4.0449e-17)
(1.21831 5.07899 1.02525e-16)
(0.931571 0.0847699 -7.12716e-20)
(1.42733 1.11035 -1.84785e-18)
(0.00778315 0.30441 -1.3318e-16)
(0.0561764 4.13248 0)
(0.997371 1.18547 0)
(0.0235955 4.56489 -1.6376e-16)
(-0.67774 4.40343 0)
(0.469975 5.16317 -2.14348e-17)
(-0.947467 -0.0276155 2.77722e-16)
(1.3726 2.71448 1.1179e-17)
(-0.398428 0.607172 1.20088e-16)
(0.532828 -0.232123 7.2005e-17)
(1.01927 5.41704 1.84905e-17)
(0.893486 -0.181589 -2.59933e-16)
(-0.361485 6.94841 -1.10242e-16)
(0.443144 0.928862 -9.48496e-18)
(0.380365 6.34885 1.44934e-16)
(0.65239 1.3603 -2.5312e-16)
(1.04625 5.28874 5.55791e-17)
(0.845919 4.39389 -1.10621e-16)
(2.24343 0.535431 -1.5456e-16)
(0.793765 0.440715 0)
(-0.847274 -0.610471 0)
(-0.497775 0.491161 0)
(0.420894 -0.330363 -1.93566e-16)
(1.19644 4.49701 0)
(0.226829 0.14927 -1.8104e-16)
(1.06702 4.88101 9.20367e-17)
(1.02773 4.5581 -5.90761e-17)
(0.735559 -0.198606 -3.91451e-16)
(1.30572 -0.665136 0)
(0.178857 6.50399 3.85645e-17)
(1.15467 4.83902 -1.98501e-16)
(0.00274732 1.43419 -3.40079e-16)
(7.16492 0.537402 2.47178e-17)
(-0.116242 5.97973 2.86062e-16)
(-0.618489 4.14989 0)
(10.478 -0.180312 -1.64752e-17)
(-0.804131 0.323085 -3.00274e-16)
(0.907378 4.1216 1.53505e-16)
(0.429146 5.24089 -4.75289e-17)
(0.420705 3.14132 7.62403e-17)
(0.671118 2.22916 -1.2659e-16)
(-0.377053 3.7369 1.29684e-16)
(-0.0522273 4.13266 -2.30919e-17)
(0.326673 7.10943 0)
(-0.224798 3.71386 -2.59136e-16)
(1.48996 0.635348 -3.8512e-16)
(-0.30598 0.880409 2.56923e-16)
(0.124159 6.61087 -3.30772e-17)
(-0.0311656 5.86382 -3.45835e-17)
(4.0385 -0.531826 6.89516e-17)
(0.436469 2.73775 1.19359e-16)
(-0.314518 -1.66249 0)
(1.68876 -0.282801 -3.16595e-16)
(0.127059 4.32003 1.58034e-16)
(1.01281 9.35595 6.17049e-17)
(0.0538595 6.4699 0)
(0.272598 2.18819 1.37102e-16)
(1.13189 -1.16126 -7.41532e-17)
(2.60046 -0.24065 0)
(0.173419 0.421247 -2.55364e-16)
(0.989539 -1.09514 -4.63005e-16)
(0.671345 -0.139918 0)
(7.22004 2.88707 0)
(0.847375 5.95568 9.70197e-19)
(-0.113328 5.24648 0)
(0.863529 -0.328968 -2.25033e-16)
(0.619382 -0.147452 7.76232e-17)
(11.1689 -0.21712 -2.26647e-17)
(-0.0756776 0.377008 2.59379e-17)
(-0.0370488 -0.300552 -2.45625e-16)
(1.29968 0.0843286 -1.12658e-16)
(0.993903 0.0436191 0)
(-0.694253 0.0975271 -8.4479e-17)
(4.19283 1.03562 -1.08986e-17)
(-0.82286 -0.0731889 3.44895e-17)
(1.45215 0.166306 9.22693e-17)
(6.96503 1.14883 0)
(0.616322 0.277597 -4.47372e-16)
(-0.447816 3.99694 1.98017e-16)
(1.91299 2.51172 -1.05181e-16)
(0.218521 -0.67355 -2.05809e-17)
(-0.691319 5.35186 1.80818e-16)
(11.7032 0.722952 3.18076e-18)
(-0.527227 0.168563 -4.66195e-17)
(0.466614 0.557845 1.54398e-16)
(0.636274 0.61621 6.81466e-19)
(0.0113609 3.28641 0)
(-1.74214 0.951709 1.81617e-16)
(6.89045 6.37433 -5.44462e-17)
(-0.810234 -0.0855481 -2.6946e-17)
(1.65208 0.842333 0)
(6.88094 -0.140294 2.12187e-17)
(1.95273 0.902934 6.92145e-18)
(-1.91643 -0.0842162 1.55325e-17)
(2.91449 -0.0626697 -5.13014e-17)
(-1.02673 -0.0437591 0)
(11.0165 -0.271245 -3.97614e-17)
(0.598418 0.191628 0)
(4.10057 0.157355 2.13054e-16)
(1.78232 0.0556819 -2.66491e-16)
(2.54976 -0.0588764 0)
(0.984528 0.257251 -4.51264e-16)
(-0.684178 0.0799242 1.26101e-16)
(0.285952 0.135983 -7.69216e-17)
(2.93364 1.00497 7.7622e-18)
(0.373137 1.63171 -6.27087e-17)
(0.177885 4.1488 1.35613e-16)
(-0.27663 0.897415 -3.01646e-16)
(-0.0419661 -0.546228 -3.2065e-16)
(0.867166 0.240009 1.01411e-16)
(9.32664 0.451814 -3.60379e-17)
(4.35347 0.427787 1.13074e-17)
(0.91552 0.121344 8.79688e-17)
(0.713047 5.9133 -2.48715e-16)
(-1.15956 0.634688 -3.15065e-16)
(0.981381 -0.288944 7.23976e-17)
(0.0588004 1.73237 3.03639e-16)
(0.0522752 5.71498 -2.15007e-17)
(-1.62932 0.35517 -1.58594e-16)
(0.343488 6.01386 -2.33249e-17)
(0.307221 -0.436349 8.60361e-17)
(0.0989477 6.46543 -2.5191e-17)
(0.149571 6.58168 -1.89277e-17)
(0.0104763 5.76377 -2.03382e-17)
(8.39347 0.880464 7.36041e-18)
(0.034624 5.72341 2.23847e-17)
(-0.67697 -0.211926 4.46769e-17)
(-0.114033 5.99202 -8.46567e-17)
(0.871244 8.18802 -2.13675e-17)
(-0.131688 -0.520562 1.0402e-16)
(0.620066 0.0950412 5.07408e-17)
(0.271515 5.89509 1.33785e-16)
(-1.5026 -0.31566 -1.21774e-16)
(1.00068 -0.105161 1.26863e-16)
(0.0376803 6.7606 0)
(0.184675 6.67348 3.21959e-16)
(0.0350696 5.92251 4.68357e-17)
(-0.7545 -0.193955 -3.21752e-17)
(-0.475426 -0.126707 4.67638e-16)
(8.94732 0.672299 2.13634e-17)
(10.4121 -0.0102218 -9.20126e-18)
(0.851598 5.13737 1.1065e-16)
(0.347832 0.227701 -4.44752e-16)
(0.904629 -0.173026 0)
(0.605666 -1.37335 -7.07962e-17)
(0.657062 -0.0849895 2.37405e-16)
(-0.207794 6.41868 2.38208e-16)
(0.802901 -0.216633 0)
(0.906347 -0.187559 1.05334e-16)
(1.53626 -0.265943 -1.23721e-16)
(1.77044 0.0306772 -3.26859e-16)
(-2.6567 0.549325 0)
(0.405224 -0.374928 0)
(9.36986 1.11193 0)
(-0.152404 6.04231 -9.91199e-18)
(0.617237 7.80282 6.30016e-17)
(0.100561 2.95088 0)
(0.946687 3.68383 9.38822e-17)
(10.5537 0.062316 0)
(1.03271 4.98175 1.63475e-16)
(0.168575 -0.480251 5.00385e-16)
(-1.08911 0.499999 -2.05961e-16)
(4.03949 0.590376 -4.18084e-16)
(2.10534 0.20717 -5.86536e-17)
(-1.55794 0.300395 1.65409e-19)
(0.263692 0.0176488 4.97572e-17)
(0.230663 0.132254 4.55122e-16)
(-0.856705 -0.230841 0)
(1.00457 0.238539 0)
(0.381733 -0.0321591 0)
(0.345853 0.0291707 -1.35567e-16)
(1.41204 -0.0550091 0)
(1.83508 0.823866 0)
(1.32106 0.0533859 1.47524e-16)
(3.35653 3.35176 -1.08516e-16)
(0.266457 0.0259587 1.7743e-16)
(5.15918 0.499739 2.72926e-17)
(1.37852 1.77123 1.79839e-16)
(-0.259947 -0.76912 -5.56908e-17)
(0.554968 4.55692 0)
(0.180936 -0.215382 -5.53495e-16)
(0.826325 0.39454 -4.87083e-16)
(1.03358 1.52633 0)
(-0.159609 -0.597149 -1.37864e-16)
(0.0243648 0.866816 -5.43139e-16)
(-1.03976 1.50203 4.25144e-17)
(0.181745 1.08932 0)
(1.69947 -0.379469 2.68332e-17)
(0.496088 -0.101527 4.82836e-16)
(4.67027 0.276263 -7.67107e-17)
(3.34252 0.337267 0)
(2.30671 0.0591812 -9.50827e-17)
(-1.86552 0.167483 0)
)
;

boundaryField
{
    frontAndBack
    {
        type            empty;
    }
    wallOuter
    {
        type            noSlip;
    }
    inlet
    {
        type            fixedValue;
        value           nonuniform 0();
    }
    outlet
    {
        type            zeroGradient;
    }
    wallInner
    {
        type            noSlip;
    }
    procBoundary3to1
    {
        type            processor;
        value           nonuniform List<vector> 
48
(
(-0.667224 6.1331 0)
(-0.383535 7.63151 -1.4331e-16)
(-0.650706 8.26648 0)
(-0.727169 7.2691 -1.25225e-16)
(-0.16902 5.1589 2.90541e-17)
(-0.41846 3.87932 2.18152e-16)
(-0.383535 7.63151 -1.4331e-16)
(-0.0521861 0.184724 1.01007e-16)
(-0.486005 3.18519 1.46446e-16)
(-1.1016 0.310169 2.77362e-16)
(-1.1016 0.310169 2.77362e-16)
(-0.832968 -0.656383 0)
(-0.832968 -0.656383 0)
(0.00153268 -0.924686 1.81772e-16)
(-0.38595 -0.358313 -3.1607e-19)
(-0.827574 -1.32667 -2.34339e-16)
(-0.289497 -1.7178 3.1475e-16)
(-0.494482 -1.75908 1.36215e-16)
(-0.289497 -1.7178 3.1475e-16)
(-0.107413 -1.40075 -1.97089e-17)
(-0.0927502 -1.31281 2.59631e-16)
(0.16549 -0.919856 7.78818e-16)
(-0.107413 -1.40075 -1.97089e-17)
(-0.736557 1.89782 6.1717e-16)
(-0.970169 1.1798 -2.43771e-16)
(0.406252 0.284119 7.39564e-19)
(0.11184 -0.669901 -2.47442e-16)
(0.16549 -0.919856 7.78818e-16)
(0.097681 -0.493884 2.17283e-16)
(-0.0866845 1.26349 -2.68107e-16)
(-0.0866845 1.26349 -2.68107e-16)
(-0.0199373 -0.147065 -4.37909e-17)
(-0.0199373 -0.147065 -4.37909e-17)
(-0.486005 3.18519 1.46446e-16)
(0.610939 -0.492955 -1.35156e-16)
(-0.140485 3.61332 0)
(-0.11524 0.646317 -4.62247e-17)
(-0.970169 1.1798 -2.43771e-16)
(-0.604668 4.77941 0)
(-0.18177 6.62064 9.96366e-17)
(0.00153268 -0.924686 1.81772e-16)
(-0.200692 1.30286 0)
(-0.312023 2.02196 5.05388e-17)
(-0.107413 -1.40075 -1.97089e-17)
(-0.15759 -0.0400779 -3.41027e-16)
(-0.044232 5.22263 1.97157e-17)
(-0.216287 6.22799 -2.68019e-19)
(-0.374088 -1.19159 2.17343e-16)
)
;
    }
    procBoundary3to2
    {
        type            processor;
        value           nonuniform List<vector> 
29
(
(0.421501 -0.433949 4.67611e-16)
(0.421501 -0.433949 4.67611e-16)
(0.710372 0.09884 0)
(0.292613 0.0288924 4.4625e-16)
(2.11891 0.113854 4.08689e-16)
(0.8186 -0.0866394 4.56661e-16)
(0.466743 -0.175226 -3.40275e-16)
(1.03075 -0.267411 0)
(0.843668 0.278084 -3.09722e-16)
(0.602012 0.156738 3.2656e-16)
(0.994012 -0.144409 1.4779e-16)
(1.83012 0.21623 -4.08656e-16)
(-0.497307 -0.36905 -6.51592e-16)
(0.109328 -0.437112 -2.1699e-16)
(0.0207597 -0.432943 0)
(0.37303 -0.305064 -1.27021e-16)
(1.26232 0.226573 5.2457e-16)
(1.1653 0.278758 1.43524e-16)
(0.729612 -0.39217 2.36126e-16)
(-0.0761993 -0.56992 3.8234e-16)
(-0.0912694 -0.555941 -6.04227e-17)
(1.26232 0.226573 5.2457e-16)
(0.487176 -0.0599914 8.49975e-18)
(1.1653 0.278758 1.43524e-16)
(0.296446 -0.233624 0)
(1.01266 0.119825 7.05707e-17)
(1.1653 0.278758 1.43524e-16)
(0.672003 0.179424 -2.0935e-16)
(0.672003 0.179424 -2.0935e-16)
)
;
    }
}


// ************************************************************************* //
