/*--------------------------------*- C++ -*----------------------------------*\
| =========                 |                                                 |
| \\      /  F ield         | OpenFOAM: The Open Source CFD Toolbox           |
|  \\    /   O peration     | Version:  v1912                                 |
|   \\  /    A nd           | Website:  www.openfoam.com                      |
|    \\/     M anipulation  |                                                 |
\*---------------------------------------------------------------------------*/
FoamFile
{
    version     2.0;
    format      ascii;
    class       volScalarField;
    location    "0.77";
    object      nut;
}
// * * * * * * * * * * * * * * * * * * * * * * * * * * * * * * * * * * * * * //

dimensions      [0 2 -1 0 0 0 0];


internalField   nonuniform List<scalar> 
5794
(
0.000457058
0.000715114
0.00513879
0.0045704
0.0124375
0.000553209
0.000876324
0.00084006
0.00224903
0.000857983
0.00204263
0.00144683
0.00132723
0.00815538
0.00204806
0.00121391
0.00957245
0.00690465
0.0012723
0.000470648
0.00142246
0.000499507
0.00147285
0.00100507
0.000932707
0.00400268
0.0127846
0.014743
0.00407318
0.000825751
0.00148977
0.0022459
0.00241978
0.00168928
0.00170089
0.00222557
0.000786
0.00160151
0.00192185
0.00677241
0.00635963
0.00255663
0.000742868
0.000917013
0.00182123
0.0023374
0.00197329
0.00115865
0.000751423
0.000428253
0.000776123
0.00302674
0.000752436
0.00217475
9.88623e-05
0.00233841
0.0020172
0.00159132
0.000729829
0.00533051
0.00132304
0.000520929
0.00129002
0.00532086
0.00573057
0.000742082
0.00461333
0.000671129
0.00552311
0.000626617
0.006289
0.00427961
0.0151018
0.000960132
0.00581342
0.01132
0.000456063
0.00354984
0.000828835
0.00022437
0.000440903
0.000492519
0.0082566
0.00177107
0.00155962
0.000897669
0.000707374
0.00101666
0.00209236
0.00275411
0.00500307
0.00205332
0.00343227
0.00548578
0.0025888
0.00814453
0.00394689
0.00318295
0.00194483
0.00142051
0.00140832
0.0012477
0.000753823
0.0124643
0.0020269
0.0120354
0.000461949
0.00409502
0.00517129
0.000743975
0.00104142
0.000634127
0.00131234
0.00156713
0.00233755
0.00412678
0.00218622
0.00581309
0.00123301
0.00101114
0.00799117
0.000259072
0.00071014
0.0131109
0.00124555
0.00360636
0.00380833
0.0007089
0.00356692
0.00391221
0.00189348
0.0016421
0.00349192
0.00335674
0.0104706
0.00227773
0.00291583
0.000575334
0.00366072
0.00128615
0.000902877
0.0133902
0.00121504
0.0143771
0.00515729
0.0125617
0.00184072
0.00144811
0.00939866
0.0079807
0.000725991
0.0019806
0.0115438
0.000877823
0.0135502
0.00172614
0.00170744
0.00100374
0.00214853
0.00141385
0.000457734
0.000748088
0.00044438
0.000757921
0.00198418
0.00193195
0.000661809
0.000622105
0.000420611
0.000254569
0.000413081
0.00196494
0.000552493
0.00054646
0.000486115
0.00116843
0.000338733
0.0007808
0.000563954
0.00189536
0.00075201
0.00122761
0.000661652
0.00154605
0.000727024
0.00367008
0.00116367
0.0011171
0.000428371
0.00085302
0.00166368
0.00147874
0.00171806
0.000902478
0.000858511
0.000914643
0.000561826
0.000328072
0.000586668
0.00100941
0.000829632
0.00210731
0.00106192
0.000838371
0.00167583
0.00202132
0.000665953
0.00572752
0.0124844
0.00193381
0.000744854
0.000857689
0.00244013
0.00162317
0.00140768
0.0016919
0.00199735
0.00405009
0.00353348
0.00573314
0.000856358
0.00222626
0.00836602
0.00367886
0.00232805
0.00657533
0.000672555
0.00184663
0.00122883
0.00246172
0.000911296
0.000799697
0.00134489
0.00368967
0.00294822
0.01037
0.0130167
0.00201721
0.00090935
0.000547095
0.000572804
0.00755022
0.00222985
0.00148074
0.00141723
0.00228772
0.00170191
0.0082678
0.00113575
0.00095327
0.000668182
0.000693056
0.0119823
0.000591478
0.000809637
0.0203756
0.000905552
0.000880911
0.00383582
0.00112147
0.00247681
0.00232879
0.00147186
0.000742497
0.00119009
0.00127393
0.0111009
0.00366548
0.000815236
0.002921
0.00262543
0.00112583
0.00243793
0.00523609
0.00086823
0.00197048
0.00218537
0.000942323
0.00161102
0.0012003
0.000452046
0.00322233
0.00410323
0.00159258
0.00473473
0.00527781
0.00238967
0.00301266
0.00534017
0.00828006
0.00178965
0.00121643
0.00192349
0.00220038
0.00077098
0.00316638
0.0021933
0.00111879
0.00252552
0.00098562
0.000403891
0.000981193
0.000362915
0.00298265
0.000816547
0.0030905
0.00137453
0.00420445
0.00252049
0.00222166
0.00108981
0.00278733
0.00222422
0.00164464
0.000782847
0.000903096
0.00503249
0.0153701
0.00464153
0.00425728
0.00554982
0.00138822
0.00484269
0.0116247
0.00154559
0.00192851
0.00102053
0.0011869
0.00111091
0.00187663
0.00179885
0.00082205
0.000840451
0.00150379
0.00137804
0.000520783
0.000511923
0.000359817
0.000361776
0.000914209
0.000553186
0.000680605
0.00231844
0.00106531
0.00045717
0.000609718
0.00171758
0.00128171
0.00226391
0.00155773
0.00202129
0.00248229
0.00148859
0.00123923
0.000725334
0.00254286
0.000430986
0.00190364
0.00085412
0.000565092
0.00569413
0.00253501
0.00291645
0.00125894
0.000977961
0.00335576
0.00178064
0.00156625
0.00129631
0.00108561
0.00237751
0.000487566
0.00367002
0.0026579
0.0064336
0.00304983
0.00169012
0.00153937
0.00175173
0.00100786
0.00541907
0.00223452
0.00074998
0.00178491
0.00141826
0.00149711
0.00668185
0.00216537
0.00214748
0.000718257
0.000680119
0.00166855
0.000478482
0.00103182
0.00051683
0.000503269
0.000487472
0.00101931
0.00122157
0.00147325
0.000964039
0.0010933
0.01365
0.00046366
0.000359002
0.00256121
0.000916716
0.000558527
0.00047098
0.00405806
0.00335712
0.00195001
0.00445815
0.00118624
0.00175923
0.00145546
0.000668329
0.00538807
0.00196826
0.00347492
0.00183792
0.00292369
0.00523753
0.00241693
0.000693715
0.000688118
0.000525468
0.00136815
0.000558374
0.000702127
0.00294043
0.000784098
0.0130822
0.00198784
0.00155666
0.00138998
0.000911474
0.00121321
0.00111361
0.00102547
0.000960576
0.000805364
0.000912656
0.000948322
0.000980091
0.00467224
0.00247446
0.00266967
0.000824551
0.00255245
0.0005623
0.000554121
0.00184959
0.000775778
0.00493391
0.000565193
0.00449919
0.00849361
0.0033625
0.00724832
0.000846879
0.000646223
0.000602711
0.00235368
0.00152569
0.00395448
0.0101267
0.0176359
0.00533436
0.000833516
0.000172346
0.0133568
0.00447391
0.0023499
0.00173195
0.00310671
0.0189762
0.0154853
0.000933443
0.000620455
0.000848344
0.0009825
0.000671982
0.00153114
0.00533906
0.00344826
0.000861247
0.00109538
0.00275078
0.000735259
0.000606934
0.00437177
0.00411134
0.0101054
0.000840339
0.00126719
0.00096336
0.00239625
0.00140131
0.00233326
0.0177558
0.0180518
0.000728554
0.00163978
0.0147114
0.000663207
0.000751918
0.0010967
0.0048942
0.000761795
0.00814493
0.0011685
0.00700595
0.000636053
0.00155885
0.0022213
0.00380206
0.000630467
0.000804852
0.0136478
0.000555557
0.000676911
0.0149729
0.00646302
0.00453212
0.000704253
0.00100806
0.00213952
0.000493455
0.000605567
0.000973362
0.000292022
0.0095171
0.00244379
0.00320235
0.00128803
0.000785275
0.00294959
0.00394863
0.00205291
0.00064773
0.00221244
0.000458634
0.00598637
0.00113909
0.00130321
0.000754795
0.0144617
0.00127799
0.000400536
0.0136076
0.00122176
0.000403444
0.00081906
0.000791275
0.00108135
0.000979888
0.000544701
0.000457329
0.00989418
0.0179274
0.000522055
0.00329111
0.00226238
0.00646777
0.000878387
0.000729509
0.0052182
0.000229251
0.000844439
0.00164097
0.00284195
0.00147933
0.00133259
0.0015041
0.000858999
0.0174045
0.00375947
0.00139144
0.00351579
0.00489227
0.00242008
0.00775667
0.00744623
0.00339421
0.00136319
0.00113045
0.00444613
0.00226136
0.0048338
0.000791867
0.00085029
0.000685369
0.0053736
0.00246461
0.003213
0.000770572
0.000831123
0.000744008
0.00215785
0.000824508
0.00177346
0.00259824
0.0056251
0.000803929
0.00283535
0.00352433
0.000499385
0.000113631
0.00503193
0.0190013
0.0210071
0.012512
0.000699104
0.000837233
0.00076279
0.00214309
0.0010399
0.000864851
0.00161615
0.000288799
0.00329417
0.00409247
0.00547492
0.000416181
0.000726386
0.00323053
0.0109599
0.00611219
0.00102574
0.000676401
0.000738263
0.000249363
0.000560037
0.000689929
0.00074836
0.0039863
0.000808955
0.00195205
0.0154479
0.00101014
0.000836104
0.00395867
0.00238111
0.00279708
0.00539465
0.00236613
0.00101076
0.00214814
0.000606242
0.000356999
0.00101691
0.00247299
0.000588098
0.000681725
0.00300367
0.0147767
0.00238453
0.00202129
0.00532972
0.000891719
0.000543579
0.000944901
0.00100351
0.00057676
0.00298881
0.00563763
0.00549304
0.00240966
0.00275562
0.00200217
0.00111239
0.0121943
0.00144979
0.00149912
0.00278095
0.00590336
0.00122462
0.0128426
0.000750086
0.000538125
0.00507004
0.00232134
0.00193683
0.0107132
0.0027556
0.00404332
0.002412
0.00181422
0.000602559
0.00639141
0.00823629
0.00382906
0.00318496
0.0018722
0.0019314
0.00618196
0.000286378
0.000806024
0.000769526
0.000371601
0.000652314
0.000275466
0.000937732
0.00930414
0.003283
0.00252491
0.00097999
0.00246525
0.00690379
0.00109534
0.00781011
0.00349679
0.00318946
0.00444702
0.000775147
0.000733326
0.016324
0.00307404
0.00608427
0.00757248
0.0042351
0.00305517
0.00245579
0.0191169
0.00113027
0.000799176
0.000818435
0.00802373
0.000954397
0.00281668
0.00292087
0.00645917
0.00221744
0.00201218
0.00254942
0.00618839
0.00451664
0.00205008
0.00341032
0.00459318
0.000250242
0.000259269
0.000247709
0.000491036
0.00488951
0.00239159
0.0045917
0.000666738
0.000802834
0.000730765
0.00083992
0.00204397
0.000600749
0.00252406
0.00522003
0.000755654
0.0059851
0.00270853
0.000708463
0.000985571
0.0194852
0.00494052
0.00297155
0.00590628
0.00590547
0.00266176
0.00343947
0.00109115
0.00405947
0.00217596
0.00456442
0.0073664
0.00240479
0.00329883
0.0007608
0.000694533
0.000806526
0.0146702
0.00049281
0.00635087
0.0155151
0.000714906
0.000615416
0.00062101
0.00511162
0.00254434
0.00658421
0.0052716
0.00247374
0.0045753
0.00570639
0.00699049
0.00404719
0.00103091
0.00267884
0.000571874
0.00262033
0.000770485
0.00374526
0.000862941
0.00550337
0.0052189
0.00108721
0.000680445
0.00223385
0.00631345
0.00558912
0.00304315
0.00883419
0.00336108
0.000910636
0.000996464
0.00106639
0.0102314
0.00139363
0.00247596
0.00303245
0.00804542
0.000472286
0.000514825
0.00102501
0.00134988
0.0143299
0.00121129
0.000768492
0.00222231
0.00193092
0.00134985
0.00234044
0.00478227
0.00474686
0.000771299
0.00233608
0.00759392
0.00156137
0.00404215
0.0170357
0.00024841
0.000146349
0.000357908
0.00045883
0.00460992
0.00550229
0.000874995
0.00131179
0.000877536
0.000712792
0.000839181
0.0213055
0.00265308
0.00583288
0.00170287
0.00231371
0.00352611
0.00294981
0.0133403
0.00443518
0.00150466
0.000663057
0.000753564
0.0102648
0.000835364
0.00280876
0.00763771
0.00372549
0.00449151
0.00396226
0.00166017
0.010895
0.00397763
0.000772988
0.0030366
0.000589704
0.00432135
0.00212266
0.00227911
0.00330438
0.000808584
0.000752606
0.000615677
0.00441133
0.00384311
0.000893541
0.00075429
0.00240483
0.00110231
0.00391212
0.000692135
0.000799225
0.00269506
0.00175105
0.00294371
0.00598697
0.00396378
0.00623676
0.0100945
0.000724745
0.000623965
0.00443847
0.00104003
0.00103584
0.000571251
0.000593541
0.00207478
0.000437899
0.000790039
0.000950947
0.00727058
0.00351455
0.00415384
0.000845839
0.00305893
0.00560667
0.0176499
0.00205662
0.00330346
0.000784671
0.000766934
0.016623
0.00104533
0.00302723
0.000839758
0.00136271
0.0010136
0.00152492
0.000217695
0.00196384
0.00125765
0.000538189
0.0004141
0.000359462
0.000199528
0.000231276
0.000659602
0.0154536
0.012867
0.00321174
0.00183054
0.00279678
0.01091
0.000750179
0.000487198
0.00052296
0.00565947
0.00101983
0.019003
0.00612533
0.00227146
0.000785593
0.00744719
0.00158667
0.000597414
0.000775468
0.0212619
0.00573862
0.000834162
0.00106303
0.000877966
0.00354655
0.00169364
0.0129513
0.000776476
0.000523861
0.000538193
0.000638481
0.000567579
0.00205291
0.00157954
0.000824201
0.000459872
0.000818711
0.000789274
0.00914411
0.000782497
0.00149513
0.00101326
0.00162359
0.000831594
0.000902723
0.00114134
0.00108009
0.000651646
0.000942142
0.000756536
0.00113848
0.000806499
0.00181965
0.0047683
0.000910251
0.000833687
0.00269919
0.00143632
0.00083022
0.00204419
0.000776637
0.0200584
0.00210661
0.00090046
0.000825728
0.000874869
0.015144
0.000965106
0.00255042
0.00259394
0.00536865
0.000764973
0.000872453
0.000863128
0.000722414
0.000827969
0.00120741
0.00181225
0.00168909
0.00149543
0.00016952
0.00220623
0.00144264
0.00105813
0.00108202
0.0015775
0.000472442
0.000767787
0.000601457
0.00107463
0.000746693
0.0142833
0.000796121
0.00621512
0.000789932
0.00078319
0.000736276
0.00091202
0.000778851
0.000701631
0.00794099
0.0147982
0.00429797
0.000553286
0.000826685
0.00282177
0.00102259
0.00129876
0.0012655
0.00239444
0.00508563
0.0011286
0.00682118
0.000492022
0.000841452
0.00606178
0.000799409
0.0154652
0.000723029
0.000551496
0.00305368
0.00774516
0.000677946
0.00325647
0.000623432
0.000542328
0.000727955
0.00058663
0.000824744
0.000743039
0.000830364
0.00085388
0.000734735
0.000973738
0.000864457
0.000972767
0.00424797
0.000970094
0.000723077
0.00549282
0.00247376
0.000774656
0.000684933
0.00742436
0.00266417
0.00671381
0.00903662
0.00092515
0.001149
0.000318084
0.0160962
0.00194674
0.00431156
0.00195687
0.0187207
0.00245908
0.000199524
0.0010936
0.000413613
0.000613402
0.00218329
0.000370209
0.0011297
0.00110329
0.000259958
0.00108158
0.000171863
0.000222536
0.000564575
0.00067637
0.00062286
0.00636974
0.00377705
0.006004
0.000391317
0.00131113
0.00125703
0.000496966
0.000737158
0.000789542
0.00817751
0.000808391
0.0034756
0.00103091
0.000746447
0.000989747
0.0208042
0.0127214
0.000566869
0.00450579
0.00731005
0.00477568
0.0073846
0.000744632
0.0068391
0.00508301
0.00308183
0.00093536
0.00963015
0.000726267
0.000726364
0.00128005
0.00140208
0.00114702
0.000892277
0.0134313
0.00107062
0.000890311
0.00331217
0.00471415
0.00481684
0.000764963
0.000625386
0.00108193
0.000875266
0.00117734
0.000772337
0.015639
0.00126448
0.00598011
0.00257262
0.00580299
0.00145966
0.00149565
0.00260021
0.0025588
0.00102162
0.00102774
0.000582804
0.00117348
0.000795298
0.0200753
0.000879895
0.000834781
0.000754794
0.000903752
0.000832262
0.000776242
0.000868158
0.000748402
0.00302706
0.00101001
0.0130287
0.000730718
0.000744773
0.000645766
0.000709348
0.00170837
0.0103537
0.00169911
0.000918048
0.000660819
0.000768399
0.00278468
0.000781438
0.000704944
0.00087696
0.000752876
0.000843676
0.00100404
0.000614535
0.00723698
0.000565065
0.0125661
0.000841862
0.00131189
0.000672361
0.000427618
0.000697033
0.00332051
0.00115517
0.000738516
0.000749313
0.000729189
0.00103212
0.00160201
0.00117019
0.0017398
0.000814849
0.00160349
0.00131264
0.00443973
0.00602009
0.00352815
0.000828432
0.000177012
0.0074816
0.00131793
0.00602357
0.00668636
0.000476604
0.000854901
0.0011011
0.00307939
0.000243478
0.0146327
0.00602921
0.00111153
0.0107459
0.00533498
0.00127469
0.000501491
0.00735745
0.0197115
0.00956893
0.00128996
0.0014987
0.00166731
0.00286226
0.000835891
0.000618684
0.00053084
0.000783535
0.00277217
0.00181931
0.000378581
0.0069831
0.00118107
0.000512547
0.000564888
0.00402099
0.0143859
0.0011751
0.00258843
0.00577518
0.00892614
0.0154058
0.00235849
0.00219235
0.000794797
0.00536608
0.00206897
0.00737522
0.0055429
0.00231654
0.00398964
0.00556802
0.0108352
0.0045787
0.0160163
0.00328851
0.00155415
0.00120248
0.0175125
0.00190725
0.00397164
0.00486463
0.00352699
0.00294579
0.00734674
0.00761752
0.00687618
0.0152297
0.00171061
0.000383126
0.000806457
0.00740439
0.000833235
0.00405715
0.00174122
0.000830843
0.00426541
0.00350493
0.00707219
0.00061635
0.00988286
0.00190624
0.00278413
0.0031456
0.00115396
0.0011104
0.00089069
0.0130985
0.00112255
0.000997542
0.000982599
0.0166367
0.000857731
0.00145856
0.00788138
0.00811044
0.00236166
0.00184242
0.0122802
0.00140784
0.000785972
0.000140071
0.0070394
0.00374735
0.008232
0.00668662
0.000870216
0.00091923
0.00556181
0.00585173
0.000952526
0.00152012
0.00133094
0.00152199
0.00110339
0.00586927
0.00186141
0.00253157
0.00575367
0.00149944
0.00669447
0.00105451
0.00114774
0.00111385
0.00151885
0.00248105
0.000942278
0.00104747
0.00151024
0.0012512
0.000340898
0.00189998
0.000653952
0.000822381
0.00797777
0.00277368
0.00546106
0.0012887
0.00535835
0.00517579
0.006435
0.000936385
0.00233093
0.00178171
0.00110346
0.000246663
0.000185742
0.00021651
0.0174578
0.000826276
0.00264562
0.00199936
0.00390934
0.00378878
0.00160287
0.000275065
0.000283638
0.000298768
0.000440454
0.000361759
0.000373616
0.000213637
0.00035248
0.000327647
0.000571641
0.000347782
0.000435547
0.000311192
0.000233386
0.000253844
0.000439269
0.000465939
0.000259866
0.000283539
0.000243074
0.000399236
0.000204929
0.000245802
0.000165318
0.000800923
0.000309036
0.000403458
0.000171366
0.000356673
0.000308915
0.000433775
0.00043946
0.00033437
0.000164999
0.000224005
0.000408549
0.000253755
0.000262919
0.00038484
0.000506801
0.000252876
0.000268508
0.000424927
0.000424461
0.00205401
0.00174285
0.0116818
0.000953011
0.00727361
0.00295526
0.00553002
0.0136439
0.00143379
0.000828603
0.000842851
0.00169386
0.00255034
0.00563434
0.0182368
0.0171698
0.00569551
0.00237197
0.00111845
0.000956671
0.00121539
0.00143422
0.000222045
0.00506575
0.00177815
0.00465295
0.00205633
0.00668556
0.00482487
0.00323689
0.00519776
0.0120292
0.00657326
0.0184003
0.00243238
0.00234459
0.00335971
0.000759052
0.0156928
0.000973112
0.00151003
0.00826773
0.00234592
0.00414094
0.00425086
0.00165897
0.00140545
0.000841906
0.000848842
0.0166215
0.00213378
0.00041498
0.00026351
0.0079486
0.0150262
0.000228338
0.0036221
0.00704938
0.000417535
0.000300309
0.000214667
0.000267987
0.000471667
0.000293585
0.000514437
0.000341653
0.000316525
0.000415762
0.000513555
0.000435087
0.000250248
0.000431907
0.000242992
0.000271267
0.00042336
0.000244542
0.000235405
0.000217844
0.000202048
0.000293794
0.000261229
0.00350478
0.00270577
0.000431315
0.000882201
0.00849376
0.000848691
0.0104914
0.000743485
0.0029221
0.0139865
0.00350353
0.00286784
0.0150293
0.0063217
0.000216551
0.0150158
0.00206258
0.00116523
0.0208959
0.00506105
0.0139007
0.000541973
0.0141529
0.00171126
0.00105333
0.0137632
0.000897879
0.00361878
0.00190815
0.0010332
0.00112875
0.00600235
0.000750887
0.00932678
0.0169119
0.00188572
0.00762467
0.000604845
0.010787
0.00184746
0.00173542
0.000716532
0.00574514
0.00119566
0.00167915
0.00472013
0.00100718
0.00747562
0.000834636
0.00293748
0.000640846
0.00746021
0.00739668
0.0214344
0.000164023
0.000771846
0.00102053
0.00763264
0.00287928
0.000316041
0.000633024
0.00636933
0.00430402
0.0136601
0.000832667
0.00151393
0.00211748
0.00101461
0.00357911
0.000846249
0.007582
0.000626414
0.000167174
0.00021771
0.00990146
0.00667498
0.000790017
0.00440628
0.00507089
0.0026704
0.0139505
0.0179548
0.0116885
0.0142556
0.014207
0.00100381
0.00814971
0.000739743
0.00204901
0.00197498
0.00704426
0.000722873
0.000869269
0.00113747
0.0154656
0.000668058
0.00149367
0.00172615
0.00257664
0.00306356
0.00975469
0.0145352
0.00947485
0.00373641
0.000830424
0.0147786
0.000530371
0.00209089
0.00200332
0.00121151
0.0110987
0.0160386
0.0032594
0.0148159
0.00285332
0.00815525
0.00144195
0.00115265
0.00210442
0.00277308
0.00100682
0.00170476
0.00187363
0.0126935
0.00103491
0.00170922
0.00389806
0.00364639
0.00144037
0.00538873
0.00154361
0.0141564
0.00537756
0.00690661
0.00433471
0.00161205
0.00115132
0.00225806
0.00361485
0.00157493
0.00166737
0.00273758
0.0150014
0.0147186
0.0102665
0.0106243
0.0145717
0.0107524
0.0145606
0.000718679
0.0146067
0.0148005
0.0112192
0.0118345
0.0151231
0.0112251
0.0144524
0.0152753
0.0147359
0.0016814
0.00165014
0.00165205
0.0139941
0.00125905
0.00151985
0.00124941
0.00111992
0.000199096
0.00022874
0.00638387
0.0130431
0.00656366
0.00219787
0.00256032
0.00848951
0.0126942
0.00721405
0.00291703
0.00104901
0.00114425
0.00116266
0.00284609
0.00897458
0.0023332
0.00148141
0.00183526
0.00555288
0.00430249
0.00341075
0.00146777
0.00646648
0.00186476
0.000595396
0.00362488
0.000284901
0.00610314
0.00119013
0.00145934
0.00110467
0.00143657
0.00269503
0.00277897
0.00251361
0.00438132
0.00466491
0.00110148
0.00294862
0.0114962
0.00278104
0.00271822
0.00305464
0.00419569
0.00966669
0.00146858
0.00214858
0.00966656
0.00486466
0.00302753
0.00267128
0.0010845
0.00316338
0.0108042
0.00333887
0.00209837
0.00246113
0.00215101
0.00562917
0.00114066
0.0162446
0.00264918
0.0010545
0.00150631
0.00222943
0.00514144
0.0010422
0.00120019
0.00306133
0.00572624
0.00211352
0.0156095
0.00975019
0.00189349
0.010543
0.00189434
0.00183669
0.00276326
0.00121201
0.0029188
0.00116045
0.0150092
0.00312136
0.0020469
0.00145662
0.00794333
0.014325
0.00152783
0.00147678
0.00612359
0.00596015
0.00300482
0.00220265
0.00141048
0.00121762
0.00671003
0.00618162
0.00528865
0.0137607
0.0138299
0.00152053
0.00478688
0.000542025
0.00169977
0.00446527
0.00168535
0.00116793
0.0017133
0.00132625
0.00267305
0.00145625
0.00488455
0.000517744
0.00601851
0.00390441
0.00126268
0.00451035
0.00240316
0.00720557
0.00112876
0.00211958
0.00132789
0.00840195
0.00713778
0.00187905
0.00249608
0.0018785
0.00151835
0.00125608
0.00376147
0.0032051
0.00608355
0.00653999
0.00037405
0.000767406
0.000745581
0.00537688
0.000995437
0.00135081
0.00630519
0.00701593
0.00484201
0.00148297
0.00141351
0.00634056
0.00454667
0.00629491
0.0011804
0.00713804
0.00619815
0.00578589
0.000346866
0.00593745
0.00894294
0.0138412
0.00450548
0.00889247
0.00635842
0.00336162
0.00521202
0.00827274
0.000860896
0.0029382
0.00762807
0.00510709
0.00580706
0.0065433
0.00603807
0.0091634
0.00063115
0.00325665
0.00444457
0.00753962
0.00230675
0.00249312
0.00916627
0.0083215
0.00706593
0.00178476
0.00377176
0.00504366
0.000840161
0.00889551
0.00136876
0.00837605
0.00148192
0.00251611
0.00136192
0.000417079
0.0059358
0.00142117
0.00662368
0.0013842
0.00123977
0.0075467
0.00530987
0.00382569
0.00561542
0.00295509
0.00180015
0.00113674
0.00395929
0.000641996
0.00180142
0.00177994
0.00217995
0.000532448
0.00404397
0.000476995
0.0135888
0.00127801
0.0021175
0.00157366
0.00181279
0.0015573
0.00228895
0.00142499
0.00156631
0.00524279
0.00152598
0.00187322
0.00143853
0.00660422
0.00198548
0.00143879
0.00176093
0.00540442
0.00477282
0.00163405
0.00546263
0.00291409
0.0012503
0.00277727
0.000819745
0.0130265
0.000865982
0.00209962
0.00162951
0.0102508
0.000867072
0.00214873
0.00208807
0.00884225
0.00143662
0.00157446
0.00896558
0.00223569
0.00127471
0.00167289
0.00144484
0.000826995
0.00118123
0.00584719
0.00254758
0.00192451
0.0127432
0.0142328
0.000960459
0.000738695
0.00141572
0.00173803
0.00637642
0.00112761
0.00357656
0.00388451
0.00184474
0.00127496
0.00724675
0.00205465
0.00501286
0.00535644
0.00134596
0.00107646
0.00151438
0.00407514
0.00107787
0.0017941
0.00177955
0.0116892
0.00601558
0.00561765
0.0109709
0.00197402
0.00129739
0.00550065
0.009136
0.0016413
0.00862937
0.00210233
0.00119373
0.00178243
0.00514612
0.00651
0.00127392
0.00623792
0.00254753
0.00250229
0.00373197
0.00184398
0.00469198
0.000392136
0.00209566
0.00222764
0.0138994
0.000986454
0.00108503
0.00824667
0.000799608
0.000824429
0.011766
0.000420236
0.00209722
0.00102152
0.00155397
0.0017422
0.00820265
0.00394443
0.0069222
0.00599096
0.00282911
0.00316501
0.00113639
0.00771052
0.00514297
0.000281163
0.000288014
0.000547209
0.000797647
0.000781185
0.0107252
0.00221948
0.00101359
0.00157251
0.00355207
0.00469877
0.00159433
0.000278403
0.0112733
0.00991666
0.00197007
0.000626308
0.0029951
0.00249885
0.0064937
0.000446271
0.00256993
0.0120294
0.000998766
0.00154358
0.00189176
0.0091475
0.00546127
0.00122451
0.00195925
0.0108543
0.00394497
0.00230522
0.00160139
0.00174194
0.000621231
0.000837183
0.00497462
0.00532798
0.00569585
0.00608293
0.0124066
0.00543933
0.00196975
0.00174333
0.0016826
0.0139991
0.0125349
0.0137378
0.0124975
0.0105165
0.00626563
0.00370896
0.00424737
0.0028273
0.00147843
0.00940175
0.0116682
0.0113471
0.0023991
0.0128692
0.00630041
0.00639274
0.00561141
0.000615927
0.00615109
0.00214873
0.000969522
0.00163547
0.00300188
0.00311276
0.00250586
0.00576952
0.00771254
0.00123904
0.0139523
0.00673273
0.0086008
0.00510162
0.00198913
0.00122333
0.00100847
0.00112948
0.000702432
0.000805617
0.000743614
0.00948811
0.00218768
0.000792301
0.00142078
0.00338203
0.00515009
0.00511181
0.00233683
0.00617049
0.00330221
0.00232528
0.00754993
0.00428151
0.00135414
0.0019708
0.00167763
0.000275577
0.00256169
0.000596483
0.0014352
0.0143656
0.000991959
0.001463
0.00170181
0.00580212
0.0011942
0.00446356
0.00901926
0.00195789
0.00171256
0.00514034
0.00520495
0.0041924
0.0070686
0.00165578
0.0112674
0.0038352
0.00711911
0.0140644
0.0088707
0.00238627
0.0036123
0.00113667
0.00752696
0.00928091
0.00321639
0.00162417
0.000807457
0.000739588
0.00110028
0.00234107
0.0072626
0.000985611
0.000853897
0.00780847
0.00664024
0.00617414
0.00335565
0.0012985
0.00762376
0.0079047
0.00184985
0.00165123
0.00333052
0.00500895
0.0150276
0.00575101
0.0122729
0.00156511
0.00671663
0.00211159
0.00652598
0.0112026
0.0022776
0.00333343
0.00236766
0.00516222
0.00509013
0.00181087
0.000263477
0.000224761
0.00841414
0.00624522
0.00852624
0.0047149
0.0102175
0.0079589
0.00079566
0.00465831
0.00862212
0.00349808
0.00446213
0.00735326
0.00786198
0.00211129
0.000933847
0.001467
0.0120854
0.00156967
0.0109793
0.00212023
0.000700626
0.0108458
0.00161519
0.00171295
0.0094295
0.0146002
0.0130758
0.0148354
0.000389597
0.00107886
0.00477938
0.00817157
0.0136066
0.0136721
0.00256673
0.00857534
0.00247224
0.00127928
0.00355337
0.00258303
0.00989332
0.00584022
0.0145316
0.00362774
0.00139249
0.0079183
0.00398682
0.00475036
0.00186278
0.00350299
0.00817883
0.00127634
0.00227976
0.00613967
0.00757103
0.0116819
0.00185932
0.00251851
0.0122692
0.00103985
0.000757697
0.00181103
0.00899266
0.00933066
0.00530069
0.00337347
0.00111268
0.00113475
0.00652174
0.00161207
0.0077053
0.00850656
0.00384117
0.00616245
0.00248961
0.00364619
0.00914395
0.0131341
0.00650823
0.00169685
0.00252386
0.00182914
0.00117414
0.00405902
0.00116364
0.00247554
0.0144662
0.0132614
0.0145789
0.00915264
0.0125347
0.00196626
0.00551183
0.00149805
0.0106083
0.0198699
0.0134556
0.00889759
0.000740599
0.00195762
0.0090833
0.0111273
0.00751427
0.00594491
0.00245355
0.00535509
0.00202832
0.00281146
0.00120779
0.000312115
0.0133757
0.00129128
0.0077534
0.000870175
0.00786927
0.00572446
0.00239974
0.00650341
0.00814406
0.00115367
0.00764515
0.0130674
0.00280257
0.000495159
0.0111758
0.00642609
0.00571191
0.0023171
0.000750749
0.00081672
0.00365631
0.0156355
0.0116218
0.00313108
0.00695829
0.0111402
0.000923072
0.00460274
0.00542569
0.00429343
0.000715193
0.0029892
0.011629
0.00413151
0.00597294
0.00564188
0.0156018
0.00613262
0.00100285
0.00124853
0.000997275
0.00317789
0.000797649
0.00649159
0.00331597
0.0106033
0.00127102
0.00140945
0.000921524
0.0125291
0.00623611
0.0140795
0.00411047
0.000989674
0.00348025
0.00585261
0.00470637
0.000820659
0.0115586
0.00261212
0.00148074
0.00164812
0.0007898
0.0135761
0.000965281
0.015707
0.00895183
0.000899967
0.00904684
0.000794867
0.0147967
0.00990234
0.00133888
0.00209304
0.00267942
0.0155141
0.000848175
0.000779909
0.00076978
0.00357769
0.000749068
0.00130288
0.00936722
0.00533368
0.00767513
0.00424103
0.00661969
0.00101989
0.014298
0.00836181
0.00211636
0.000739408
0.0042789
0.00814051
0.000232235
0.000187415
0.00025419
0.0149821
0.00213084
0.0158803
0.00489089
0.00493696
0.00981094
0.0132498
0.00202773
0.00318163
0.00666517
0.00498299
0.00243082
0.00457946
0.00111518
0.0103326
0.00145315
0.00213203
0.000847117
0.00144163
0.0026576
0.00233463
0.00489691
0.00306875
0.00222885
0.0152382
0.00643275
0.00710984
0.00777901
0.00167276
0.00114965
0.00347101
0.00194443
0.013063
0.00576586
0.0132216
0.00858032
0.00188443
0.00095827
0.00133857
0.00351209
0.00128072
0.00817842
0.00203043
0.00114792
0.00259638
0.00959919
0.00360928
0.0145227
0.000844307
0.0100753
0.0032975
0.00303849
0.00169108
0.00594337
0.00579517
0.00267515
0.00143614
0.00505166
0.00615964
0.00163279
0.00212199
0.0149051
0.0110501
0.0061208
0.00667522
0.00606931
0.0190408
0.0141554
0.00169339
0.0023457
0.00361919
0.00189815
0.00386317
0.0132152
0.013421
0.00074441
0.00903155
0.00188384
0.00253677
0.00189632
0.0039438
0.00394084
0.00405091
0.000511456
0.00760376
0.00742361
0.00194074
0.00231163
0.00351901
0.00593602
0.00353614
0.00264734
0.000582746
0.00252525
0.0123523
0.00783807
0.00393356
0.00222251
0.00639184
0.000940476
0.00111034
0.00110329
0.00113967
0.00113885
0.00179585
0.00126454
0.00181366
0.0161497
0.00062793
0.00145577
0.00115938
0.00093236
0.00653611
0.00173387
0.000774961
0.00109001
0.00485318
0.0024262
0.00141361
0.00116267
0.000989067
0.00144448
0.000907258
0.00128319
0.00857857
0.00537252
0.000804276
0.0059684
0.00142497
0.00360666
0.0113725
0.00576225
0.00783678
0.000907468
0.00125821
0.000159933
0.000320243
0.00209749
0.0149544
0.00212131
0.0158962
0.00504424
0.00181408
0.00725322
0.00178149
0.000805128
0.00304004
0.00489502
0.00622065
0.008027
0.00197038
0.000884675
0.00125519
0.000732966
0.00124787
0.0128026
0.00185207
0.00275591
0.00721618
0.000490832
0.0066201
0.00297084
0.00108669
0.00235098
0.010455
0.012905
0.0138276
0.0111364
0.00110634
0.000885027
0.00503211
0.012653
0.00702946
0.0084624
0.00386182
0.0074742
0.00118406
0.000806276
0.000805976
0.00851271
0.0066854
0.00186359
0.0018946
0.000821574
0.00180453
0.00717541
0.00173858
0.0029438
0.00750227
0.0139538
0.0139813
0.0011483
0.0145156
0.00121753
0.0138868
0.0050921
0.00587454
0.00186783
0.00460891
0.0014904
0.00711222
0.0136937
0.0122285
0.00123778
0.00109686
0.000900809
0.00114743
0.000681216
0.00118212
0.00216671
0.00363794
0.00762886
0.00641756
0.00237955
0.000803991
0.0139303
0.000766125
0.00112702
0.00646391
0.0149665
0.00650018
0.00243011
0.00842256
0.00581152
0.000820278
0.000841074
0.00471172
0.00247066
0.0122357
0.000920977
0.00826467
0.00662586
0.00128265
0.00650731
0.000976992
0.00126726
0.000711825
0.000547546
0.000290896
0.000959856
0.000923438
0.00102418
0.000827462
0.000204968
0.000168688
0.000248725
0.0158726
0.0156971
0.000848072
0.00884374
0.00331225
0.00699975
0.00820757
0.00631441
0.00481192
0.0136071
0.0106178
0.00423013
0.00430292
0.00408275
0.00963863
0.0026089
0.000999824
0.000949321
0.00151415
0.00122731
0.00100422
0.00082185
0.0102188
0.00333149
0.000197454
0.000943268
0.000928472
0.00612845
0.000796584
0.00561775
0.00126294
0.0022113
0.00325509
0.000756569
0.00134775
0.000987641
0.00152542
0.00117112
0.00662858
0.00104492
0.0107883
0.00163932
0.00126417
0.0208075
0.00302173
0.00455177
0.0137878
0.000203938
0.000419678
0.00073588
0.00057328
0.000637144
0.00110878
0.000828358
0.00104845
0.00237278
0.00171684
0.00627952
0.00125398
0.00601963
0.00169016
0.0102976
0.00061895
0.00193755
0.000924419
0.00730303
0.00368712
0.00282355
0.0135538
0.011215
0.00121543
0.00190417
0.00675087
0.0105927
0.0106507
0.00420127
0.00309959
0.0022934
0.00244326
0.0065107
0.0157048
0.0132823
0.00599456
0.000764207
0.0118665
0.00170786
0.0102129
0.00758439
0.00227327
0.000967834
0.00147836
0.0147541
0.000792171
0.000665988
0.00399859
0.00180324
0.00143363
0.00251841
0.00877758
0.00470779
0.0118801
0.00588114
0.00895252
0.00168288
0.00108461
0.00111104
0.000182544
0.000305954
0.000184082
0.00645917
0.00109699
0.00776206
0.0107407
0.00463218
0.0106068
0.0153163
0.000824359
0.00072209
0.00166189
0.0064853
0.00555415
0.0203778
0.000912014
0.0111938
0.00155836
0.00107839
0.00121934
0.0132647
0.000763099
0.00131354
0.0007358
0.000542807
0.00196791
0.0133889
0.00317161
0.00135934
0.00137914
0.0013315
0.011362
0.00394706
0.00111773
0.00731507
0.00670291
0.000850247
0.00291501
0.0151848
0.00237862
0.0094031
0.000702981
0.00573505
0.00232146
0.00488134
0.000914421
0.00403975
0.00433825
0.00222496
0.00887067
0.00283764
0.0135691
0.00258355
0.000875763
0.00200746
0.00155677
0.00254291
0.00905956
0.0058662
0.00739462
0.000965595
0.00127712
0.0151028
0.0120038
0.000635542
0.00170395
0.00503866
0.00118594
0.00251612
0.000792611
0.015018
0.00698939
0.0132023
0.00546711
0.00174976
0.00473795
0.00787742
0.00640493
0.0007148
0.00112606
0.00326263
0.00577983
0.000725995
0.000662015
0.00184061
0.000644499
0.00172767
0.00121971
0.00630955
0.00686408
0.00488066
0.00655571
0.000838285
0.000803103
0.00898729
0.00336461
0.00799381
0.00122388
0.00247785
0.000139602
0.0155319
0.000130685
0.000626379
0.00169868
0.008813
0.00431925
0.00828695
0.000598858
0.000788685
0.00125925
0.000154481
0.000686616
0.000385325
0.000133627
0.000859745
0.00162636
0.00409826
0.0153707
0.00910583
0.00474277
0.000192662
0.000316258
0.000170723
0.00011119
0.000160316
0.000168105
0.000704146
0.00474433
0.000721045
0.00169568
0.0018225
0.000876061
0.00401092
0.00300237
0.00143764
0.000175382
0.000765641
0.00955983
0.00498927
0.00279332
0.000826635
0.000551426
0.005039
0.000713582
0.000629029
0.00668677
0.00075683
0.00405654
0.00825543
0.000524631
0.000710887
0.000464932
0.0140136
0.00143919
0.00227065
0.00446488
0.0007983
0.00087758
0.00431575
0.000424716
0.000233615
0.000579307
0.00202423
0.00253259
0.000573008
0.0156051
0.00704631
0.000489809
0.00119743
0.005614
0.00363029
0.00780061
0.0143279
0.000691826
0.0112081
0.000722373
0.00157318
0.000581816
0.00147278
0.00251448
0.000222204
0.000682272
0.015366
0.000468526
0.000639673
0.00039351
0.000572786
0.000785682
0.00175003
0.00273047
0.00861576
0.000663522
0.00178903
0.00141217
0.000706914
0.00846785
0.000748529
0.00996224
0.000858719
0.00137206
0.000719436
0.000470171
0.00131525
0.0011911
0.0133131
0.000428944
0.000401891
0.000742475
0.00633738
0.00316582
0.000753922
0.00151999
0.000741182
0.000762649
0.00023031
0.000830256
0.00106524
0.00541695
0.0107005
0.000918928
0.000704505
0.000845058
0.00985482
0.000840703
0.000871673
0.00281993
0.00192704
0.00143716
0.000566565
0.0010721
0.00983043
0.000236969
0.00119595
0.00493123
0.00597019
0.00167695
0.00185335
0.00266656
0.00159582
0.00108919
0.00076747
0.00213437
0.000769864
0.000482239
0.000852785
0.0103114
0.00454467
0.00484349
0.00714397
0.00262601
0.00338806
0.00165185
0.00082476
0.00297195
0.00225001
0.00253649
0.000503457
0.00341307
0.00978569
0.00488602
0.013609
0.00305811
0.00740928
0.00184733
0.000793764
0.00255318
0.000120148
0.000183077
0.0041896
0.000755595
0.00108908
0.0047854
0.0053725
0.00193287
0.00185017
0.00239938
0.00976473
0.0138025
0.0110243
0.000996889
0.00323931
0.000618307
0.00176871
0.000973096
0.00404567
0.015732
0.00223367
0.00128781
0.00443959
0.00811233
0.000703879
0.000231848
0.00264865
0.00787555
0.000777547
0.00332855
0.00935916
0.00305197
0.0010427
0.000751913
0.00256709
0.0132558
0.0017184
0.00330636
0.00436532
0.00324049
0.00116549
0.0104905
0.00398687
0.000984171
0.000755202
0.000657115
0.000640202
0.00049563
0.000776765
0.0165918
0.0093827
0.0003208
0.00817978
0.0132795
0.000448589
0.00857904
0.0026577
0.00958353
0.00126037
0.000770319
0.00373623
0.00533803
0.00369343
0.00303797
0.00824616
0.00650105
0.00299865
0.00508426
0.00157772
0.00167934
0.00238567
0.000975909
0.00363312
0.00712118
0.00254714
0.00219655
0.000217263
0.000204299
0.000772694
0.00111705
0.00682535
0.00414619
0.00215853
0.00679815
0.000706509
0.00172839
0.00117558
0.00101717
0.000779887
0.00460657
0.00211257
0.0150783
0.00108251
0.00892256
0.000634043
0.0011186
0.0121175
0.00770687
0.00528508
0.00521998
0.0012118
0.0113479
0.00500523
0.00139049
0.000846336
0.00232292
0.00287969
0.000771145
0.0112108
0.000880457
0.00074677
0.000939752
0.00834321
0.00659389
0.000508381
0.00630797
0.00020929
0.00149868
0.00279693
0.00646694
0.000847848
0.0156116
0.000834461
0.00403643
0.00501925
0.000704398
0.000638069
0.00082367
0.00165635
0.00644395
0.00391797
0.00477067
0.00316661
0.00373558
0.00080675
0.00386604
0.00369695
0.00707372
0.000710302
0.00106231
0.00129387
0.00148747
0.000238089
0.00016182
0.000808537
0.00347061
0.00724406
0.0029478
0.000770559
0.0174629
0.00641333
0.00618427
0.00335727
0.00185823
0.00205232
0.00108509
0.00675475
0.00304204
0.00557351
0.00179627
0.00206765
0.000512142
0.0130375
0.00521738
0.00428431
0.00099527
0.00168414
0.00285177
0.0012523
0.000589573
0.000629319
0.000203667
0.000485261
0.000828476
0.00390769
0.011202
0.000808521
0.00507752
0.00239118
0.00459256
0.00533379
0.00249063
0.00592758
0.00193637
0.00282784
0.00473639
0.0135746
0.00698265
0.00126043
0.000870835
0.00445729
0.00339242
0.000373592
0.00232939
0.00169051
0.000833895
0.000673896
0.000174944
0.000597548
0.000184118
0.000538651
0.000649005
0.00083738
0.000732204
0.00826357
0.0109
0.00197485
0.000806178
0.0150088
0.000774854
0.00116156
0.000967233
0.00129531
0.00447919
0.00093338
0.00077635
0.0157905
0.00167759
0.00092912
0.000996404
0.00159097
0.00750616
0.000685233
0.00199512
0.0107741
0.0135763
0.00134574
0.00117966
0.000707368
0.000370874
0.000720112
0.000610684
0.0010029
0.000866818
0.00131155
0.000928129
0.000547723
0.00315199
0.0025298
0.00170678
0.00105429
0.00658707
0.0022568
0.00112592
0.000349605
0.00246802
0.0147822
0.00423838
0.00234142
0.000438968
0.0144172
0.00374641
0.00617082
0.00597552
0.00152496
0.000569121
0.000179438
0.00126439
0.00250651
0.0055924
0.00547044
0.000777946
0.0044995
0.000721629
0.00215178
0.00133728
0.00219777
0.0120722
0.00500339
0.00852942
0.000445146
0.000731541
0.00561573
0.00246026
0.000374348
0.000663784
0.00229504
0.00227538
0.00388636
0.0022836
0.00184316
0.00213631
0.00218424
0.00232479
0.000709669
0.00057525
0.00470048
0.0154637
0.0102225
0.00254663
0.0105629
0.00550775
0.00218412
0.00745276
0.00191484
0.00450084
0.00244119
0.00172184
0.00395051
0.0115279
0.00117746
0.00608373
0.00641837
0.0014441
0.00233003
0.00116198
0.0132316
0.00993029
0.00328008
0.0149048
0.00997496
0.0153816
0.00435542
0.00714658
0.000168465
0.000818708
0.00532626
0.0113964
0.0115129
0.00448493
0.00565313
0.00253771
0.00267009
0.00218933
0.0036281
0.00179077
0.00045329
0.000326864
0.00825022
0.00856064
0.00173463
0.0062276
0.00432965
0.000713019
0.000715774
0.000214304
0.00154849
0.0031583
0.00438724
0.0164369
0.00138911
0.000837689
0.000388446
0.00734475
0.00844375
0.00317352
0.00165483
0.00228463
0.00056794
0.000865786
0.000805469
0.00104626
0.0109268
0.0114005
0.00122909
0.00135006
0.00103594
0.00941476
0.00500248
0.00116463
0.00990513
0.00165449
0.0169151
0.0150217
0.00737701
0.0101324
0.000613202
0.000558669
0.001851
0.0016952
0.000639082
0.000802432
0.00076062
0.00169896
0.0133331
0.00531081
0.00124952
0.00103926
0.00445817
0.00261053
0.00040178
0.00114488
0.0154071
0.00855453
0.00450876
0.000991434
0.00121207
0.000520049
0.0148812
0.000777746
0.00109856
0.00194984
0.000719362
0.000785796
0.00115288
0.00773029
0.00521692
0.00557592
0.00412082
0.00322474
0.0019414
0.00111908
0.00141704
0.00727259
0.000278709
0.00200521
0.00183099
0.00151936
0.0138743
0.00169814
0.00160933
0.000777501
0.00543229
0.00686306
0.00142571
0.00103014
0.00196268
0.00432961
0.00237411
0.000673046
0.00143486
0.000703763
0.000594586
0.00511472
0.00330369
0.0072053
0.0146036
0.00397505
0.0131588
0.00110704
0.00290612
0.00311566
0.0139074
0.015234
0.00862942
0.000817673
0.0098622
0.000735461
0.000776401
0.00093421
0.00109285
0.00102729
0.00252303
0.00420946
0.00480433
0.0156569
0.0016432
0.00156633
0.00155719
0.0024611
0.00485264
0.00219701
0.00504262
0.00246249
0.0151242
0.000745693
0.000470638
0.000680037
0.00120371
0.0188763
0.00208329
0.0168626
0.000676115
0.000751637
0.00298283
0.00386627
0.000425591
0.00791027
0.0203588
0.00256904
0.00144499
0.00291558
0.00196159
0.00395226
0.00379876
0.000708287
0.0133597
0.00406817
0.00726358
0.00525985
0.00562752
0.0107032
0.00117537
0.00081288
0.000613482
0.00342487
0.00332057
0.000875529
0.00284468
0.00146295
0.00167015
0.000824927
0.00113561
0.00147898
0.00412847
0.000538782
0.0008688
0.000527525
0.00479193
0.0056768
0.00672076
0.00550937
0.0100672
0.0105729
0.00298635
0.000541134
0.000902894
0.00151503
0.00136265
0.000849374
0.0012413
0.000608962
0.000891515
0.00349201
0.00999093
0.000734414
0.000949058
0.000968628
0.00736064
0.00192874
0.00405176
0.00716601
0.00433671
0.00456181
0.000958776
0.000758999
0.00612349
0.0013206
0.000954252
0.00953319
0.000844205
0.000800354
0.00084473
0.00135794
0.00176292
0.000547058
0.00138069
0.00319351
0.015284
0.00276152
0.000237214
0.0028383
0.00639817
0.00155245
0.0125818
0.000715602
0.00455108
0.00238297
0.00809957
0.000914899
0.000688635
0.000804958
0.00276025
0.00503753
0.00382597
0.0138544
0.00845596
0.0157205
0.00106874
0.0103981
0.0157965
0.00140735
0.000862213
0.00806278
0.0018047
0.0152161
0.00518013
0.00532183
0.00423329
0.0112817
0.0154061
0.0030902
0.00301423
0.0103111
0.000862766
0.000185433
0.00173535
0.000142622
0.00168079
0.000664657
0.000560745
0.000773235
0.000862821
0.000750745
0.000549767
0.000786033
0.00137349
0.00578617
0.000783229
0.00270976
0.0106549
0.00117238
0.004735
0.00669447
0.000486429
0.00080341
0.00372761
0.0039158
0.00118575
0.000813594
0.00401488
0.00971713
0.0111853
0.000793813
0.00090482
0.00126009
0.0021954
0.00129542
0.00819561
0.00439107
0.00116175
0.00187545
0.00360559
0.00198213
0.00198602
0.00381596
0.00960261
0.00474454
0.00106204
0.000762647
0.000589838
0.000762518
0.000730058
0.00108313
0.0145417
0.00889684
0.00510686
0.000176147
0.00364015
0.0135339
0.00372058
0.00754666
0.000691267
0.00241138
0.00831781
0.00196042
0.00155571
0.00464434
0.00419108
0.0121009
0.00847383
0.00437371
0.0115025
0.00412516
0.0145877
0.000913589
0.00734172
0.00825027
0.000748411
0.00107348
0.0106078
0.000132864
0.000126313
0.00012123
0.000123991
0.00018817
0.00015481
0.000205575
0.000202172
0.000142663
0.000195115
0.000805445
0.000876201
0.000842317
0.000732855
0.000778605
0.000933813
0.000862924
0.00108999
0.00059009
0.000711416
0.000633327
0.000640044
0.000682524
0.00102672
0.000720255
0.000631288
0.000633444
0.000754106
0.000812511
0.000589514
0.000572001
0.000584123
0.000600742
0.00103985
0.000204913
0.000546913
0.00107636
0.000151692
0.000892171
0.000920608
0.0010107
0.000835375
0.000501026
0.00130024
0.00130465
0.00133037
0.00076589
0.00130549
0.00123506
0.000746116
0.00117224
0.00120908
0.00124526
0.00132052
0.000927016
0.00104627
0.00127295
0.0011845
0.00131208
0.00112273
0.00112116
0.000729044
0.00112934
0.0011643
0.00103589
0.000734544
0.000716593
0.00075869
0.0154843
0.000156636
0.00015722
0.017042
0.000809037
0.000151866
0.000147283
0.00320764
0.0030132
0.000729496
0.00220538
0.000317846
0.000284297
0.000172205
0.00220555
0.000166894
0.0011695
0.000516058
0.000818679
0.000435513
0.000221977
0.00954079
0.00227695
0.00862277
0.00213022
0.00985095
0.00438019
0.00170809
0.000846672
0.000644355
0.000500497
0.00754574
0.000223674
0.00042554
0.00144317
0.00487749
0.00538364
0.00636781
0.00911898
0.000498882
0.00232904
0.000702212
0.000997447
0.0026869
0.00163685
0.00875441
0.00112206
0.000128676
0.00021092
0.00848012
0.00197234
0.000202731
0.000178835
0.000704774
0.00199327
0.00217131
0.00392119
0.00241553
0.00203944
0.01056
0.000209164
0.00421431
0.00372641
0.00372421
0.00364
0.00165365
0.0013057
0.0010038
0.000727376
0.000364655
0.000235993
0.00121943
0.00134552
0.000931348
0.00445743
0.016023
0.000702467
0.00527346
0.00156091
0.0058617
0.00441398
0.000948233
0.00676802
0.00651255
0.00472599
0.00268341
0.00377575
0.00795104
0.00451519
0.00137943
0.00131286
0.000720355
0.00214225
0.00088524
0.00089582
0.00269386
0.0185938
0.000991108
0.00946967
0.000627282
0.00062811
0.00474995
0.000155675
0.000220034
0.000303229
0.000241294
0.00473458
0.00671127
0.00602628
0.00335878
0.00226554
0.000175951
0.000866347
0.000142449
0.0026895
0.00689911
0.00844822
0.00563397
0.00819932
0.00443146
0.0159679
0.000964036
0.00624032
0.00284321
0.00449526
0.00904329
0.00390856
0.000815572
0.000184648
0.000227833
0.000217594
0.000238774
0.00102682
0.00285383
0.0015548
0.00559433
0.00118256
0.00256926
0.000779581
0.00239227
0.00313929
0.0176198
0.00121952
0.00057013
0.0110353
0.0076603
0.00117321
0.000766308
0.0119544
0.000631015
0.00227886
0.0147261
0.00170891
0.0028424
0.000773292
0.000797427
0.000179832
0.000742377
0.000298872
0.00505867
0.00212573
0.002077
0.000925272
0.0110133
0.000486238
0.00096443
0.000855494
0.00299757
0.00237069
0.00175409
0.000133145
0.000197191
0.000229803
0.00101213
0.000188112
0.00444372
0.00472805
0.0150698
0.00908299
0.00603066
0.000822881
0.0084055
0.000959781
0.00261821
0.0131628
0.0151901
0.0122739
0.00219215
0.00495639
0.0014342
0.00222491
0.00307957
0.000830279
0.000598916
0.00099528
0.00129114
0.00190121
0.00135315
0.00100083
0.00197569
0.001849
0.00407526
0.00152299
0.00897029
0.00265307
0.00176988
0.00161617
0.00483884
0.000846521
0.0158099
0.00822963
0.000996164
0.000711006
0.00112611
0.00205708
0.00139084
0.0102638
0.00322702
0.00070169
0.0146466
0.00742136
0.00851725
0.00384924
0.00467777
0.00108818
0.000896591
0.00395324
0.000437299
0.00218542
0.000632286
0.00090556
0.000467969
0.00096864
0.0004697
0.000809496
0.0072591
0.00121268
0.00111337
0.00180465
0.00208647
0.000972424
0.000776361
0.00180765
0.00825837
0.0106931
0.00167615
0.000905045
0.00142698
0.00150026
0.00149644
0.0152536
0.0150272
0.00199021
0.00293392
0.00883279
0.00425276
0.00387441
0.00123479
0.00545632
0.00574048
0.00764084
0.000845966
0.000638573
0.00108651
0.00359628
0.00301524
0.00733839
0.00916779
0.0053737
0.000811984
0.0107841
0.0016194
0.00106242
0.00069934
0.00223416
0.000727126
0.000985817
0.000274255
0.000764369
0.00034256
0.000189469
0.0147111
0.00268576
0.00388911
0.00237299
0.00614318
0.00142942
0.00101884
0.00127769
0.00393362
0.00353603
0.00121396
0.00368038
0.00225104
0.00935506
0.0147296
0.00945992
0.00455504
0.00218944
0.00109007
0.000156983
0.00112305
0.00782007
0.00584669
0.000884749
0.00236108
0.00309559
0.00319193
0.000135318
0.00259995
0.00117474
0.00117412
0.00263746
0.00148875
0.00187039
0.0148651
0.00203049
0.00603352
0.000420878
0.00828913
0.00107304
0.0126827
0.000108504
0.00586648
0.00268277
0.00138048
0.0108433
0.00304028
0.00205824
0.00137367
0.00102898
0.00333128
0.0121551
0.0196105
0.00128496
0.00188227
0.00332129
0.00115753
0.000649101
0.0025687
0.00451608
0.00700881
0.00894146
0.00533131
0.000203774
0.00136373
0.00193957
0.00172728
0.00679899
0.00846396
0.00391236
0.0049867
0.0026595
0.00254233
0.00202103
0.00100083
0.00234288
0.000468766
0.00125408
0.00234546
0.0031549
0.00637272
0.0047421
0.00254299
0.000837412
0.00159758
0.000980712
0.0153869
0.00239845
0.00441316
0.00535853
0.0115292
0.0065013
0.013171
0.00121914
0.00111948
0.000733233
0.00102383
0.00126272
0.0123572
0.010159
0.00153681
0.000482831
0.00115918
0.000514979
0.000634398
0.0012771
0.00052055
0.00361052
0.0022377
0.00758476
0.00335621
0.00149227
0.000137839
0.00246797
0.00122467
0.00115606
0.00257226
0.00144461
0.00545895
0.00639665
0.000494145
0.00319361
0.00354891
0.00238851
0.00679675
0.00271124
0.00302074
0.00771138
0.00572934
0.000751351
0.00978977
0.00372268
0.00358302
0.00155808
0.00396115
0.00237711
0.00904757
0.00100999
0.00213525
0.000680623
0.000270526
0.00553797
0.0146964
0.00972237
0.00112646
0.00216753
0.00120417
0.00103208
0.00989076
0.000624135
0.00732172
0.00482153
0.0011428
0.00192274
0.00420624
0.000967136
0.000816018
0.001273
0.000894408
0.000920334
0.00538534
0.000784911
0.00251464
0.000359864
0.000651171
0.00194642
0.000243102
0.000749382
0.000264564
0.00171248
0.00455476
0.0109849
0.00115659
0.00105411
0.00289817
0.00198849
0.00158602
0.000846285
0.00077082
0.00137381
0.00461698
0.00553527
0.00248757
0.000738756
0.00192853
0.00141264
0.00736614
0.000873659
0.0011859
0.000774691
0.00668176
0.0138883
0.0144381
0.000381112
0.000803381
0.000501397
0.0148875
0.00104056
0.0023077
0.00089402
0.00104104
0.00767557
0.00234337
0.0147056
0.000776947
0.00606459
0.000840424
0.0148048
0.00732897
0.00419519
0.00200095
0.00822621
0.00676724
0.00225635
0.0087213
0.000856935
0.000859156
0.00183349
0.000799707
0.000913997
0.000676285
0.00193174
0.00083351
0.00150276
0.0122973
0.000797187
0.0103287
0.00331174
0.0145359
0.00604498
0.00728886
0.00121027
0.00106769
0.000710299
0.0007894
0.00221761
0.00708768
0.00431482
0.00200624
0.00202913
0.00335477
0.0188797
0.000820385
0.00102174
0.00115634
0.0012067
0.00252434
0.0124851
0.00256919
0.00475182
0.000215519
0.000148832
0.000777496
0.00340027
0.00628488
0.00279495
0.00651519
0.013825
0.00280388
0.00241896
0.000791395
0.000802773
0.000207582
0.000176736
0.00178965
0.000688818
0.0026744
0.00523423
0.00686732
0.00724893
0.001437
0.00485998
0.00100825
0.00447516
0.010079
0.00151403
0.00125621
0.00757454
0.000803584
0.0061888
0.0148732
0.00074334
0.000241119
0.000204022
0.000993029
0.000833866
0.0020696
0.00171147
0.000250013
0.00103572
0.000747656
0.000307836
0.0013745
0.00420554
0.000236998
0.00574133
0.00166775
0.00265563
0.0015724
0.000793964
0.00899301
0.000358598
0.0115811
0.00714144
0.00388928
0.000743932
0.0021042
0.000129774
0.00023858
0.000602824
0.0014021
0.0122987
0.000937409
0.000766991
0.000534246
0.002367
0.000113881
0.000209666
0.0100676
0.000952429
0.00203203
0.00332692
0.00355569
0.0117438
0.00444357
0.0153299
0.00899075
0.00516728
0.000936206
0.00555645
0.00214484
0.0122348
0.00237014
0.0041422
0.00521181
0.000614765
0.00765058
0.00547562
0.000833609
0.0024255
0.00145442
0.00181171
0.00120161
0.000927693
0.000681238
0.000770993
0.00283738
0.00233599
0.000838714
0.00644128
0.00191105
0.0145312
0.000201447
0.000165344
0.0120147
0.000266691
0.000383422
0.001047
0.000560655
0.000719188
0.00126696
0.000864262
0.000756341
0.00290237
0.000170626
0.000375081
0.000209876
0.00772538
0.000864281
0.00333757
0.00102877
0.00590765
0.00867846
0.00170835
0.00259081
0.000843695
0.00148301
0.000738346
0.000809157
0.000247727
0.00655251
0.0141432
0.00920202
0.000555324
0.00016605
0.0117451
0.018496
0.00235937
0.000295427
0.000900031
0.000300905
0.00058123
0.000582181
0.000797274
0.00123476
0.00574779
0.00107059
0.00174728
0.0159763
0.000946961
0.0019674
0.000564965
0.0108359
0.00222579
0.0135901
0.0153296
0.000587364
0.00245621
0.00483959
0.000726585
0.000699738
0.00105348
0.00192605
0.00110653
0.000739022
0.000464526
0.00050799
0.000488779
0.000464791
0.00178823
0.000998034
0.00168187
0.00164294
0.00221256
0.00101962
0.00195928
0.00186911
0.00178408
0.000541698
0.000601836
0.00188837
0.000619896
0.000602711
0.000244932
0.000909457
0.000917905
0.000227504
0.000186053
0.000171138
0.000197758
0.000142768
0.000173326
0.00588253
0.00533011
0.00134094
0.0155198
0.0114879
0.00107144
0.00309347
0.013354
0.000799216
0.00131722
0.00735434
0.000330589
0.000496598
0.000986757
0.000790604
0.00502234
0.000593829
0.00419703
0.000311324
0.000347636
0.00194204
0.00617938
0.00259337
0.00522885
0.00998103
0.00887119
0.000186593
0.000161369
0.0090137
0.00476062
0.00336885
0.000890035
0.00117689
0.0010324
0.000700967
0.00113367
0.00012637
0.000204697
0.0142791
0.00910514
0.00112824
0.00117891
0.00292789
0.00179655
0.00144534
0.00236781
0.0150245
0.00148075
0.00140123
0.00118382
0.00604476
0.00294359
0.000533048
0.00563217
0.0010045
0.000374491
0.00353889
0.00347013
0.00981226
0.00165828
0.00186387
0.00124709
0.00206383
0.000788539
0.000118905
0.00187311
0.00985434
0.009361
0.0146793
0.000486492
0.000736204
0.00717953
0.00317062
0.00248158
0.0028593
0.000531022
0.000284953
0.000453354
0.000744522
0.00867735
0.0109646
0.000445067
0.000203068
0.000935625
0.00402603
0.000500041
0.000707741
0.00299994
0.00228263
0.000201959
0.00253843
0.000657231
0.00293544
0.0150572
0.00103674
0.00111641
0.0151656
0.00294361
0.00276107
0.000191054
0.00307787
0.00644012
0.00160896
0.00178881
0.00538326
0.00675651
0.00326801
0.000392251
0.000893124
0.000508065
0.00119844
0.000702783
0.00335838
0.0137727
0.000914198
0.000961066
0.00542013
0.00455663
0.0111122
0.00830027
0.00767776
0.00334223
0.000262333
0.0073203
0.00280624
0.00216909
0.00939886
0.000662262
0.00242702
0.00205843
0.000632121
0.000875613
0.00103107
0.000915673
0.000589399
0.000878346
0.00188005
0.000799199
0.00551019
0.00021638
0.000805759
0.000309827
0.00315594
0.00165445
0.00082155
0.000552413
0.00299639
0.00431392
0.00489124
0.00112909
0.000472014
0.00130482
0.000550325
0.000795481
0.00269817
0.00308344
0.00661529
0.00115626
0.00108673
0.00476067
0.00421496
0.00150927
0.00132977
0.00111489
0.0152554
0.0124577
0.00727055
0.00504872
0.00114909
0.00400344
0.001565
0.000514154
0.000834764
0.0107877
0.00548754
0.00133466
0.00781449
0.00977886
0.00263869
0.0106727
0.000159262
0.000130965
0.00169384
0.00143102
0.00455077
0.00524336
0.00425059
0.00117742
0.000869759
0.00134808
0.00816119
0.00155538
0.0041266
0.00385472
0.00411499
0.00711357
0.00385978
0.0123113
0.00077164
0.00296705
0.00341828
0.000460405
0.00131132
0.000606347
0.000193862
0.000141849
0.000840556
0.0113878
0.00164673
0.00143515
0.00158209
0.00128197
0.0067713
0.000781046
0.000766658
0.000409972
0.000838169
0.00614212
0.000839724
0.010582
0.000785391
0.00359012
0.00104709
0.00105382
0.00519407
0.000488507
0.000311827
0.00875713
0.000452517
0.00198344
0.00567153
0.000619806
0.00319321
0.000746585
0.000694109
0.000686232
0.000358577
0.0065971
0.00295948
0.000827145
0.00305034
0.000153929
0.000412873
0.0023437
0.00804613
0.000664413
0.00826779
0.00119077
0.0050612
0.00237373
0.00329565
0.00345906
0.00114512
0.00399036
0.000619915
0.000592171
0.00483014
0.00115627
0.00180807
0.00176842
0.00744101
0.000679357
0.000705889
0.00215183
0.00949464
0.000870481
0.000772731
0.000200922
0.000170321
0.000748485
0.00478514
0.0133138
0.0060443
0.0044065
0.00771677
0.000852203
0.00869431
0.00529726
0.000799149
0.000738807
0.00120896
0.00375697
0.00366527
0.00355709
0.0113119
0.00105157
0.000911225
0.000658516
0.00529498
0.0026587
0.0120469
0.00252067
0.000362495
0.00253883
0.00249872
0.000607568
0.0064501
0.00460354
0.0100329
0.00113883
0.00233348
0.00215846
0.00157324
0.00106018
0.00626123
0.00136723
0.00701902
0.00977504
0.000880685
0.00742859
0.00156078
0.00268503
0.00085115
0.0157213
0.00783506
0.0134337
0.00211972
0.00218385
0.0100684
0.00766221
0.00323246
0.00949283
0.00828063
0.000830615
0.000761018
0.000779717
0.000527384
0.0107746
0.00754822
0.00672145
0.00188025
0.0121472
0.000842461
0.00160259
0.000819755
0.00942936
0.0179054
0.00406374
0.00160272
0.00450375
0.00739803
0.00409371
0.00434013
0.00230038
0.00385369
0.0123762
0.000965234
0.00162848
0.0024747
0.00115428
0.00915864
0.00111077
0.00175119
0.00162315
0.00278433
0.000750842
0.0027656
0.0023344
0.00195169
0.00474662
0.00787064
0.00154739
0.00437126
0.00127813
0.000824468
0.00589395
0.00182572
0.00150336
0.010487
0.00690488
0.00105706
0.00233774
0.00326434
0.00294719
0.00121367
0.00798449
0.00494796
0.000704477
0.00262313
0.00373456
0.00245335
0.000473829
0.00312425
0.00127565
0.00291874
0.0138977
0.000175264
0.000237517
0.0155282
0.00263475
0.00589081
0.00432597
0.000746053
0.00483929
0.00359199
0.00113089
0.0149248
0.00309252
0.000996366
0.00419248
0.00378096
0.000550146
0.00265037
0.00258891
0.000737867
0.00062311
0.00077248
0.000807575
0.000844359
0.0122966
0.00292449
0.00630553
0.00943928
0.00380276
0.00599902
0.000952493
0.000905529
0.00201866
0.00362771
0.00321567
0.00392555
0.0120409
0.00219302
0.000955416
0.000452424
0.00191625
0.00052158
0.00415491
0.00334442
0.00445283
0.000881241
0.000170924
0.000144475
0.00227032
0.00841571
0.00717776
0.00519538
0.00252685
0.00103927
0.000559354
0.000764538
0.00250389
0.0009118
0.000978367
0.00622849
0.00540447
0.000911015
0.0121287
0.000280881
0.000427476
0.00049714
0.000382353
0.00139931
0.000998478
0.000766861
0.00169793
0.00342054
0.00395346
0.00287139
0.00225891
0.00951964
0.0131317
0.00177789
0.00155649
0.00503386
0.000903844
0.000996577
0.00106375
0.00123576
0.00919944
0.00290467
0.000987067
0.000617928
0.00065106
0.00245425
0.0107273
0.0103883
0.0105708
0.000456157
0.00214419
0.000726144
0.00063524
0.000706396
0.000670494
0.00531489
0.00145288
0.000790478
0.00106524
0.00294285
0.000886321
0.00782237
0.00300643
0.00772915
0.00725732
0.00200226
0.00166935
0.0165142
0.00507546
0.000622028
0.00752663
0.00640006
0.00152523
0.000911927
0.00916672
0.000913494
0.00104516
0.00081125
0.00252772
0.00187439
0.00460548
0.00583578
0.00150727
0.00662159
0.00317222
0.00270949
0.00153954
0.010364
0.00142426
0.003468
0.00106616
0.00985098
0.0016379
0.00943279
0.00300997
0.00482461
0.00350696
0.000769182
0.000844079
0.004972
0.00403269
0.00119054
0.00365468
0.00154985
0.00289331
0.0111009
0.00264105
0.0149847
0.00142248
0.00324185
0.00433245
0.0071272
0.00244255
0.00774701
0.0104106
0.00345308
0.000955397
0.000869701
0.00177711
0.00139499
0.00578387
0.00658562
0.00496834
0.000992658
0.00275254
0.00295191
0.00145661
0.0057797
0.00119136
0.00139351
0.00128291
0.0105137
0.00345965
0.00149771
0.00309521
0.00224704
0.00066273
0.000391317
0.00132144
0.0012987
0.0116577
0.00187653
0.00303129
0.00082778
0.000983869
0.00637569
0.00572239
0.000928458
0.00357002
0.0124296
0.000813793
0.00849971
0.0133045
0.00890486
0.00295264
0.000876444
0.015411
0.00193148
0.000860556
0.0150513
0.00979123
0.000788372
0.00084791
0.000838548
0.00100935
0.0062798
0.000908021
0.00336372
0.00189233
0.00292384
0.00245091
0.00195106
0.00142033
0.0107115
0.000621451
0.000112412
0.000106119
0.00241677
0.00204354
0.0015479
0.00386342
0.000815123
0.000786764
0.00646733
0.0102841
0.00516739
0.00095803
0.00185219
0.00332675
0.00326935
0.00321527
0.0145453
0.00127383
0.0183821
0.000320107
0.0051763
0.00250417
0.00756798
0.00843762
0.00491236
0.00841948
0.00805498
0.00346834
0.00229629
0.00498331
0.00703281
0.00363889
0.000885276
0.011068
0.0146974
0.00076953
0.0118632
0.000898293
0.0139483
0.00110386
0.0110941
0.00184432
0.00104335
0.00705393
0.00601347
0.00238804
0.00209924
0.0025856
0.00209914
0.00175548
0.00800369
0.0011599
0.00250892
0.000709342
0.00456129
0.00437558
0.002838
0.00415401
0.0045267
0.00633182
0.000941498
0.000789185
0.000749404
0.000433664
0.000773692
0.00204167
0.0128869
0.000845879
0.00275136
0.00173353
0.000788754
0.0010118
0.00496082
0.00101176
0.00123504
0.000838301
0.00136102
0.00373831
0.00794918
0.0072832
0.00417163
0.00169432
0.000784505
0.000667222
0.012039
0.00427096
0.00800181
0.00902879
0.00510324
0.0031182
0.00641033
0.00921069
0.00575295
0.00686199
0.00882214
0.000774482
0.0055719
0.00766327
0.00344354
0.0119605
0.00290137
0.00871547
0.000105283
0.000845133
0.000781895
0.0121599
0.00322747
0.000328639
0.000306561
0.0143422
0.00344718
0.0044322
0.00109983
0.00533616
0.000497595
0.00555004
0.00466265
0.00740388
0.000163995
0.000491652
0.000462611
0.00572873
0.00409579
0.0104886
0.00286832
0.0042754
0.00390827
0.00193301
0.00400411
0.0083926
0.00163443
0.00616078
0.00337744
7.68446e-05
0.00061986
0.0146346
0.0015191
0.00239261
0.00847021
0.0138827
0.0100406
0.00122964
0.000492874
0.000573302
0.000547361
0.0145209
0.000195664
0.000153147
0.000542194
0.00306863
0.00202937
0.000920694
0.00135195
0.00169528
0.000508072
0.00117603
0.00082235
0.00885405
0.00497089
0.00075126
0.000843805
0.00638086
0.00226168
0.0036742
0.000926094
0.0140119
0.00287134
0.0032875
0.00198471
0.00184588
0.000736865
0.0107449
0.0141283
0.00149841
0.00450432
0.00166769
0.0116076
0.00227649
0.00235625
0.00206214
0.00103833
0.00170459
0.014846
0.00172095
0.000854768
0.0117718
0.00219312
0.0157912
0.00904261
0.000999557
0.000570059
0.00156277
0.00146423
0.000757805
0.00295378
0.00375591
0.0109887
0.00619114
0.000654277
0.000671655
0.0101231
0.0061266
0.0034578
0.00485395
0.000655534
0.00189646
0.000723116
0.00255492
0.000188448
0.00100756
0.010125
0.0050462
0.000758299
0.00190167
0.00281583
0.00176953
0.00102323
0.00118179
0.000915509
0.000862067
0.000731059
0.000636196
0.00147876
0.00148159
0.00570332
0.00273833
0.0018936
0.000983816
0.000817597
0.00219955
0.00435506
0.00499599
0.00241247
0.000553966
0.000997183
0.000686356
0.00327939
0.00689826
0.0154806
0.000665566
0.000723789
0.0152146
0.00448269
0.00589796
0.000956329
0.000159567
0.000781604
0.000127983
0.00120435
0.00564474
0.00614725
0.003669
0.0086064
0.0010199
0.00167807
0.00089322
0.000922669
0.000801118
0.0131713
0.00364469
0.000904469
0.003831
0.00227461
0.00653527
0.000171451
0.00560378
0.00290794
0.000650712
0.00167258
0.00177433
0.00139739
0.0137726
0.000680194
0.00361274
0.00766431
0.00100259
0.000961775
0.000891986
0.00375781
0.00219581
0.00160785
0.000317991
0.00440726
0.00885771
0.000988116
0.00142626
0.000892502
0.00190537
0.000994457
0.000791054
0.000683457
0.00118614
0.00526673
0.017937
0.0061773
0.00978645
0.0102433
0.00199036
0.0122274
0.00100179
0.00240211
0.000402555
0.00294038
0.00145242
0.00515301
0.00119025
0.00385075
0.00068728
0.000727478
0.00202277
0.00265823
0.00120222
0.00194666
0.00306448
0.00396899
0.00457203
0.00042306
0.00994289
0.0104069
0.000927078
0.000715194
0.00687928
0.000450069
0.000855737
0.000671381
0.000919539
0.000720157
0.000767991
0.00207121
0.00227324
0.00319582
0.00158672
0.000508178
0.0172123
0.004811
0.000887685
0.00020644
0.0020546
0.00891479
0.00120975
0.000109602
0.0013224
0.00226328
0.00785033
0.000721524
0.000766622
0.000861322
0.00129811
0.00247094
0.00124176
0.00288769
0.00158232
0.0133175
0.00596027
0.000164161
0.000556132
0.00203161
0.000210513
0.00321879
0.00930237
0.00378361
0.00674451
0.0113904
0.00441966
0.000669575
0.000405559
0.000752899
0.0102362
0.000845395
0.000518078
0.000559124
0.0129549
0.000547869
0.000756078
0.0117033
0.00668711
0.000696427
0.00191458
0.00150317
0.00110389
0.00133127
0.0009452
0.000710033
0.00288078
0.00775369
0.000967359
0.00115992
0.00676476
0.00387205
0.00167852
0.00242513
0.00179296
0.0039038
0.00773523
0.0112534
0.000971021
0.00132142
0.00138677
0.00113939
0.00896477
0.00356659
0.00328077
0.000715223
0.00108864
0.00317417
0.000461707
0.00191233
0.00209107
0.00299554
0.0126604
0.000689389
0.00114268
0.000956328
0.000942105
0.000273264
0.00552268
0.0030687
0.00674933
0.00136084
0.000488732
0.000933616
0.000576427
0.000987493
0.000818641
0.00361109
0.00711953
0.00512247
0.00041699
0.000755353
0.00276551
0.00310142
0.00312651
0.00119222
0.00376991
0.0053977
0.00425119
0.00140082
0.00310936
0.00328454
0.000269343
0.00885056
0.000844322
0.000518112
0.000558782
0.00276103
0.00268039
0.000402125
0.00324378
0.00191514
0.00263747
0.00315944
0.00839841
0.000792349
0.0015154
0.0083271
0.00465833
0.00278041
0.00101708
0.013228
0.00151073
0.00242828
0.00198699
0.000977172
0.00247251
0.00101752
0.00228276
0.00024449
0.00274536
0.000810646
0.000387445
0.00223824
0.006682
0.0107519
0.00284353
0.00244827
0.00026628
0.00102559
0.00236606
0.00493193
0.00181413
0.000842887
0.00292211
0.000439725
0.00593464
0.00316514
0.00467408
0.00238374
0.00112866
0.000464144
0.000519759
0.000994023
0.00169165
0.00219304
0.00127538
0.000698627
0.000491411
0.010543
0.00208464
0.0171048
0.000916599
0.000830283
0.00132507
0.00214514
0.00140679
0.000599892
0.000737006
0.0102335
0.0102294
0.00305103
0.000654296
0.00100253
0.00620338
0.00464219
0.00360561
0.00233378
0.00761773
0.00745055
0.00472765
0.00130123
0.00192591
0.00238337
0.00578834
0.000878082
0.000641674
0.000683109
0.0112513
0.00162895
0.000582539
0.000449659
0.00268754
0.00183561
0.00292068
0.00249973
0.00117344
0.00469516
0.00246651
0.00266939
0.00249105
0.00947524
0.000721702
0.00172791
0.000985639
0.000784393
0.000899296
0.000623445
0.000271211
0.000767159
0.000848333
0.00615824
0.00267245
0.00189007
0.00288758
0.000288475
0.000434531
0.00103534
0.000632916
0.000811711
0.00557542
0.00203231
0.00337167
0.00504716
0.00249443
0.0123898
0.00476645
0.00245171
0.00311595
0.000837309
0.000377938
0.00258676
0.00244746
0.00521592
0.00495768
0.00318303
0.0015445
0.00307711
0.000831322
0.00267907
0.00959323
0.000576822
0.00148234
0.00461989
0.0052047
0.00342645
0.000313899
0.00172287
0.00133059
0.00535481
0.00421324
0.00352135
0.00314225
0.00196014
0.00676519
0.00221667
0.00408163
0.00623067
0.00300497
0.000475583
0.000291837
0.011493
0.00321538
0.00202049
0.000439274
0.0039701
0.00881761
0.000615088
0.00969632
0.00237271
0.00462087
0.000935525
0.000677059
0.00285905
0.00290042
0.0108183
0.00162907
0.00130608
0.000979106
0.00188506
0.00081578
0.00105661
0.0029659
0.00689885
0.00262439
0.00155326
0.00154606
0.00147667
0.000972858
0.000960776
0.00126857
0.00119335
0.00308971
0.00326448
0.000876606
0.00409652
0.000909217
0.0048869
0.00311822
0.00327879
0.000912246
0.000792004
0.00074124
0.00104571
0.000794052
0.00123915
0.00168653
0.000821721
0.00165541
0.00376031
0.000642411
0.00282316
0.000197485
0.0169275
0.00235682
0.00405074
0.00207545
0.0154179
0.00203608
0.00349744
0.00868355
0.00870064
0.00407739
0.00864952
0.000740755
0.000669287
0.0111344
0.0031618
0.0135485
0.00512494
0.00168218
0.00884364
0.0084851
0.00396925
0.000519561
0.00173402
0.00275252
0.00847778
0.00785342
0.00333587
0.00502378
0.00171983
0.00127168
0.00120229
0.00103068
0.0045812
0.000801937
0.000758966
0.00216118
0.000920609
0.00115444
0.00169889
0.000883004
0.000744737
0.000612298
0.000912724
0.000602887
0.00163487
0.0022689
0.00162288
0.000588306
0.00084975
0.000714492
0.000541444
0.001125
0.000870686
0.000489109
0.000623999
0.00106072
0.00516771
0.00117427
0.00119787
0.000616897
0.000370142
0.000546286
0.00179693
0.000497522
0.00300855
0.000540807
0.000317556
0.00035656
0.00243815
0.002853
0.00180144
0.00187876
0.000729306
0.00124974
0.000934327
0.00115677
0.00150333
0.000658994
0.00081249
0.00168022
0.00165753
0.00124227
0.000768492
0.00145006
0.00185881
0.00110787
0.000748213
0.00170032
0.00239076
0.00151833
0.00135028
0.000983053
0.00175617
0.000729078
0.000837858
0.000963473
0.000676386
0.000802161
0.000656495
0.000557112
0.000286622
0.00141279
0.00160029
0.00100899
0.000752058
0.0022484
0.000565209
0.000527137
0.00182962
0.000750691
0.00131437
0.00117975
0.00232887
)
;

boundaryField
{
    frontAndBack
    {
        type            empty;
    }
    wallOuter
    {
        type            nutkWallFunction;
        Cmu             0.09;
        kappa           0.41;
        E               9.8;
        value           nonuniform List<scalar> 
396
(
8.16411e-06
8.16411e-06
8.08283e-05
0.000106773
8.50498e-05
0.000120364
3.02321e-05
0.000133577
0.000113124
8.04384e-05
1.87147e-05
1.03637e-05
5.76739e-05
1.40717e-05
5.21254e-05
1.73786e-05
2.21211e-05
7.67533e-05
0.000194982
7.7808e-05
0.000197488
1.45486e-05
1.31482e-05
7.56724e-05
0.000194428
1.66922e-05
8.27534e-05
1.34473e-05
1.89716e-05
9.96154e-06
1.7157e-05
1.72394e-05
8.47955e-05
8.676e-05
0.00010458
1.88657e-05
7.60071e-05
9.10966e-05
6.40863e-05
8.56169e-05
5.62908e-05
0.000166482
5.23019e-05
2.71605e-05
5.93434e-05
0.000140234
2.57902e-05
8.22737e-05
5.67172e-05
7.76453e-05
9.4232e-05
8.00429e-05
0.000203963
8.51577e-05
8.66083e-05
5.69431e-05
0.000153082
8.90953e-05
9.15774e-05
2.67991e-05
2.73484e-05
5.83794e-05
9.51612e-05
1.12632e-05
1.99428e-05
9.07626e-05
9.32956e-05
5.42498e-05
9.24625e-05
0.000181328
0.000192382
2.50714e-05
2.24939e-05
9.24574e-05
0.000131547
0.000105087
8.97916e-05
6.15194e-05
4.628e-05
9.976e-05
8.12595e-05
1.89414e-05
7.226e-05
2.01404e-05
6.52261e-05
7.83385e-05
0.000100158
8.80529e-05
9.29853e-05
0.000118043
4.61751e-05
8.00738e-05
6.96287e-05
1.81995e-05
2.48099e-05
4.84636e-05
0.000129365
9.39599e-05
0.000135515
0.000194135
0.000184947
6.39106e-05
0.000113948
9.12067e-05
0.000113445
2.02311e-05
1.44595e-05
8.78046e-05
8.33014e-05
1.33116e-05
1.22735e-05
1.13836e-05
1.18154e-05
1.9396e-05
1.50317e-05
2.18769e-05
2.17913e-05
1.47622e-05
2.12545e-05
9.68324e-05
0.00010424
0.00010041
8.78685e-05
9.31328e-05
0.000111549
0.000102716
0.000128431
7.11879e-05
8.53869e-05
7.62757e-05
7.70883e-05
8.24463e-05
0.000122047
8.64556e-05
7.62543e-05
7.65665e-05
9.03833e-05
9.69611e-05
7.12069e-05
6.90834e-05
7.05505e-05
7.2548e-05
0.000122878
2.28962e-05
6.60493e-05
0.000126903
1.60113e-05
0.000106341
0.00010952
0.000119703
9.98557e-05
6.04685e-05
0.000151716
0.000152083
0.000154875
9.16079e-05
0.000152284
0.000144599
8.94742e-05
0.000137702
0.000141737
0.000145608
0.000153802
0.000110326
0.000123717
0.000148616
0.000138923
0.00015285
0.000132106
0.000132064
8.73544e-05
0.000132966
0.000136821
0.000122386
8.80053e-05
8.60685e-05
9.08026e-05
1.66418e-05
1.66513e-05
1.58407e-05
1.51479e-05
1.79676e-05
6.24542e-05
5.23878e-05
2.54241e-05
1.23878e-05
2.4168e-05
2.31495e-05
1.92921e-05
8.4744e-05
2.39323e-05
8.75417e-05
4.34287e-05
2.74928e-05
1.58284e-05
2.53245e-05
3.53815e-05
2.82956e-05
1.95166e-05
0.000103369
1.43935e-05
2.00079e-05
2.64577e-05
2.434e-05
2.79932e-05
0.0001378
9.16862e-05
5.88566e-05
1.31547e-05
2.22885e-05
2.68621e-05
0.000119695
2.06512e-05
0.000117871
8.54524e-05
0.000132525
0.000106897
0.000125528
8.39515e-05
0.00011699
3.23477e-05
9.1827e-05
4.26516e-05
0.000165679
1.62888e-05
1.31115e-05
9.60111e-06
7.82535e-05
2.3459e-05
0.000131865
8.78691e-05
1.37402e-05
3.16627e-05
0.000133183
7.54069e-05
2.79501e-05
3.11234e-05
0.000124513
9.2512e-05
4.58882e-05
9.5601e-05
0.000108828
8.14469e-05
0.000141788
0.000125859
8.5359e-05
9.45104e-05
2.38402e-05
1.90095e-05
0.000203815
2.83902e-05
2.27508e-05
0.000117566
9.97999e-05
2.90984e-05
0.000122576
8.98941e-05
3.82658e-05
2.89961e-05
8.94116e-05
0.000236926
1.25601e-05
2.77488e-05
7.28077e-05
6.4696e-05
1.05276e-05
2.39821e-05
0.000111422
2.29431e-05
1.76511e-05
8.65885e-05
0.000103199
9.0891e-05
1.84955e-05
0.000121631
9.69282e-05
2.87875e-05
2.87875e-05
6.71486e-05
1.78067e-05
7.0277e-05
0.000222601
6.83276e-05
0.000249369
7.10075e-05
8.43034e-05
0.000218271
0.00013041
8.85621e-05
5.61809e-05
6.14709e-05
5.91327e-05
5.62184e-05
0.000203756
0.000118373
0.000192538
0.000188432
0.00024802
0.000120785
0.000221786
0.000212373
0.000203367
6.55514e-05
7.27243e-05
0.000214401
7.48648e-05
7.28313e-05
2.82697e-05
0.000108378
0.000109335
2.59668e-05
2.12082e-05
1.88226e-05
2.20106e-05
1.44491e-05
1.88976e-05
2.0952e-05
1.73092e-05
0.000106123
0.00013812
0.00012195
8.42663e-05
1.23082e-05
2.3304e-05
4.66468e-05
1.09926e-05
5.88904e-05
2.24442e-05
7.92234e-05
2.09873e-05
3.05703e-05
7.62122e-05
0.000104338
0.00012196
6.22852e-05
1.71683e-05
1.30009e-05
9.26315e-05
2.18493e-05
1.42942e-05
9.36498e-05
0.000123849
0.000124595
7.49086e-05
1.59122e-05
7.16208e-05
0.000103931
2.29016e-05
1.84496e-05
0.00010183
0.000124247
0.000108366
7.9308e-05
5.738e-05
0.000105126
1.87905e-05
1.49632e-05
0.000162437
0.000107742
7.51583e-05
4.87151e-05
7.50004e-05
9.41e-06
9.21556e-06
0.000210415
9.11089e-06
6.02336e-05
1.73903e-05
4.54571e-06
2.21222e-05
1.58783e-05
0.000209784
2.14043e-05
0.000102946
8.76786e-05
7.67679e-05
0.000116765
1.72223e-05
9.37254e-05
1.24456e-05
1.8514e-05
8.23777e-05
4.85557e-05
6.14923e-05
2.44625e-05
9.68875e-06
1.75713e-05
2.35954e-05
4.89313e-05
8.38915e-05
0.000217154
0.000128433
3.39837e-05
2.83532e-05
4.66517e-05
0.000132765
)
;
    }
    inlet
    {
        type            calculated;
        value           uniform 0.000851986;
    }
    outlet
    {
        type            calculated;
        value           nonuniform List<scalar> 9(0.0174578 0.0166215 0.00179585 0.0156116 0.0113964 0.00676724 0.0021042 0.00341828 0.010582);
    }
    wallInner
    {
        type            nutkWallFunction;
        Cmu             0.09;
        kappa           0.41;
        E               9.8;
        value           nonuniform List<scalar> 
528
(
5.17414e-05
9.29704e-05
5.60963e-05
2.47787e-05
0.000198074
0.000194222
0.0001188
0.000241588
0.000164947
5.62524e-05
9.10814e-05
5.42765e-05
9.1772e-05
0.000224514
0.000219165
8.06363e-05
7.60411e-05
5.09413e-05
3.0238e-05
5.09255e-05
0.000222397
6.74532e-05
6.71281e-05
5.97788e-05
0.000134881
4.11636e-05
9.35453e-05
6.94097e-05
0.000215045
9.17494e-05
0.000144154
8.02191e-05
0.000178094
8.77412e-05
0.000394435
0.000136867
0.000131482
5.33376e-05
0.00010205
0.000190857
0.000171345
0.000196354
0.000107289
0.000101933
0.000110423
6.83675e-05
3.83061e-05
7.18429e-05
0.000119615
9.71809e-05
0.000237207
0.000125593
0.000100519
0.000192826
0.00022836
7.95922e-05
8.10145e-05
0.000140566
0.00014781
0.000140765
0.000130129
0.000213261
0.000204958
9.84114e-05
0.00010098
0.000173548
0.000160372
6.48788e-05
6.34313e-05
4.35501e-05
4.46973e-05
0.000108803
6.81504e-05
8.15741e-05
0.0002588
0.00012392
5.64995e-05
7.40628e-05
0.000196332
0.000150217
0.000253652
0.000179818
0.000227395
0.000275422
0.000171934
0.000145369
8.7528e-05
0.000282081
5.28585e-05
0.000216135
9.98832e-05
6.90694e-05
0.000203228
0.000180405
0.000151997
0.00012828
8.74991e-05
8.29693e-05
6.31507e-05
6.17952e-05
5.98517e-05
5.52655e-05
4.26539e-05
0.000139218
0.000200919
0.00016915
8.04405e-05
0.000222795
8.42285e-05
8.40544e-05
6.44893e-05
0.000110001
0.000140725
0.000109132
0.000114154
6.94608e-05
0.000303149
3.46422e-05
4.95138e-05
6.45179e-05
2.66399e-05
0.000171029
0.000154902
0.000174005
6.20986e-05
0.000122965
2.91746e-05
0.000119766
0.000227474
4.56871e-05
7.8446e-05
3.24868e-05
2.95302e-05
3.02147e-05
3.02889e-05
5.97419e-05
2.84546e-05
1.51906e-05
4.22844e-05
7.49653e-05
0.000158455
0.000119698
0.00017551
2.44104e-05
0.00022233
0.000146966
6.56995e-05
5.08613e-05
4.36554e-05
2.26629e-05
2.69326e-05
7.95864e-05
6.362e-05
6.6185e-05
0.000112043
0.000236916
0.000206873
0.000193388
0.000172463
1.85301e-05
0.000167087
0.000124677
0.000127623
0.000103907
3.79971e-05
2.23148e-05
0.000128994
4.99423e-05
7.09631e-05
4.49608e-05
0.00013299
0.000130067
3.04566e-05
0.00012766
1.88053e-05
2.54731e-05
4.81941e-05
0.000153463
0.000122012
0.000126444
0.000102955
0.000121658
0.000111436
7.81544e-05
0.000103589
9.13831e-05
0.000122111
0.000184181
0.00013711
1.91602e-05
0.000129825
2.82807e-05
0.00013098
0.000150754
6.90737e-05
4.56707e-05
0.000209659
0.000113149
0.000175415
0.000154696
0.000175615
0.000129721
4.16962e-05
2.87092e-05
2.06019e-05
2.45497e-05
3.3129e-05
3.40289e-05
3.52396e-05
5.36975e-05
4.2095e-05
4.45791e-05
2.46685e-05
4.22341e-05
3.93964e-05
6.89001e-05
4.06235e-05
5.37543e-05
3.71022e-05
2.69728e-05
2.95797e-05
5.19035e-05
5.54045e-05
3.08893e-05
3.26605e-05
2.79929e-05
4.97209e-05
2.32073e-05
2.85376e-05
1.79499e-05
9.2558e-05
3.72168e-05
4.84419e-05
1.85161e-05
4.14431e-05
3.68363e-05
5.2771e-05
5.38976e-05
4.00172e-05
1.76841e-05
2.52115e-05
4.9772e-05
2.81694e-05
3.15404e-05
4.62074e-05
5.85604e-05
2.95248e-05
3.16326e-05
5.148e-05
5.17871e-05
2.61313e-05
5.17793e-05
3.00681e-05
2.62623e-05
5.03066e-05
3.41069e-05
2.44091e-05
3.21453e-05
5.74969e-05
3.51994e-05
6.14892e-05
4.09897e-05
3.78116e-05
4.81015e-05
6.26368e-05
5.30248e-05
2.9313e-05
5.27829e-05
2.82072e-05
3.18063e-05
5.25468e-05
2.8351e-05
2.65063e-05
2.49212e-05
2.35127e-05
3.5476e-05
3.02528e-05
2.49831e-05
7.74228e-05
3.80257e-05
7.32116e-05
1.82645e-05
2.51828e-05
7.69992e-05
6.40123e-05
0.000142126
0.000167284
0.000122363
0.00016711
2.24058e-05
2.61892e-05
0.000171526
7.32545e-05
3.42418e-05
0.000171035
6.54715e-05
0.000194779
0.000196097
6.35685e-05
0.000131589
0.000146027
4.55658e-05
9.27813e-05
9.05689e-05
4.16124e-05
0.000104188
7.4352e-05
0.000100378
4.86389e-05
7.87962e-05
6.27711e-05
5.60356e-05
0.000100448
0.000105214
0.000100866
0.000140156
0.00012697
0.000128845
4.8307e-05
0.000127913
5.11142e-05
3.34946e-05
3.44268e-05
6.75932e-05
9.58397e-05
9.43112e-05
3.27424e-05
5.54223e-05
0.000143015
7.34296e-05
0.000170578
0.000142486
0.000118076
0.000132206
8.34724e-05
0.00015716
3.2973e-05
0.000196311
0.000189995
0.000181614
3.02223e-05
2.47421e-05
0.000181095
0.000196058
4.69257e-05
0.000127354
0.000150723
0.000123011
0.000185638
0.000194353
3.76872e-05
8.68877e-05
0.000145265
0.000189022
2.82153e-05
2.06454e-05
2.99543e-05
0.000167643
0.000190804
0.000194179
7.72008e-05
1.6606e-05
3.87289e-05
0.000210509
0.000134144
9.72905e-05
3.50904e-05
2.36499e-05
1.82417e-05
2.90887e-05
2.30076e-05
5.01217e-05
0.000192596
0.000170964
1.96549e-05
3.71459e-05
1.98561e-05
0.000190311
4.59088e-05
9.96921e-05
2.08136e-05
3.90245e-05
8.33507e-05
0.000198904
0.000159593
6.95576e-05
0.000125249
6.08224e-05
8.46599e-05
2.6951e-05
0.000196359
3.70532e-05
0.000111722
2.37853e-05
2.71146e-05
1.70918e-05
8.82305e-05
2.27402e-05
4.47003e-05
8.66067e-05
0.000132571
4.21539e-05
7.06506e-05
1.99364e-05
5.53679e-05
3.90297e-05
3.28505e-05
6.73225e-05
2.76724e-05
0.00013784
0.000137156
0.000224177
0.000223629
0.000125489
1.9377e-05
3.74813e-05
3.41136e-05
1.86412e-05
2.55623e-05
5.21299e-05
0.000114478
2.01662e-05
8.91592e-05
3.53109e-05
0.000107238
5.5995e-05
0.000114649
5.75276e-05
0.000114574
2.12155e-05
4.26853e-05
7.66711e-05
0.000173791
2.41915e-05
1.57408e-05
9.32914e-05
4.41966e-05
2.31985e-05
6.52738e-05
3.38999e-05
5.36632e-05
2.30834e-05
2.52667e-05
9.65267e-05
3.65908e-05
5.98579e-05
3.71894e-05
5.41818e-05
0.0002136
1.96473e-05
2.70485e-05
0.000154131
0.000134452
0.000113774
0.000112659
5.40493e-05
8.0717e-05
0.000196773
0.000149103
0.000120801
0.000109629
0.000135685
0.000194705
0.000105383
8.94968e-05
7.42754e-05
7.44793e-05
0.000188023
0.000186137
7.09023e-05
8.73502e-05
6.76701e-05
0.00013135
0.000102538
5.99218e-05
0.000126334
0.000139816
0.00013818
7.55799e-05
4.56959e-05
6.47411e-05
5.75291e-05
6.64308e-05
3.84504e-05
4.36823e-05
0.000271206
0.000313975
0.000205418
0.000213882
8.79313e-05
0.000111146
0.000135602
0.000173478
7.9639e-05
9.70375e-05
0.000192284
0.000188724
0.000145088
9.25086e-05
0.000168536
0.000211029
0.000130435
8.9903e-05
0.000194636
0.00026646
0.000175428
0.000157028
0.000116593
0.000200753
8.76935e-05
0.000100231
0.000114478
8.22723e-05
9.42001e-05
8.02598e-05
6.76828e-05
3.50108e-05
0.000164484
0.000184094
0.000118665
9.11592e-05
0.000250991
6.84815e-05
6.38936e-05
0.000208355
8.98275e-05
0.000153358
0.000138473
)
;
    }
}


// ************************************************************************* //
