/*--------------------------------*- C++ -*----------------------------------*\
| =========                 |                                                 |
| \\      /  F ield         | OpenFOAM: The Open Source CFD Toolbox           |
|  \\    /   O peration     | Version:  v1912                                 |
|   \\  /    A nd           | Website:  www.openfoam.com                      |
|    \\/     M anipulation  |                                                 |
\*---------------------------------------------------------------------------*/
FoamFile
{
    version     2.0;
    format      ascii;
    class       volScalarField;
    location    "0.74";
    object      nut;
}
// * * * * * * * * * * * * * * * * * * * * * * * * * * * * * * * * * * * * * //

dimensions      [0 2 -1 0 0 0 0];


internalField   nonuniform List<scalar> 
5794
(
0.000456052
0.000696281
0.00522246
0.00436885
0.0115136
0.000588391
0.000818303
0.000882688
0.00223516
0.000971078
0.00204625
0.00151103
0.0013128
0.00856951
0.00209371
0.000977349
0.0094519
0.00706619
0.00121656
0.000491278
0.00141096
0.000618914
0.00134159
0.00117702
0.000969014
0.00417052
0.0125391
0.0151268
0.00398383
0.000836059
0.00143914
0.00224894
0.00240885
0.0018879
0.00182827
0.0023441
0.000785977
0.00165117
0.00187858
0.00648523
0.00584732
0.00300476
0.00074321
0.000846355
0.00179473
0.0023363
0.00202077
0.001182
0.000875878
0.000419461
0.000766595
0.00303151
0.000756282
0.00225583
0.00010177
0.00233665
0.0020786
0.00162322
0.000730499
0.00554473
0.00132393
0.000531371
0.00131289
0.00532232
0.00570153
0.000737326
0.00429767
0.000666842
0.0056374
0.000703816
0.00627753
0.00403836
0.0150819
0.00103974
0.00592671
0.0116571
0.000487162
0.00370096
0.000768917
0.0001949
0.00043596
0.000498047
0.00809841
0.00172967
0.001619
0.000886314
0.000703739
0.00101438
0.0024155
0.00246325
0.00499441
0.00203205
0.00339737
0.005486
0.00256479
0.00814747
0.00393959
0.00315308
0.00191608
0.0014217
0.00140793
0.00124844
0.000755018
0.0128361
0.00154725
0.011806
0.000484579
0.00408697
0.00517084
0.000703148
0.000945299
0.000580113
0.00130784
0.00153979
0.00231683
0.00411039
0.00237854
0.00563217
0.00123365
0.00101138
0.00768015
0.000254685
0.000725954
0.0135563
0.00120682
0.00365998
0.00387843
0.000730184
0.00359773
0.00390228
0.00192385
0.00163791
0.0035747
0.0035054
0.0101438
0.0023403
0.00292979
0.000588392
0.00290578
0.00140578
0.000819349
0.0124801
0.00115826
0.0139
0.00422588
0.0127186
0.00179204
0.00145555
0.00893091
0.00754553
0.000725827
0.00204553
0.0112735
0.000908169
0.0134969
0.00176171
0.0016506
0.00100526
0.00215367
0.00146467
0.000492737
0.00080263
0.000464178
0.000795301
0.00198709
0.00193903
0.000702877
0.000661693
0.000426655
0.000274921
0.000454313
0.00196297
0.000580052
0.000588548
0.000523201
0.00105891
0.000365704
0.000787403
0.000611859
0.00189
0.000819033
0.00124507
0.000682543
0.00154044
0.000739017
0.00368834
0.0011686
0.00111196
0.000495935
0.000856873
0.00166974
0.00149331
0.0017111
0.000893157
0.000832774
0.00097619
0.00058448
0.000318034
0.000620536
0.00101004
0.000746588
0.00210665
0.00106243
0.000854619
0.00171416
0.00202392
0.00063996
0.00571888
0.012206
0.00189936
0.000753503
0.000857644
0.00258813
0.00175393
0.0016837
0.00196392
0.00224845
0.00413101
0.00352118
0.00572411
0.000856298
0.00212925
0.0083511
0.00363861
0.00233568
0.00648227
0.00066977
0.00218356
0.00168483
0.00258334
0.000955706
0.000853945
0.00139463
0.00368232
0.00307392
0.0102397
0.0128208
0.00204888
0.000892444
0.000470835
0.000637385
0.00752862
0.00215669
0.00153619
0.00147229
0.00182716
0.00167436
0.00802708
0.00113258
0.000944461
0.00066294
0.000685689
0.0118996
0.00060412
0.000809359
0.0196143
0.000907383
0.000883427
0.00384211
0.00108324
0.002499
0.00247133
0.00160543
0.000739694
0.00123183
0.00122128
0.0106624
0.00370143
0.000791096
0.00291555
0.00267256
0.00108501
0.00224068
0.0052609
0.000868174
0.00210929
0.00224021
0.000827808
0.001949
0.00117724
0.00043025
0.0032167
0.00368805
0.00205269
0.0044364
0.00526297
0.00235136
0.00296682
0.00532984
0.00792701
0.00188598
0.00131619
0.00208378
0.00215862
0.000770779
0.0032715
0.00210757
0.00126152
0.00241493
0.000981879
0.000366923
0.000980894
0.000353373
0.00283974
0.000792356
0.00311331
0.00173531
0.00428437
0.00252204
0.00226335
0.00111574
0.00277689
0.00217485
0.0016012
0.000782839
0.000903186
0.00502019
0.0157095
0.00464082
0.00421487
0.0057247
0.00205632
0.0047311
0.0109922
0.00110293
0.00185567
0.000994455
0.00125387
0.00107882
0.00188032
0.00179563
0.000822393
0.000852847
0.00149723
0.00138731
0.000601012
0.000571021
0.000371424
0.000413963
0.000909981
0.000604512
0.000671673
0.00230959
0.000974894
0.000505857
0.000627376
0.00171186
0.00130676
0.00227495
0.00158213
0.00197411
0.00246229
0.00148284
0.00125348
0.000742666
0.00255918
0.000457696
0.00190906
0.000770436
0.000599294
0.00568453
0.00267111
0.00293752
0.00137609
0.00102761
0.00366694
0.00178511
0.00156736
0.00132986
0.00109131
0.00261061
0.000506555
0.00410977
0.00185444
0.00640581
0.00305185
0.00168902
0.00156694
0.0017573
0.00117741
0.00602104
0.00249289
0.000749967
0.00187817
0.00152295
0.00163355
0.00651474
0.00236267
0.00237518
0.000774144
0.000718792
0.00163519
0.000571918
0.000901627
0.000543533
0.000539328
0.000518428
0.00108528
0.00117757
0.00137038
0.00113315
0.0012498
0.013332
0.000424433
0.000349325
0.00260276
0.000857838
0.000649816
0.000454561
0.00404932
0.00332527
0.00192492
0.00447903
0.00118575
0.00176223
0.00148676
0.000658768
0.00548275
0.00196866
0.00346815
0.00180466
0.00289997
0.00521417
0.0025907
0.000725825
0.000739107
0.000561647
0.00132884
0.000588908
0.000676336
0.00290744
0.000784077
0.0126129
0.0019867
0.00152426
0.0015463
0.000983816
0.00114625
0.00116986
0.00109341
0.00102198
0.000805354
0.000930213
0.00103063
0.000880915
0.00466585
0.00245158
0.002146
0.00090745
0.00242612
0.000621232
0.00056105
0.00183967
0.000875456
0.00488615
0.000557004
0.00449101
0.00855684
0.00330723
0.00723995
0.00101857
0.00064581
0.000581886
0.00168999
0.00152728
0.00394558
0.00995707
0.0165462
0.00533691
0.000790254
0.000175289
0.0131138
0.00450173
0.00324868
0.00180401
0.00309715
0.0183201
0.0158546
0.00103604
0.000628217
0.000792485
0.0011118
0.00071735
0.00228567
0.00532233
0.00344305
0.000861201
0.00103178
0.00276214
0.000722535
0.000585351
0.00421909
0.00402739
0.00972119
0.000785024
0.00130276
0.000949885
0.00258321
0.0012369
0.00237189
0.0169691
0.0176126
0.000728521
0.00158891
0.0143468
0.000634609
0.000964012
0.0011011
0.00492207
0.000772023
0.00814668
0.00150975
0.00765562
0.000596199
0.0014764
0.00219579
0.00377519
0.000593023
0.00080481
0.0134031
0.000581765
0.000633328
0.0139789
0.00617678
0.00453107
0.000675039
0.000963655
0.00214509
0.00049189
0.000698009
0.000936963
0.00029438
0.00935246
0.00251678
0.00371325
0.00168952
0.00078526
0.00296197
0.00394373
0.00206987
0.000690801
0.00220864
0.00048856
0.00626618
0.00103245
0.000916294
0.000754764
0.0139222
0.00124302
0.000480968
0.0138451
0.0013509
0.000434536
0.000802699
0.000670426
0.000950045
0.000938142
0.00062704
0.000449353
0.00839983
0.0180677
0.000576055
0.0033394
0.00238212
0.00681291
0.00107718
0.000532152
0.00494736
0.000251891
0.00087842
0.00164308
0.00284292
0.00147763
0.00131764
0.0015189
0.000858928
0.016394
0.00353856
0.00173986
0.00320447
0.0048482
0.00239753
0.00773525
0.00734088
0.0034147
0.00136689
0.00106083
0.00439556
0.00225363
0.00482252
0.000814708
0.000749659
0.000696394
0.00534599
0.00242855
0.00323269
0.000924998
0.00083112
0.000756411
0.0023187
0.000853389
0.00177622
0.00255547
0.00561025
0.000788158
0.00284093
0.0036521
0.000566876
0.000117205
0.0048164
0.0180538
0.0201412
0.0126391
0.00069958
0.000947627
0.000764682
0.0021783
0.00103785
0.000866345
0.00154467
0.000295589
0.00335091
0.00414079
0.00546351
0.000428015
0.000677538
0.00221581
0.00971973
0.00609613
0.0009891
0.000621381
0.000721017
0.000254349
0.000523685
0.000652542
0.000916579
0.00418308
0.000808911
0.00234994
0.0156977
0.000888867
0.000840239
0.00393918
0.00237207
0.00281022
0.00539054
0.00231874
0.0010112
0.00231901
0.000599888
0.00029749
0.00102904
0.00257156
0.000593777
0.000729874
0.00302655
0.0146076
0.00223017
0.00198128
0.00589874
0.001052
0.000569125
0.000990582
0.000946193
0.000579151
0.00293927
0.0056295
0.00548113
0.00237341
0.00275242
0.00203177
0.00115511
0.0120517
0.0014818
0.00152564
0.00273516
0.00589477
0.00115337
0.0129268
0.000726261
0.000579134
0.00506408
0.00243287
0.00127779
0.00910741
0.00276595
0.00397022
0.00251894
0.00210307
0.000567602
0.0060809
0.0082389
0.0040354
0.00313474
0.00175573
0.00193748
0.00616407
0.000273784
0.000786507
0.000769516
0.000413096
0.000641529
0.000277649
0.000941521
0.00789341
0.00329254
0.00260392
0.0014766
0.00263183
0.00688405
0.00110301
0.00780117
0.00343849
0.00312543
0.00447195
0.000775133
0.000733302
0.0162676
0.00312334
0.00577802
0.00755217
0.00441137
0.00306801
0.00238175
0.0183393
0.00114156
0.000800521
0.000818397
0.00799976
0.000954551
0.00278159
0.00304778
0.00646246
0.00226049
0.00192836
0.00264017
0.00613353
0.00451636
0.00202731
0.003375
0.0045855
0.000264849
0.000246747
0.000302779
0.000500979
0.00485647
0.00237434
0.00458049
0.000662028
0.000802825
0.000647757
0.000852202
0.00202263
0.000580226
0.00248613
0.00520044
0.00075562
0.00598654
0.00267861
0.000708548
0.00100198
0.0189834
0.0048937
0.00291952
0.00589927
0.00589266
0.00263796
0.00343835
0.00102414
0.00401405
0.00216517
0.00455397
0.00624643
0.00252221
0.0038894
0.000741252
0.00067898
0.000801458
0.0136178
0.000681161
0.00632026
0.0153965
0.000662531
0.000779015
0.000601157
0.00506298
0.00253284
0.00656639
0.00523199
0.00244593
0.00400664
0.00569659
0.00696869
0.0041724
0.00107561
0.0026663
0.000577192
0.00260956
0.000789948
0.00391566
0.000862882
0.00548775
0.00608299
0.000994205
0.000622324
0.00229493
0.0062794
0.00557707
0.00306665
0.00883386
0.0033056
0.000808752
0.00100194
0.00106826
0.0102118
0.0012966
0.00261926
0.00301642
0.00802359
0.000443805
0.000636934
0.000970253
0.00135504
0.0139493
0.00118838
0.000768477
0.00240162
0.00284
0.00123822
0.00233261
0.00473102
0.00473665
0.000771289
0.00236282
0.00731403
0.00238181
0.00487617
0.017049
0.000234235
0.000158628
0.000337977
0.000504517
0.0046248
0.00458877
0.000875023
0.00125925
0.000812501
0.000712631
0.000839164
0.0205975
0.0026061
0.00582317
0.00169587
0.00231367
0.00356299
0.00300139
0.0130643
0.00415756
0.00141062
0.000633811
0.000753482
0.0086726
0.000822065
0.00342247
0.00762098
0.00366299
0.00475295
0.00397321
0.00154681
0.0111707
0.00322653
0.000772979
0.0030834
0.00070996
0.00449538
0.00236796
0.00245943
0.00345442
0.000809553
0.000752573
0.000639224
0.00448935
0.00383224
0.00089602
0.000754815
0.00253382
0.00109371
0.00394539
0.000673146
0.000799217
0.00274634
0.00220836
0.00289368
0.0059788
0.00377795
0.00623218
0.00931136
0.000696202
0.000624231
0.00377781
0.00105045
0.00111937
0.000537191
0.000614848
0.00211562
0.000440387
0.000790027
0.000957154
0.00696656
0.00363069
0.00397361
0.000845757
0.00305907
0.00560202
0.017016
0.00203601
0.0032764
0.000784654
0.000767445
0.016036
0.00105542
0.00320194
0.000838885
0.00136081
0.000997528
0.00150406
0.000208212
0.00196437
0.00125403
0.000559577
0.000448953
0.000375699
0.000208987
0.000241399
0.000659724
0.0152733
0.0127769
0.00320543
0.00179538
0.00277599
0.00955137
0.000750929
0.000458415
0.000636887
0.00567022
0.00103342
0.0184356
0.00609114
0.00227676
0.00078558
0.00716898
0.00157731
0.000590911
0.000813285
0.0205274
0.00565916
0.000834153
0.00102129
0.00087793
0.00354484
0.0015698
0.0118059
0.000784191
0.000530603
0.00058243
0.000644836
0.000574346
0.00253821
0.00142512
0.000854251
0.000485223
0.00078116
0.000789263
0.00927781
0.000782474
0.00186777
0.00102311
0.00162882
0.00083159
0.00091281
0.00115294
0.0010974
0.00064189
0.000941859
0.000756492
0.0014081
0.000794885
0.00174498
0.00479661
0.000907018
0.000833685
0.00327453
0.00125066
0.000830214
0.00204009
0.000776611
0.0191459
0.00209505
0.000803642
0.000825744
0.000874956
0.0148182
0.000967524
0.002641
0.00256777
0.00537075
0.000688934
0.000893904
0.000867906
0.000550238
0.000828421
0.00122287
0.00183475
0.0016867
0.00147946
0.00018093
0.00222264
0.00144073
0.00104257
0.00107866
0.00158754
0.000492415
0.000891686
0.000604266
0.00103596
0.00074668
0.0138802
0.0007961
0.00610324
0.00078992
0.000783173
0.000736258
0.000668082
0.00073314
0.000650692
0.00734083
0.0148263
0.00429985
0.000608944
0.000826674
0.00295823
0.00100479
0.0019273
0.00120181
0.0025095
0.00507024
0.00108988
0.00680459
0.000485556
0.000841403
0.00604087
0.000818911
0.0143147
0.000723375
0.000509666
0.00391591
0.00767379
0.000614722
0.00314831
0.000617157
0.000660059
0.000688929
0.000586845
0.00102384
0.000741353
0.000830374
0.000832808
0.000877618
0.00106237
0.000928299
0.00102216
0.00423667
0.00097142
0.000723127
0.00547478
0.00243354
0.000863725
0.000696898
0.00721702
0.00332627
0.00624197
0.00870381
0.000947931
0.00113896
0.000320344
0.0153146
0.00217591
0.00434468
0.00227681
0.0180381
0.00238714
0.00019973
0.00109399
0.000405639
0.000479297
0.00220756
0.00038495
0.00113
0.00110363
0.00026233
0.001082
0.000180736
0.000224722
0.000563857
0.000644585
0.000812035
0.00602046
0.00338372
0.00598065
0.000431547
0.00133933
0.00158908
0.000552224
0.000692914
0.00078953
0.00840057
0.000808704
0.00321943
0.0010311
0.000746391
0.00098361
0.0198961
0.0128475
0.000551243
0.00510526
0.00731169
0.00444166
0.00713237
0.000744586
0.0069809
0.00506573
0.00311867
0.000938
0.00967756
0.000726274
0.000726347
0.00145753
0.00156524
0.00116378
0.000789776
0.0137821
0.00107107
0.000836886
0.00319101
0.00475408
0.00485718
0.000764913
0.000602278
0.00106768
0.000820418
0.00122235
0.000760552
0.0144305
0.00122415
0.00544048
0.00286815
0.00549554
0.0017164
0.00139552
0.00277626
0.00246834
0.001027
0.00102795
0.000586298
0.0011626
0.000909675
0.0191311
0.000916047
0.000777381
0.000754701
0.000904692
0.00083224
0.000776229
0.000868097
0.000748282
0.00297866
0.00113077
0.0125717
0.000730916
0.000744755
0.000656176
0.000665601
0.0017389
0.0107518
0.00172749
0.00099882
0.000606941
0.000767684
0.00284298
0.000783792
0.000704873
0.000825088
0.000792151
0.000843638
0.00100707
0.00059833
0.00724895
0.000525608
0.0129858
0.000807911
0.00156189
0.00073171
0.000425715
0.000676885
0.00331834
0.00108793
0.000738747
0.000636095
0.000713915
0.00103078
0.00160171
0.00115616
0.00210493
0.000813932
0.00180623
0.00131066
0.0044797
0.00598784
0.00360739
0.000828423
0.000173668
0.00757072
0.00134288
0.00605849
0.00665239
0.000475105
0.000859826
0.00110147
0.00378632
0.000246079
0.0147884
0.00579667
0.00111185
0.0115219
0.00630448
0.00122087
0.000499149
0.0071819
0.0191831
0.00999823
0.00129995
0.00146837
0.00167483
0.00290268
0.00083587
0.000374894
0.000573638
0.000783532
0.00258246
0.00173018
0.000381603
0.00673724
0.00127569
0.000461011
0.00059582
0.00410148
0.0146508
0.00111138
0.00276491
0.00523768
0.00870333
0.0151257
0.00254676
0.00223214
0.000794784
0.00522534
0.00171366
0.00758906
0.0055292
0.00231965
0.0039447
0.0063197
0.00979306
0.00462038
0.0155329
0.00340281
0.00166993
0.00140689
0.0169742
0.00182971
0.00464599
0.00455666
0.00341719
0.00315496
0.00801944
0.00742971
0.00750899
0.0150101
0.00151141
0.000375514
0.000806446
0.00794597
0.000702719
0.00479588
0.00174792
0.000830833
0.00432284
0.00356622
0.00723224
0.000586202
0.00985735
0.00173401
0.00284205
0.00291273
0.00117549
0.00132655
0.000887277
0.012586
0.00102496
0.00079664
0.00102107
0.0157129
0.00107379
0.00163142
0.00610401
0.00773887
0.00246738
0.00184574
0.011995
0.00176553
0.000785963
0.000140029
0.00662787
0.00463993
0.00843578
0.00644602
0.000739342
0.000675213
0.00555572
0.00582212
0.00094953
0.00151868
0.00131486
0.00152087
0.00108879
0.00555494
0.00170828
0.00300653
0.00572427
0.00144507
0.00639819
0.00130662
0.0010939
0.00129489
0.00154361
0.00204926
0.000777122
0.00104334
0.00167952
0.00125474
0.000378024
0.00176572
0.000648895
0.00082237
0.00845701
0.00283181
0.00544276
0.00124547
0.00515377
0.00514553
0.00654551
0.000936494
0.00237294
0.00174508
0.00111641
0.000248786
0.00019108
0.000215431
0.017659
0.000826288
0.00262157
0.0020005
0.00390613
0.00394859
0.00163057
0.000303387
0.000301155
0.000288667
0.000452711
0.000301532
0.00036914
0.000232138
0.000348141
0.000328475
0.000553478
0.000309682
0.000469799
0.000313075
0.000236268
0.00025225
0.000385542
0.000425901
0.000277114
0.000250765
0.000235632
0.000459975
0.00020947
0.000245388
0.000175442
0.000641534
0.000325319
0.000385263
0.000172648
0.000309723
0.000311917
0.000446314
0.000459486
0.00033323
0.000170485
0.000207166
0.000422975
0.000205568
0.000292657
0.000376014
0.000399237
0.000254696
0.000271806
0.000424008
0.000442947
0.00226348
0.00169917
0.0115393
0.000900568
0.00717601
0.00296134
0.0055125
0.0123909
0.00174071
0.000730267
0.000845366
0.00205332
0.00238905
0.00548049
0.0183745
0.0161145
0.00569112
0.00218052
0.00138834
0.00121185
0.00110777
0.00172583
0.000253485
0.00455686
0.00178593
0.00475902
0.00209866
0.0062775
0.00483544
0.00238884
0.00586923
0.0126765
0.00743104
0.0186135
0.00257329
0.0028309
0.00384713
0.000759565
0.0160081
0.00106807
0.00146062
0.00869009
0.00239011
0.00315752
0.00404881
0.00160121
0.0015423
0.000841893
0.000848842
0.0169383
0.00208906
0.000486696
0.000231861
0.00826949
0.0147412
0.000229936
0.00368619
0.00728905
0.000410056
0.000239318
0.00022208
0.000297727
0.000484311
0.000303484
0.000472512
0.000342593
0.000319392
0.000341951
0.000530683
0.000441995
0.000256437
0.00045324
0.000244346
0.000267135
0.000472124
0.000243101
0.000211292
0.000221496
0.000229477
0.000319471
0.000247507
0.00352519
0.00265463
0.000429979
0.000883815
0.00886647
0.000848691
0.0107742
0.000670371
0.00295741
0.0128836
0.0039446
0.00292072
0.0148818
0.00693475
0.000229488
0.0148868
0.00209156
0.00154134
0.0201989
0.00505497
0.0134438
0.00056117
0.0144206
0.00171835
0.000962498
0.0140027
0.000902693
0.00361783
0.00186371
0.000974367
0.000770077
0.00606255
0.000754492
0.00978283
0.0162583
0.00165881
0.0075958
0.000667705
0.0107293
0.00209885
0.00161824
0.000754932
0.00558591
0.00130592
0.00184333
0.00474247
0.000947656
0.00744693
0.000834636
0.00288151
0.000642547
0.00756463
0.00816516
0.020626
0.000161381
0.000771834
0.00102881
0.00735838
0.00292628
0.00032865
0.000629694
0.00534628
0.00413176
0.0139785
0.000832667
0.00138826
0.00179127
0.000835769
0.00340378
0.000880285
0.00795139
0.000532677
0.000179368
0.000231677
0.00986487
0.00664763
0.000789299
0.00468073
0.00505197
0.00212884
0.0142611
0.0171292
0.0120027
0.0145291
0.0146716
0.000864899
0.0077892
0.000679735
0.00228849
0.00197207
0.00730595
0.000723182
0.000871814
0.00116718
0.0148759
0.000521662
0.00146023
0.00175004
0.00264165
0.00283675
0.010215
0.0147662
0.00946168
0.00368718
0.000830396
0.0152092
0.000520643
0.0021288
0.0020396
0.00121605
0.00970724
0.0152834
0.00326199
0.0150017
0.00288638
0.00811906
0.00145432
0.00116186
0.00206867
0.0027914
0.00101229
0.00165833
0.00206533
0.0125854
0.00103003
0.00179812
0.00389316
0.00374704
0.00145254
0.005633
0.00207602
0.0140879
0.00526615
0.00669919
0.00399886
0.00153854
0.00121183
0.0024569
0.00360954
0.00164211
0.00162149
0.00290782
0.0152578
0.0149081
0.010263
0.0109163
0.0146877
0.0107183
0.0146962
0.000638285
0.0146995
0.0149543
0.0111865
0.0121469
0.015355
0.0115132
0.0145478
0.0155144
0.0148607
0.00160318
0.00156643
0.00176514
0.0135343
0.00121005
0.00170338
0.00148075
0.00113865
0.000203247
0.000225893
0.00688297
0.0136563
0.00691874
0.0024068
0.0026773
0.00823828
0.0133352
0.00748629
0.00300489
0.00110353
0.00116813
0.00131185
0.00323876
0.00950308
0.00271729
0.00149368
0.00204783
0.0054492
0.00328564
0.00386013
0.00160258
0.00665071
0.00204121
0.000651706
0.00267705
0.000308318
0.0066771
0.00120636
0.00157718
0.00111231
0.00160712
0.00284359
0.00280011
0.00258044
0.00444232
0.00461221
0.00123504
0.00297318
0.0115167
0.0028785
0.0027373
0.0030397
0.00416788
0.00971502
0.00163998
0.0021417
0.00964861
0.00483859
0.00304454
0.00275628
0.00117989
0.0031706
0.0108023
0.0033455
0.00207405
0.00251025
0.00216053
0.005608
0.00118742
0.016162
0.00276158
0.00118229
0.00171164
0.00229243
0.00509205
0.00123688
0.00124986
0.00305775
0.00569368
0.00239383
0.0154869
0.00972053
0.0018782
0.0105437
0.00198416
0.00209222
0.00304167
0.00142659
0.00292669
0.00116164
0.0148572
0.00339366
0.00228576
0.00166896
0.00792151
0.0141389
0.0014975
0.00148947
0.00610264
0.00612445
0.00321228
0.00240063
0.00137385
0.00122329
0.00667209
0.00623149
0.00521861
0.0134004
0.0134277
0.00168967
0.00491448
0.000535749
0.00170757
0.00517628
0.00192458
0.00111681
0.00171889
0.00137908
0.00285421
0.00142737
0.00486399
0.000555159
0.00601687
0.00451356
0.00130202
0.00520331
0.0025654
0.00769429
0.0010717
0.00268195
0.00141636
0.00873318
0.00745827
0.00208905
0.00267189
0.00203708
0.00147605
0.00121398
0.0044491
0.00385103
0.00502829
0.00608638
0.000390417
0.000794496
0.000780751
0.00625533
0.00108056
0.00137158
0.00636609
0.00697964
0.00531332
0.00150759
0.00148154
0.0071811
0.00340822
0.00544813
0.00139895
0.00742911
0.00648641
0.0063409
0.000346801
0.00660522
0.00902488
0.0134445
0.00333181
0.00890768
0.00676547
0.0026425
0.00594525
0.00895718
0.000920204
0.00235018
0.00785447
0.00430884
0.00639306
0.006907
0.00685992
0.00957194
0.000539941
0.00371117
0.00320117
0.00769795
0.00236967
0.00217549
0.00950819
0.0089225
0.00789277
0.00146144
0.00265975
0.00540176
0.000829817
0.00936185
0.0013369
0.00868026
0.00149172
0.0027216
0.00134318
0.000342997
0.0060204
0.00145828
0.00659167
0.00143486
0.00121109
0.00791168
0.00419857
0.0026459
0.00558741
0.00291329
0.00197083
0.00121489
0.00326887
0.000691859
0.00198212
0.00203331
0.00250782
0.000454361
0.00256275
0.00040036
0.0131631
0.0012892
0.00234483
0.00160863
0.00174589
0.00142432
0.0025452
0.00141862
0.00158431
0.00521308
0.00166608
0.00207833
0.00167
0.00535066
0.00232275
0.00146233
0.00176207
0.00538381
0.00488303
0.00171735
0.00542846
0.00287822
0.00142133
0.00309977
0.00092064
0.0125706
0.000870108
0.00220085
0.00184208
0.010935
0.000940022
0.00158462
0.00215772
0.00920458
0.00139811
0.00153664
0.00890872
0.00251639
0.00133795
0.00161814
0.00136183
0.000913885
0.00124704
0.00581135
0.00250512
0.00144993
0.0122516
0.0137563
0.000915165
0.000739112
0.00138072
0.00192027
0.00687621
0.00130366
0.00236491
0.00279084
0.00195688
0.00123478
0.00647123
0.00193043
0.00514559
0.00534628
0.00142928
0.00107059
0.00188288
0.00440832
0.00114684
0.00179017
0.00162523
0.012283
0.00657771
0.00642884
0.0115728
0.0019625
0.00139483
0.0062377
0.00949078
0.0015627
0.0078189
0.00241195
0.00126411
0.00171444
0.00531888
0.00649119
0.00136545
0.0061992
0.0024962
0.00245348
0.00360393
0.00240713
0.0051544
0.000438357
0.0022902
0.00167768
0.0133878
0.00091644
0.00107869
0.00800617
0.00079958
0.000827149
0.0116973
0.000432327
0.00225503
0.00113364
0.00148564
0.00169476
0.00891203
0.00402767
0.00685345
0.00475654
0.00290605
0.0031746
0.00127597
0.007845
0.00604973
0.000299291
0.000299625
0.000601833
0.000800885
0.000800075
0.0105134
0.00232619
0.00106312
0.00149395
0.00346038
0.00459712
0.00225964
0.000274072
0.0111695
0.00981425
0.0020089
0.000613512
0.00292938
0.00334368
0.00718182
0.000505203
0.00196059
0.0114966
0.000916382
0.00135762
0.00179629
0.00911748
0.00544602
0.00120628
0.00248231
0.0107916
0.00392455
0.00228117
0.00168036
0.00169653
0.000555843
0.000837184
0.00374979
0.00449861
0.00460237
0.00630458
0.012989
0.0052019
0.0025519
0.00172672
0.00168718
0.0144828
0.0113122
0.0138104
0.0128458
0.00974122
0.00609309
0.00377303
0.00300603
0.00210393
0.00145981
0.00906261
0.0116514
0.0111161
0.00234657
0.0129597
0.00682069
0.00651869
0.00591571
0.000699285
0.00556583
0.00236465
0.00103037
0.00153559
0.0022438
0.00219365
0.00200143
0.00600532
0.00769508
0.00127548
0.0140582
0.00702798
0.00924405
0.0052431
0.00229956
0.00118246
0.000952165
0.00109075
0.000665826
0.00096022
0.000743584
0.00919487
0.00206567
0.000792296
0.0015123
0.00343341
0.00540066
0.00514561
0.0026635
0.00613129
0.00322138
0.00325439
0.00814432
0.00346936
0.00133591
0.00225905
0.00198015
0.000296305
0.00182269
0.000650688
0.00191746
0.0146493
0.00125993
0.00145393
0.00171764
0.00580701
0.00108072
0.00517722
0.00887119
0.00182995
0.00173309
0.00398695
0.00417918
0.00409819
0.00671509
0.00166072
0.0108677
0.00272456
0.00718835
0.014156
0.00850523
0.00252359
0.00429907
0.00155539
0.00779977
0.0100667
0.00388179
0.00155866
0.000809501
0.000739662
0.00110998
0.00298022
0.00743419
0.00130999
0.000858043
0.00806057
0.00755526
0.00656234
0.00396062
0.00131377
0.00784553
0.00810783
0.00180911
0.00174835
0.00401835
0.00585792
0.0152864
0.00483386
0.0123293
0.00162443
0.0075785
0.0020482
0.00670587
0.0111395
0.00232363
0.00319207
0.00167532
0.00505022
0.00495686
0.00168817
0.000252355
0.00019481
0.00821864
0.00637133
0.00908268
0.00538562
0.0110255
0.00890824
0.000795646
0.00467357
0.00740452
0.00355568
0.00373256
0.00765026
0.00865961
0.00210716
0.00096301
0.00140161
0.0106537
0.00158731
0.0117345
0.00275821
0.000727158
0.0107051
0.00162231
0.00171836
0.00940322
0.0148816
0.0130498
0.0144223
0.000388357
0.00107911
0.00563019
0.00842695
0.0141323
0.0140245
0.0027013
0.00947793
0.00247902
0.00133554
0.00361098
0.00273404
0.0106
0.00568676
0.014694
0.00350297
0.00147768
0.00784078
0.0039384
0.0045439
0.00189727
0.00367532
0.00815814
0.00129267
0.00222903
0.00661041
0.00730052
0.0123887
0.00268183
0.00253092
0.0129412
0.00104008
0.000757633
0.00182587
0.00935707
0.00930267
0.0060867
0.00395586
0.00114348
0.00112658
0.00648283
0.00163163
0.00744211
0.00866001
0.00369168
0.00641442
0.00252943
0.00472951
0.00991321
0.0134974
0.00648333
0.00170211
0.00252252
0.00200474
0.00121909
0.0049152
0.00101983
0.0025087
0.0146536
0.0132298
0.0148391
0.00892813
0.0119341
0.00197444
0.00557325
0.00151892
0.0104344
0.019102
0.0130785
0.00919126
0.000740482
0.00190397
0.00857766
0.0110718
0.00585988
0.00591309
0.00233015
0.00576469
0.00225439
0.00286803
0.00186363
0.000334
0.0138653
0.00126593
0.00844236
0.000838101
0.00761885
0.00498197
0.00231233
0.0065041
0.00876923
0.0011665
0.00764155
0.0136279
0.00273459
0.000505178
0.0110903
0.00582103
0.00516707
0.00233064
0.000647201
0.000818432
0.00371855
0.0156592
0.0113629
0.00383608
0.00667328
0.0110327
0.000942342
0.00462093
0.0048696
0.00476843
0.000743916
0.00230659
0.0114671
0.00418879
0.00553562
0.0053395
0.0158871
0.00454969
0.000996828
0.00119547
0.000916853
0.00310238
0.000797635
0.00638211
0.00321303
0.0108455
0.00113178
0.00157141
0.00092664
0.0124269
0.0062401
0.0144004
0.00417067
0.00107263
0.00416705
0.00573961
0.00461572
0.000808285
0.0112892
0.00265078
0.0012851
0.00164917
0.000788975
0.0136859
0.000854905
0.0161161
0.00866031
0.000920867
0.00910806
0.000795081
0.0150607
0.00971031
0.00148043
0.00201109
0.00255684
0.0156031
0.000848174
0.000779102
0.000769034
0.00422433
0.000798339
0.00120055
0.00935433
0.00516525
0.00767198
0.0044908
0.00647118
0.00103106
0.0147367
0.00837407
0.00262592
0.000739293
0.00434578
0.00779372
0.000288351
0.000184308
0.000265887
0.0146822
0.00215054
0.0154135
0.00477294
0.00488876
0.00981075
0.013374
0.00191471
0.0031309
0.00665639
0.00493864
0.00241846
0.0045743
0.000866495
0.00913169
0.00140933
0.00220376
0.000889617
0.00135081
0.00278781
0.00239538
0.00553754
0.00309319
0.00230503
0.0157331
0.0068894
0.00731376
0.00852394
0.00163107
0.00109552
0.00345203
0.00172694
0.012221
0.00577761
0.0120149
0.00860343
0.00178266
0.000948906
0.00129437
0.00357636
0.00129771
0.00865523
0.00199332
0.00115741
0.00261862
0.00959327
0.00354979
0.0147524
0.000602156
0.0100276
0.00259109
0.00307254
0.0016618
0.00593717
0.00666078
0.00266154
0.00152409
0.00517292
0.00613605
0.0015918
0.00233581
0.0146601
0.0108058
0.00651996
0.00725147
0.00588109
0.0180732
0.0139455
0.00170645
0.00245613
0.00345361
0.00186385
0.00382685
0.0131569
0.0137537
0.000744316
0.0083732
0.00191124
0.00244333
0.00196297
0.00364209
0.00447042
0.00383038
0.000484024
0.00790832
0.00826991
0.00193671
0.00231716
0.00273677
0.00618342
0.00350753
0.00270086
0.000611388
0.00260407
0.0124025
0.0081982
0.00398944
0.00226309
0.00608044
0.000988674
0.00113562
0.00104903
0.000908711
0.00141293
0.00183959
0.00124763
0.00184506
0.0157944
0.000687675
0.00161848
0.00121081
0.000931337
0.0064086
0.001615
0.000790061
0.00101787
0.00394634
0.00245418
0.00163354
0.00117694
0.00121124
0.00186977
0.000895719
0.00126068
0.00881062
0.00617886
0.000804263
0.00596852
0.00143705
0.00329349
0.0109604
0.00568957
0.00839723
0.000894174
0.000970372
0.000153313
0.000358754
0.00204739
0.0148254
0.00224248
0.0163156
0.0052333
0.00183575
0.0071629
0.00168441
0.000805116
0.00322842
0.00483553
0.00714146
0.00827686
0.00190865
0.000882629
0.00119436
0.000732779
0.00121036
0.0129117
0.00184515
0.00357574
0.0071908
0.000509478
0.00594409
0.00257764
0.00108045
0.00254987
0.0104113
0.0134964
0.0140058
0.0110843
0.000853616
0.000862267
0.00562178
0.0125172
0.00694786
0.00843239
0.00397099
0.00738687
0.00113638
0.000806264
0.000791163
0.00861175
0.00751289
0.00189753
0.00192872
0.000890388
0.00194139
0.00736973
0.00161146
0.00266631
0.0076409
0.013218
0.0127053
0.00109131
0.0146089
0.00122701
0.0135684
0.00560864
0.00553414
0.00253017
0.00409708
0.00135739
0.00723526
0.0138381
0.0121088
0.00125387
0.00105607
0.000885353
0.000883838
0.00074095
0.00119939
0.00229935
0.0037556
0.00788454
0.00635701
0.00245401
0.000839709
0.0138183
0.000765406
0.00112154
0.00523676
0.0148971
0.00618006
0.00326604
0.00867857
0.00666969
0.000820267
0.000841071
0.00431097
0.00305877
0.0116351
0.000865875
0.00844156
0.00745511
0.00133247
0.00647616
0.000944732
0.00131499
0.000692051
0.000677538
0.000315404
0.000745427
0.000901878
0.00106423
0.000827452
0.000233875
0.000174424
0.000255121
0.0161959
0.0156663
0.000848068
0.00931968
0.00346266
0.0078421
0.00842743
0.00631499
0.00485355
0.0135913
0.0103655
0.00434615
0.00436308
0.003956
0.00959277
0.00242796
0.000921665
0.000905392
0.00154539
0.00121881
0.000973342
0.00082184
0.00891556
0.00335464
0.000198652
0.000682404
0.000941236
0.00592969
0.000798187
0.00562426
0.00157923
0.0016187
0.00327146
0.000757469
0.0013532
0.0010407
0.00147219
0.00099854
0.00660386
0.00103868
0.0104698
0.00162612
0.0012793
0.0200012
0.00356687
0.00424917
0.0140891
0.000209795
0.000399086
0.000681655
0.000701289
0.000610093
0.00111058
0.000796011
0.00122414
0.00260236
0.00211138
0.00531276
0.00128401
0.00671574
0.00164637
0.0102873
0.000584203
0.00229514
0.000835227
0.00735806
0.00342799
0.00323871
0.0132677
0.0113844
0.00116033
0.00191774
0.00664297
0.0109101
0.0104438
0.00422751
0.00312126
0.00232789
0.00264183
0.00678854
0.0145786
0.0137919
0.00587479
0.000549156
0.0117091
0.00197753
0.00992569
0.00764599
0.00246993
0.000975944
0.00148296
0.0145849
0.000738815
0.000645605
0.00404598
0.00201247
0.00141489
0.00268792
0.0089723
0.00555586
0.0118498
0.00560762
0.00931811
0.00151024
0.00100988
0.0010737
0.000172456
0.000335508
0.000171036
0.00661755
0.00104211
0.00783747
0.0104148
0.0057143
0.0113033
0.0150263
0.000824349
0.000721868
0.00164877
0.0068623
0.00553968
0.019704
0.00091488
0.0111489
0.00136908
0.00103189
0.00117695
0.0134449
0.000763007
0.00108504
0.000727413
0.000524115
0.00228691
0.0137023
0.00319636
0.0013483
0.00139679
0.00135092
0.0113196
0.00396471
0.00111178
0.00806282
0.00659117
0.00085024
0.00288031
0.014901
0.0023844
0.0097576
0.000662754
0.00486821
0.00215604
0.00491247
0.000870115
0.0040342
0.00437542
0.00226834
0.00936742
0.00391455
0.0130111
0.00237265
0.00094187
0.00215631
0.00145024
0.00264869
0.00943777
0.00621728
0.00779884
0.0011373
0.00120356
0.015222
0.0115192
0.000635548
0.00170406
0.00504523
0.00108972
0.00244834
0.000790587
0.0151796
0.0068026
0.0137409
0.00543434
0.00167966
0.00502421
0.00760631
0.00657001
0.000714568
0.00116844
0.00333247
0.00576005
0.000649847
0.000670834
0.0019838
0.000644502
0.00172764
0.00122609
0.00632985
0.00682634
0.00503574
0.00576298
0.000838234
0.000803081
0.00800021
0.00324173
0.00615005
0.00115203
0.00247624
0.000159091
0.0145391
0.00014582
0.000626389
0.00169901
0.00884825
0.00518313
0.00859885
0.00063129
0.000837221
0.00124612
0.000175314
0.000686962
0.000358722
0.000144399
0.000712405
0.00165375
0.00398861
0.0158462
0.00920485
0.00527424
0.000172146
0.000381728
0.000191981
0.000113862
0.000166912
0.000152264
0.000704291
0.00482196
0.000721088
0.00162043
0.00198284
0.000886089
0.00384377
0.00299492
0.00147203
0.000168939
0.000765562
0.00954226
0.00529128
0.00278849
0.000814634
0.000453493
0.00494736
0.000711213
0.000629842
0.00751736
0.000774583
0.00393695
0.00825014
0.000553764
0.000712655
0.000464612
0.0140406
0.00143322
0.00252895
0.00447802
0.000685063
0.000852895
0.00438969
0.000469428
0.000240254
0.000572651
0.00206484
0.00256335
0.000443717
0.0151932
0.00702627
0.00049038
0.00119491
0.00513027
0.00456109
0.00790404
0.0141515
0.000691574
0.0111842
0.000607596
0.00160025
0.000536071
0.00149633
0.00253893
0.00023494
0.000683705
0.0155192
0.000467678
0.000665775
0.00039128
0.000668044
0.000785744
0.00170553
0.00275443
0.00878939
0.000663523
0.00178919
0.00132801
0.000708871
0.00819108
0.000748484
0.00964835
0.000859375
0.00138097
0.000721036
0.00047037
0.00131062
0.00119372
0.01198
0.000510435
0.000468564
0.000673354
0.00596122
0.00393471
0.000753811
0.00164644
0.000741187
0.000762658
0.000240032
0.000651649
0.00106409
0.00539615
0.010454
0.000862592
0.000645192
0.000845058
0.0102521
0.00084069
0.000871614
0.00274973
0.00193061
0.00133879
0.000609436
0.00100761
0.00950468
0.000234124
0.00119631
0.0049527
0.00614583
0.00164214
0.00180624
0.00271468
0.00161446
0.000996172
0.000728766
0.00245112
0.000755131
0.000480988
0.000852716
0.0100806
0.00333603
0.0045993
0.00713748
0.00273188
0.00333912
0.00176772
0.000943067
0.00277226
0.00259251
0.00233264
0.000496531
0.00340473
0.00972128
0.00477235
0.0140773
0.00310779
0.00736446
0.00181159
0.00079383
0.00256643
0.000122035
0.000177526
0.00409595
0.000755593
0.00117708
0.00483029
0.0052463
0.00196787
0.0018578
0.00238845
0.00944232
0.0134601
0.0110054
0.0012796
0.00316959
0.000656125
0.00182688
0.000896993
0.00407175
0.0157113
0.0022538
0.00124489
0.00422177
0.00812754
0.000700962
0.000240506
0.00248185
0.00763292
0.000777601
0.00351846
0.00933974
0.00303367
0.00121234
0.000708589
0.00244256
0.0137233
0.00170812
0.00342085
0.00454867
0.0039148
0.00123547
0.0101598
0.00386537
0.000873198
0.000897545
0.000573232
0.000643891
0.000463068
0.0008402
0.0160127
0.0102289
0.000283373
0.00876591
0.0138958
0.000447176
0.00871962
0.0026437
0.00970609
0.00129699
0.000770344
0.00411572
0.00491845
0.00352284
0.00332889
0.0082298
0.006721
0.00298671
0.00500789
0.00157098
0.00167991
0.00268711
0.00112121
0.00358678
0.00709994
0.00268852
0.00308199
0.00022864
0.000195377
0.000761326
0.00111442
0.00701835
0.00389901
0.00194807
0.00678248
0.00075193
0.00194108
0.00108929
0.000917539
0.000647175
0.00468331
0.0021172
0.0154725
0.00115896
0.00890783
0.000550724
0.00112022
0.0119133
0.00794893
0.00525384
0.00524657
0.00118238
0.0110981
0.00518757
0.00135095
0.000836652
0.00255227
0.00317655
0.000771086
0.0108184
0.000881552
0.000749188
0.000936611
0.00703258
0.00652612
0.000506271
0.00602813
0.000215403
0.00146765
0.00284111
0.00664301
0.000847849
0.0156507
0.000834457
0.00392277
0.00520155
0.000737931
0.000655929
0.000767885
0.00161365
0.00628082
0.00377563
0.00487024
0.0031467
0.00344875
0.000806705
0.00469115
0.00368814
0.00689907
0.000710096
0.00106638
0.00144419
0.00131116
0.00022484
0.000161038
0.000762769
0.00343406
0.00756695
0.00310195
0.000592953
0.0175441
0.00640377
0.00625459
0.00333122
0.00183335
0.00200725
0.00127266
0.00670485
0.00299901
0.00556324
0.00177671
0.00207838
0.000573556
0.0133849
0.00418797
0.00415456
0.000972432
0.00189402
0.00271507
0.00127035
0.000609519
0.000588274
0.000202974
0.000651302
0.000828454
0.0038994
0.0116449
0.000808476
0.00505394
0.00236269
0.00477792
0.00526281
0.00247704
0.00584562
0.00249599
0.00264413
0.0043057
0.0125518
0.00695802
0.00119358
0.000844064
0.00450786
0.00299494
0.000428832
0.00252845
0.0016887
0.00083393
0.00067393
0.000174117
0.000597581
0.000181036
0.000538664
0.000649024
0.000837395
0.000732213
0.00775772
0.0110939
0.00183815
0.000796533
0.0145566
0.000774895
0.00103455
0.000686134
0.00121422
0.00441481
0.00098759
0.000776337
0.0156954
0.0018581
0.000988124
0.00100066
0.00129718
0.00736866
0.000627461
0.00218691
0.0107545
0.0129139
0.00121222
0.00108294
0.000683111
0.000364906
0.000714133
0.000646565
0.00128192
0.000817668
0.00129079
0.00100285
0.000544137
0.00320369
0.00265464
0.00165798
0.00105441
0.0068512
0.00283358
0.0011262
0.000355406
0.00312413
0.014203
0.00421724
0.00230838
0.000427152
0.0135487
0.00375983
0.0061582
0.00608792
0.0015837
0.000636725
0.000191559
0.00114022
0.00245708
0.00558817
0.00548668
0.000777906
0.00444646
0.000721839
0.00207574
0.00141465
0.00237783
0.0122492
0.00558589
0.00852258
0.000540781
0.000731509
0.00560399
0.00241742
0.000422049
0.000663792
0.00298591
0.00225397
0.00394889
0.00233968
0.00241034
0.00217447
0.00249405
0.00258955
0.000709568
0.000576043
0.00404806
0.015637
0.0108457
0.00255824
0.0112481
0.00580706
0.00232496
0.00749811
0.00222715
0.00448805
0.00241687
0.00176629
0.00406368
0.0114857
0.00119396
0.00608703
0.00638203
0.00133037
0.00223794
0.00116046
0.0131509
0.00959501
0.00329586
0.0152352
0.0103117
0.0157702
0.00441378
0.00721138
0.000172438
0.000818673
0.00525305
0.0116868
0.0114851
0.00472778
0.00564179
0.00250492
0.00271483
0.00151571
0.00364246
0.00169738
0.000468461
0.000324439
0.00861875
0.00808917
0.00170722
0.00650348
0.00432878
0.000629514
0.000699553
0.000230363
0.00199789
0.00294444
0.0040367
0.0167974
0.00141091
0.000837686
0.000446141
0.00794779
0.00837993
0.00314183
0.00160654
0.00260011
0.000718796
0.000865725
0.000805454
0.00104387
0.00954015
0.0112402
0.00114941
0.00119643
0.00102079
0.0102509
0.00586836
0.00106732
0.00964419
0.00184802
0.0168902
0.0155314
0.00738523
0.00978006
0.000624074
0.000517109
0.00202832
0.00162701
0.000593777
0.000802394
0.000760484
0.00170546
0.0132696
0.00538932
0.00141223
0.00103339
0.00476635
0.00257036
0.000400272
0.00115846
0.0151182
0.0085534
0.00439102
0.000890822
0.00120907
0.000503421
0.0151011
0.00077888
0.00109897
0.0019062
0.000907007
0.000774043
0.00115063
0.00746751
0.00523437
0.00570838
0.00411315
0.00319242
0.00191878
0.00114649
0.00138587
0.00725021
0.000275428
0.00214709
0.00178268
0.00124845
0.0139022
0.0016914
0.00161006
0.000776768
0.00544028
0.00661179
0.00149862
0.00109594
0.00203881
0.00430941
0.00234244
0.000643885
0.00134178
0.000672481
0.000773563
0.00509359
0.00306634
0.00717264
0.0134208
0.00316424
0.0133147
0.00115435
0.00298677
0.00312373
0.0138906
0.0154446
0.00704872
0.000817659
0.00958172
0.000697079
0.000990885
0.000910305
0.000833126
0.00097838
0.0025812
0.00424756
0.00443271
0.0157203
0.00164838
0.00157483
0.00171431
0.00279593
0.00374533
0.00147364
0.00505557
0.00243644
0.0150854
0.000745679
0.000459759
0.000669421
0.00122031
0.018401
0.00122057
0.017024
0.000637309
0.000716974
0.00297446
0.00381779
0.000593031
0.007497
0.0196191
0.00254853
0.00146785
0.00288746
0.00194862
0.00394667
0.00383332
0.000708452
0.0131912
0.0034303
0.0059965
0.00526216
0.0055748
0.0107261
0.00108726
0.000845249
0.000637612
0.0034017
0.00330473
0.000875472
0.00275019
0.00170881
0.00157481
0.000824907
0.00104524
0.00140479
0.00437157
0.000543496
0.000894009
0.000528322
0.00485968
0.00576483
0.00669137
0.00562661
0.0097692
0.0103773
0.00294059
0.000529884
0.000946546
0.00187831
0.00129273
0.000912176
0.00132289
0.000708791
0.000866598
0.0034287
0.0101559
0.000789105
0.000898251
0.000904399
0.00589414
0.00194566
0.00318896
0.00787568
0.00502105
0.0036389
0.000960093
0.000761509
0.00530236
0.00133122
0.000956053
0.00916957
0.00084423
0.000748796
0.000754383
0.00138702
0.00175858
0.000585266
0.00134085
0.00217698
0.0144449
0.00269687
0.000249043
0.00284407
0.00652317
0.00149595
0.0112086
0.000717461
0.00459871
0.00259501
0.00823654
0.00103885
0.000504547
0.000804936
0.00279297
0.0047921
0.00376189
0.0143794
0.00875994
0.0161215
0.000915063
0.0107542
0.0162257
0.00137551
0.00084837
0.00861522
0.00156743
0.0148058
0.00492979
0.00533718
0.00426434
0.0117014
0.0156387
0.00311033
0.00279037
0.0106602
0.000862707
0.000178874
0.00173526
0.000141975
0.00177789
0.000626321
0.000653667
0.000718057
0.000840365
0.000768894
0.000677367
0.000724824
0.0016961
0.00600417
0.000783207
0.00269728
0.0107622
0.00118282
0.0055708
0.00695652
0.000537834
0.000767611
0.00372108
0.0039648
0.00120001
0.000813577
0.00397643
0.00969265
0.0108895
0.000793799
0.00091099
0.00117505
0.0022964
0.00111615
0.00893988
0.00438675
0.00118942
0.00196561
0.00356354
0.00197853
0.00194089
0.00318935
0.00995299
0.00476385
0.0010625
0.000713485
0.000765421
0.000762005
0.000730086
0.00138887
0.0149297
0.0089073
0.00446825
0.000183941
0.00366831
0.0132831
0.00399462
0.00738166
0.000691961
0.00240527
0.00831799
0.00232253
0.00151809
0.00464332
0.00420482
0.012058
0.00853691
0.00412678
0.0118901
0.00368069
0.0145177
0.000834156
0.00726758
0.00911978
0.000748173
0.00104661
0.0104037
0.000141277
0.000132012
0.000120824
0.000125362
0.000144898
0.000126652
0.000155178
0.000157322
0.000152752
0.000162415
0.000820963
0.000861132
0.000828553
0.000721447
0.000766158
0.000954453
0.000847375
0.00108204
0.00058306
0.000701336
0.000624876
0.000632568
0.000691278
0.00105043
0.00071217
0.000632623
0.000637201
0.000746295
0.000797328
0.000585508
0.000566297
0.000579435
0.000597078
0.00103314
0.000183683
0.000539709
0.00106778
0.000160491
0.000888888
0.000915403
0.00100774
0.000831307
0.000491608
0.00130072
0.00130086
0.00132639
0.00075123
0.00130583
0.00123554
0.000739062
0.00117272
0.00120906
0.00124172
0.00131639
0.000926113
0.00104573
0.00126867
0.00118014
0.00130653
0.00111824
0.00112161
0.000714938
0.00112965
0.00116438
0.00102696
0.000721001
0.000710422
0.00074525
0.0159415
0.00016295
0.000160847
0.016522
0.000757628
0.000153534
0.000147471
0.00310928
0.00303584
0.000730084
0.00222399
0.000299019
0.000305333
0.000174449
0.00230934
0.000170565
0.00134284
0.000514228
0.000818661
0.000422743
0.000211935
0.00960022
0.00226017
0.00893295
0.0021192
0.0102968
0.00527236
0.0016845
0.000847651
0.000643454
0.000471995
0.00782457
0.00022343
0.000449349
0.00149865
0.00488946
0.00535762
0.00669243
0.00891868
0.000533326
0.00232765
0.000708267
0.000922972
0.00269591
0.00125578
0.00842523
0.0010583
0.000130774
0.000223328
0.00886896
0.00175795
0.000215907
0.000173459
0.000699859
0.00162236
0.00179628
0.00392032
0.00239554
0.00205257
0.0102381
0.000220896
0.00494953
0.00369697
0.00370642
0.00356373
0.00153746
0.00123594
0.00100021
0.00072965
0.000346257
0.000239619
0.00123715
0.00129418
0.000903665
0.00302447
0.016075
0.000755966
0.00538688
0.00166198
0.00583978
0.0052159
0.000939038
0.00688738
0.00725548
0.00426397
0.00327316
0.00353618
0.00840889
0.00539531
0.00132312
0.000977022
0.000861826
0.0022367
0.000913206
0.000872241
0.00188313
0.0179455
0.000901162
0.00944944
0.000698615
0.000683256
0.00475076
0.000140604
0.000230473
0.000275536
0.000254585
0.00481584
0.00641649
0.00601215
0.00333636
0.00184397
0.000190571
0.000862891
0.00014305
0.00250004
0.00769498
0.00839722
0.00617852
0.00868509
0.00448994
0.0163852
0.000962191
0.00582753
0.00295956
0.00447388
0.00927521
0.00394423
0.000815555
0.000173442
0.000242494
0.000205195
0.000255977
0.000969772
0.00293786
0.00200318
0.00559716
0.00109002
0.00259916
0.00077968
0.002561
0.00383485
0.0176723
0.00125396
0.000582083
0.0109102
0.00768315
0.00117317
0.000753113
0.0123527
0.000691844
0.00219324
0.0138443
0.00178918
0.00264899
0.000609842
0.000797946
0.000200531
0.000739913
0.000287733
0.0041523
0.00231113
0.00225537
0.000927211
0.0107882
0.000484625
0.000872235
0.000860749
0.00293216
0.00237795
0.00176529
0.000136492
0.000207591
0.000246709
0.00100321
0.000184763
0.0044204
0.00475095
0.0155191
0.00908911
0.0058763
0.000822844
0.0080457
0.000990823
0.00330494
0.012744
0.0150471
0.0116126
0.00231461
0.00511577
0.00169592
0.00249056
0.00336145
0.000830289
0.000698601
0.000949368
0.00121821
0.00182198
0.00128045
0.00101866
0.00209119
0.00180006
0.00408194
0.00151814
0.00863242
0.00281456
0.00190995
0.00192569
0.00487257
0.00104568
0.0156588
0.00802014
0.000984421
0.000706492
0.00112343
0.00208526
0.00141363
0.0106542
0.0031964
0.000733373
0.0140855
0.00739843
0.00763216
0.00383632
0.0046873
0.0011244
0.000896656
0.00399282
0.000466374
0.00217892
0.000712694
0.000871259
0.000454345
0.000952071
0.000492296
0.000809502
0.00682818
0.00131145
0.00118207
0.00176425
0.00209288
0.000920003
0.000776335
0.00180214
0.00822061
0.0105246
0.00189592
0.00104443
0.00147387
0.00136457
0.00146248
0.0155474
0.014708
0.00197943
0.00287397
0.00890177
0.00402171
0.00387481
0.0012415
0.00549486
0.0057077
0.00761184
0.000845963
0.00050511
0.00112123
0.00363945
0.00370009
0.00787863
0.00939382
0.00600067
0.000811968
0.0106519
0.00161901
0.00106194
0.000687759
0.00245736
0.000727098
0.000987376
0.000274559
0.000766919
0.000407391
0.000197452
0.0143872
0.0025932
0.00385795
0.00237646
0.00612612
0.00143033
0.00101373
0.00142812
0.00391652
0.00360432
0.00124539
0.00341762
0.0021729
0.0100281
0.0152596
0.00953306
0.00426964
0.00224337
0.00106671
0.000149207
0.00112406
0.00816129
0.00571586
0.00087173
0.00273406
0.00285742
0.0029155
0.00012441
0.00278795
0.00117615
0.00120129
0.00264739
0.00174094
0.001848
0.0151969
0.00186264
0.00602431
0.00038874
0.00829663
0.00107336
0.013029
0.000111773
0.00585832
0.00265928
0.00103724
0.0107401
0.00294916
0.00201346
0.0013009
0.00105992
0.003506
0.0124742
0.019061
0.00113219
0.00187173
0.00255748
0.0010771
0.000645237
0.00257801
0.00449022
0.00770929
0.00898419
0.006069
0.000222882
0.00127857
0.00194124
0.00181386
0.0067671
0.00880485
0.0042595
0.00480066
0.00257749
0.00341119
0.00193399
0.000983672
0.00158292
0.000478444
0.00143138
0.00255703
0.00318865
0.00605556
0.00472275
0.00245191
0.000837405
0.00168004
0.00104343
0.015394
0.00239075
0.00438163
0.00534417
0.01127
0.00678424
0.0130598
0.00123103
0.00111926
0.00072052
0.00111191
0.00118667
0.0126856
0.00984827
0.00179166
0.000499915
0.00113169
0.000613937
0.000561073
0.00127316
0.000488422
0.00359604
0.00230134
0.00756466
0.00332979
0.00183103
0.000136353
0.00265707
0.00122334
0.0011998
0.00256459
0.00151997
0.00554377
0.00636862
0.000509437
0.0032383
0.00350083
0.00244658
0.00678728
0.00284369
0.00298904
0.0080823
0.00546609
0.000751182
0.00977933
0.00366564
0.00381909
0.00156157
0.00400445
0.00244288
0.00901464
0.000992346
0.00212481
0.000845744
0.000263941
0.00522084
0.0151096
0.00979269
0.00115262
0.00222108
0.00113631
0.00106635
0.00957516
0.00062413
0.00737202
0.00452833
0.00104067
0.00187844
0.00392414
0.00101245
0.000875107
0.00138206
0.00107552
0.000678552
0.00548721
0.000785057
0.00320191
0.000338408
0.000557702
0.00192078
0.000234424
0.000748971
0.000266331
0.00211028
0.00434866
0.010977
0.00117145
0.00105072
0.00308338
0.00217013
0.00171395
0.000846278
0.000770642
0.00146118
0.00465709
0.00551281
0.00249892
0.000739371
0.00196611
0.00141602
0.00734439
0.000821447
0.00123386
0.000774374
0.00620612
0.0140849
0.0131741
0.000379753
0.000873327
0.000484874
0.0143564
0.000977094
0.00230248
0.000896193
0.00106434
0.00771661
0.00236327
0.0146407
0.00077694
0.00605554
0.000840418
0.0141344
0.00737173
0.00407574
0.00201175
0.00813991
0.00696978
0.00222829
0.00860101
0.000825121
0.000732264
0.00190716
0.000788795
0.00091214
0.000673718
0.00269778
0.000786578
0.00151011
0.0125604
0.000797171
0.0103374
0.00332035
0.0146165
0.00555786
0.00702273
0.00120727
0.00105588
0.000705293
0.000783324
0.00222372
0.00737503
0.00430731
0.00194941
0.00200422
0.00332062
0.0181212
0.000820349
0.00108534
0.00111742
0.00131633
0.00274789
0.0121851
0.00299803
0.00479098
0.00020162
0.000165969
0.000777627
0.00338142
0.00628729
0.00276099
0.00647935
0.0139631
0.00281185
0.00245676
0.000791404
0.000802779
0.000222359
0.000168323
0.00178344
0.000706648
0.0025067
0.00445522
0.00676994
0.0072796
0.00153661
0.00489317
0.00100743
0.00447692
0.00980379
0.00160594
0.00126006
0.00766544
0.000806706
0.00615803
0.0143443
0.000743337
0.000258812
0.000197115
0.000984512
0.000836021
0.00235999
0.00199607
0.000248015
0.00103757
0.000750152
0.00037343
0.0013163
0.0041251
0.000307822
0.00574015
0.00162032
0.00265987
0.00163012
0.00079401
0.0089361
0.000398376
0.0101528
0.00684895
0.00444087
0.000743932
0.00210772
0.000127477
0.000242438
0.000599739
0.00134107
0.0121064
0.000900705
0.000766608
0.000534243
0.00227097
0.000122838
0.000220624
0.00994133
0.00108042
0.00244085
0.00371289
0.00354236
0.0115023
0.00431845
0.0146205
0.00903907
0.00423987
0.000938488
0.00556201
0.00287175
0.0126546
0.00309198
0.00372136
0.00523472
0.000920225
0.00762944
0.00546712
0.000833617
0.00230576
0.00145102
0.00182911
0.00107234
0.000930143
0.000627283
0.00073054
0.0036275
0.0022669
0.00116195
0.00568441
0.00187937
0.0145665
0.000214226
0.000162943
0.0118381
0.000281298
0.00041877
0.00098694
0.000551271
0.000721321
0.00119957
0.000863474
0.000758472
0.00289798
0.000174558
0.000337469
0.000196667
0.0074876
0.000864223
0.0027933
0.00102308
0.00575219
0.00909403
0.00194551
0.00286287
0.000776842
0.00139384
0.000699164
0.000809222
0.000247154
0.00659376
0.0147018
0.00963396
0.000552284
0.000168384
0.0115821
0.0177528
0.00231728
0.00031074
0.00103534
0.000306242
0.000579414
0.000635194
0.000853585
0.00126529
0.00542466
0.0011674
0.00121541
0.0163386
0.000951459
0.00196727
0.000562835
0.0112299
0.00222553
0.0135491
0.0156285
0.000585553
0.0031639
0.00548478
0.000726978
0.000701011
0.00106194
0.00192534
0.00110525
0.000727337
0.00046208
0.000505643
0.000486136
0.000462539
0.0017854
0.00100031
0.00167946
0.00164146
0.00221282
0.00102173
0.00196014
0.00187048
0.00178287
0.000539845
0.000599838
0.00189008
0.000617995
0.000600906
0.000238186
0.000910626
0.000919147
0.000222287
0.000218881
0.000189015
0.000195538
0.000143503
0.000180912
0.0049739
0.00556342
0.00150859
0.0156396
0.0114676
0.00106201
0.00318145
0.0133239
0.000798429
0.00141179
0.00735534
0.000332813
0.000603997
0.000913561
0.000790608
0.00504786
0.000613614
0.00362972
0.00031897
0.000392666
0.00201098
0.00616223
0.00254539
0.0052449
0.00978777
0.00871474
0.000200338
0.000166969
0.00916989
0.00473364
0.00263148
0.000889012
0.00117391
0.00102166
0.00069568
0.00114284
0.000134353
0.00021523
0.0147483
0.00929128
0.00128868
0.00120383
0.00317995
0.00193982
0.00156647
0.00242484
0.0147798
0.00144883
0.00131876
0.00104091
0.00603607
0.00289962
0.000554806
0.0055285
0.000958708
0.000439141
0.00358701
0.00383936
0.00973439
0.0015591
0.00200855
0.00133685
0.00222596
0.000788547
0.000116976
0.00191955
0.00956874
0.00925873
0.0150065
0.000484987
0.000799103
0.00717662
0.00312394
0.00248987
0.00278011
0.00056384
0.000292255
0.00044999
0.000723343
0.00853369
0.0114196
0.000435754
0.00021159
0.000894835
0.00404874
0.000518146
0.000699111
0.00316642
0.00190038
0.000193155
0.00188869
0.000654051
0.00303737
0.0143749
0.00103249
0.00108208
0.0155406
0.00295753
0.00277998
0.000183091
0.00303127
0.00643159
0.0016234
0.0018363
0.00537649
0.00674124
0.00339071
0.000381762
0.00102265
0.000535218
0.0014197
0.000655363
0.0033751
0.0132303
0.000887015
0.000785025
0.00536143
0.0030495
0.00959503
0.00808816
0.00747222
0.00384004
0.000255235
0.0072263
0.00256623
0.0013236
0.00961242
0.000678783
0.00258443
0.00271197
0.000627489
0.00086702
0.00102826
0.000933591
0.000600052
0.000884617
0.00181112
0.000799181
0.00549417
0.000238961
0.000805438
0.000293362
0.00317411
0.00161887
0.000821531
0.000642012
0.00297143
0.00429299
0.00489411
0.00115926
0.000484547
0.00133899
0.00051396
0.000786287
0.00272781
0.00310541
0.00631792
0.00147549
0.000988885
0.00473951
0.00431021
0.00156491
0.00140461
0.00118269
0.014687
0.0131426
0.00796866
0.00477069
0.00114955
0.0040234
0.00138116
0.000514727
0.000834716
0.0105202
0.00556907
0.00133504
0.00746295
0.00978168
0.00185153
0.0103559
0.000172672
0.000139152
0.0016422
0.0015134
0.00458126
0.0052206
0.00424291
0.00121579
0.00111838
0.00133688
0.00834432
0.00156255
0.00414707
0.00423499
0.00409457
0.00771615
0.00415019
0.0115327
0.000772574
0.00300389
0.00352185
0.000487191
0.00141023
0.000566136
0.000204573
0.00014047
0.000840556
0.0111241
0.00190182
0.00163646
0.00172218
0.00134296
0.00644961
0.000779359
0.000636015
0.000493873
0.000838123
0.00605481
0.000839724
0.0105398
0.000785125
0.00244422
0.00104906
0.00105564
0.00529975
0.000510643
0.000312366
0.00840495
0.000424863
0.0020908
0.00653822
0.000620451
0.00314594
0.000746276
0.000639761
0.000693939
0.000429356
0.00717796
0.00296211
0.000827106
0.00300158
0.000149383
0.000396792
0.00172632
0.00792878
0.000633071
0.00826077
0.00117891
0.00546916
0.00236351
0.00329522
0.00351615
0.00114549
0.00404794
0.000726766
0.000592186
0.00493379
0.00121838
0.00220645
0.0017097
0.00708667
0.00066194
0.000713721
0.0020985
0.00918567
0.000870509
0.00115135
0.000214686
0.000171482
0.000700057
0.0045692
0.0136176
0.00563251
0.00523097
0.0080141
0.000851593
0.00913804
0.00493771
0.000825631
0.000738792
0.00121964
0.00374362
0.00372651
0.00354078
0.0111443
0.00104878
0.000902127
0.000653481
0.00532043
0.00264048
0.0120142
0.00256515
0.000362416
0.00269413
0.00262118
0.0006494
0.00621275
0.00377066
0.0102048
0.00129318
0.00221987
0.00208569
0.00152777
0.00103916
0.00593234
0.00125484
0.0070143
0.0095307
0.000880764
0.00711058
0.00168832
0.00294177
0.000851124
0.0155897
0.00816189
0.0140102
0.00244401
0.00249457
0.0101851
0.00734147
0.00326981
0.00952535
0.0083677
0.000760514
0.000969278
0.000777809
0.000524858
0.0108434
0.00814469
0.00650883
0.00188729
0.0121134
0.000842463
0.00161785
0.000819758
0.00936024
0.0173266
0.00322635
0.00157526
0.00447953
0.00739068
0.00406943
0.00429381
0.0022834
0.00388334
0.0110573
0.000898176
0.00160479
0.00247449
0.00139754
0.00883765
0.00106207
0.0018385
0.00160144
0.00198318
0.000821331
0.00275354
0.00239796
0.00208841
0.0053721
0.0086727
0.00152566
0.00449933
0.00120781
0.000820952
0.00604425
0.00186726
0.00158492
0.0106242
0.00687506
0.00113348
0.00259068
0.00325345
0.00300048
0.00123028
0.00825612
0.0048401
0.000719907
0.00253062
0.00324019
0.00238731
0.000473846
0.00314986
0.00128958
0.00292925
0.0136502
0.000198395
0.000221452
0.0157515
0.00185686
0.00565446
0.00411872
0.000745675
0.00482979
0.00364256
0.00108959
0.0146138
0.00309158
0.000965788
0.00413967
0.0037632
0.000667723
0.00269618
0.00263449
0.000738121
0.000735289
0.000772459
0.00076281
0.000844356
0.0122463
0.00237017
0.00629181
0.00942874
0.00374514
0.00631723
0.000953503
0.00090551
0.00202375
0.00289278
0.00336322
0.00394042
0.0124576
0.0023729
0.00110842
0.000477316
0.00190934
0.000630043
0.00428389
0.00333695
0.00450106
0.000880301
0.000184421
0.000152499
0.00257641
0.00832572
0.00789922
0.00594366
0.00284676
0.00103731
0.000549107
0.000757122
0.00268526
0.000922253
0.00101634
0.0063722
0.00533343
0.00091362
0.0119793
0.000282749
0.000490382
0.000461639
0.000391686
0.001401
0.000946763
0.000738075
0.00175876
0.00354267
0.00394615
0.00274795
0.00214663
0.00925508
0.0128676
0.00144584
0.00153423
0.00489344
0.000905028
0.00106521
0.00111197
0.00124058
0.00940034
0.00289043
0.00116554
0.000576833
0.000686734
0.00225873
0.0106492
0.0100477
0.0102399
0.000390611
0.00214154
0.00072631
0.000624872
0.00088944
0.000630566
0.00549399
0.00143216
0.000790465
0.0010966
0.00296466
0.000892921
0.00797892
0.00290825
0.00762986
0.00799381
0.00193686
0.00150752
0.0165975
0.0048778
0.000622029
0.00800231
0.00608388
0.00159438
0.000890835
0.00915822
0.000871976
0.00118843
0.00071786
0.00258922
0.0018444
0.00469423
0.00594782
0.00156847
0.00659231
0.00316544
0.00278953
0.00158777
0.0101889
0.00110055
0.00336582
0.000970831
0.00994151
0.00169774
0.00944958
0.00348623
0.00435686
0.00329346
0.000769164
0.000844071
0.00473929
0.00406395
0.00118925
0.00364759
0.00154265
0.00288038
0.0109599
0.00259913
0.0152661
0.00140485
0.00375371
0.00496963
0.00775578
0.00245651
0.00781888
0.0109162
0.0027117
0.00112149
0.000853991
0.00176626
0.00142582
0.00583914
0.00655474
0.00473996
0.000878357
0.00333644
0.00250276
0.00140821
0.00580279
0.00121689
0.00152076
0.00129615
0.0106051
0.00315856
0.00169398
0.00299505
0.00224802
0.00080107
0.000454469
0.00136346
0.00129185
0.0113707
0.00203704
0.00302904
0.000827737
0.000910514
0.00635784
0.00570191
0.00096172
0.00364883
0.0124663
0.000813768
0.00835393
0.0136397
0.0086571
0.00291894
0.000876391
0.015719
0.00198366
0.000866051
0.0147445
0.00944536
0.000776032
0.000817204
0.000838503
0.00100958
0.00599063
0.000882431
0.00335278
0.00187284
0.00289859
0.00262292
0.00197619
0.00164605
0.0108244
0.000617826
9.85997e-05
0.000107073
0.00241488
0.00210954
0.00158332
0.0039311
0.000814849
0.000830696
0.00616942
0.0107215
0.00528647
0.000957035
0.00184686
0.00325626
0.00345726
0.0032787
0.014378
0.00142022
0.0186738
0.000346113
0.00514494
0.00241841
0.00817521
0.00832496
0.00573668
0.00845273
0.00786134
0.00424896
0.00225558
0.00498196
0.00700674
0.00372801
0.00105282
0.0111091
0.0143509
0.000802663
0.0112124
0.000897747
0.0138477
0.00103841
0.0110656
0.00127761
0.00100502
0.00520684
0.0064367
0.00243404
0.0020636
0.00251707
0.00209722
0.00176099
0.00779548
0.00115179
0.00285242
0.000792123
0.0046589
0.00403799
0.00272375
0.0041069
0.00437367
0.006443
0.000825495
0.000818881
0.000642484
0.000389566
0.000775709
0.00209178
0.0115317
0.000845878
0.00271272
0.00155634
0.000780337
0.00111251
0.00465952
0.000912135
0.00130533
0.000807434
0.0012962
0.00368819
0.00832957
0.0069368
0.00509973
0.00211813
0.000784485
0.000537559
0.0124083
0.00397962
0.00835088
0.00926296
0.00564879
0.00311248
0.00712778
0.0094145
0.00634514
0.00720952
0.00859041
0.000774475
0.00588284
0.00793467
0.00352137
0.0116773
0.00282975
0.00901787
0.00010796
0.000845115
0.000781956
0.012492
0.00307875
0.000299946
0.000381517
0.0144379
0.00344339
0.00446077
0.00114627
0.00560226
0.000495909
0.00608907
0.00473152
0.00799206
0.000159569
0.000477455
0.000491651
0.00562061
0.00343496
0.010289
0.00293338
0.0047132
0.00372476
0.00153276
0.00393974
0.00857739
0.00187272
0.00694009
0.00341453
7.13216e-05
0.000801666
0.0143068
0.00140039
0.00250875
0.00829465
0.0139181
0.00977079
0.00122512
0.00053905
0.000534263
0.000601333
0.0144674
0.000207218
0.000149666
0.000594076
0.00282803
0.00210524
0.00108595
0.00155621
0.00181749
0.000391048
0.00138448
0.000766656
0.00908552
0.00533707
0.000738339
0.000974212
0.00636916
0.00228475
0.00362841
0.000929759
0.0139149
0.00291781
0.00329763
0.00200326
0.00184177
0.000728829
0.0107621
0.0141747
0.00159798
0.00453232
0.00163162
0.0113548
0.00227449
0.00229273
0.0020626
0.00103867
0.00172304
0.0147509
0.00165524
0.00085475
0.0122009
0.00193952
0.0156101
0.00937156
0.0010439
0.000527422
0.00158925
0.00146045
0.000784581
0.00340293
0.00391258
0.0117139
0.00669613
0.000588535
0.000696031
0.0101053
0.006458
0.00342308
0.00509849
0.000666299
0.00205164
0.000749689
0.0026511
0.000209114
0.000985707
0.0098093
0.00502187
0.000758257
0.00192062
0.00311476
0.00193697
0.000921052
0.00107447
0.00091996
0.000860695
0.000720368
0.000634795
0.0014983
0.00147511
0.00568579
0.00288739
0.00189175
0.000985394
0.000817563
0.00216581
0.00434897
0.00495182
0.00240042
0.000561296
0.000960334
0.000795921
0.00322574
0.00688915
0.0155349
0.000627157
0.000723844
0.0148769
0.00446442
0.00520429
0.000960091
0.000173361
0.00078037
0.000133176
0.00123411
0.00570674
0.00611517
0.00369951
0.00859258
0.0009475
0.00156751
0.000906865
0.000887844
0.000801097
0.0134694
0.00380216
0.000906932
0.00378857
0.00227867
0.00652058
0.000172445
0.00562231
0.00290478
0.000731637
0.00179672
0.00172244
0.000951824
0.0139859
0.000658047
0.00455655
0.00850108
0.000890623
0.000894744
0.000897161
0.00312969
0.00234881
0.00171134
0.0003692
0.00424625
0.00926657
0.00089735
0.0012698
0.000900239
0.00211341
0.00105397
0.000929003
0.000683482
0.00129362
0.00447488
0.0182151
0.00615624
0.0102601
0.00991541
0.00180924
0.0123317
0.00101222
0.00244816
0.000400806
0.00218023
0.00175249
0.00513522
0.00108281
0.003971
0.0006855
0.000751326
0.00213622
0.00294745
0.00144146
0.00224449
0.00308759
0.00392795
0.00457011
0.000422148
0.00966928
0.0105137
0.00110345
0.000548045
0.00683669
0.000452927
0.000855788
0.00066989
0.00101536
0.0007281
0.000799986
0.00245967
0.00241346
0.00322102
0.00106078
0.000505946
0.0175415
0.00517246
0.000890128
0.000259614
0.0022188
0.00908611
0.0010927
0.000109959
0.00130583
0.002417
0.00772094
0.00072186
0.000775053
0.000899091
0.00129575
0.00270016
0.0012802
0.00282961
0.00154604
0.0130981
0.00465095
0.000167345
0.000413245
0.00217825
0.00020183
0.00322282
0.00928476
0.0037295
0.00698003
0.0116556
0.00362739
0.000661113
0.000403896
0.000752827
0.00991094
0.000741945
0.000481178
0.000664488
0.0128376
0.000563848
0.000763493
0.0124281
0.00733413
0.000696427
0.0019158
0.00147325
0.00116898
0.00140115
0.000945225
0.00068451
0.00302483
0.00774974
0.000969905
0.00126747
0.00657701
0.00386173
0.00165722
0.00242272
0.00185261
0.0038927
0.00785181
0.010686
0.00141287
0.00132738
0.00129251
0.00127752
0.00868902
0.00358888
0.00329818
0.000736693
0.00108966
0.00318831
0.000463926
0.00195911
0.00214389
0.00300606
0.0130927
0.000701924
0.00114365
0.000960368
0.000968981
0.000343773
0.00551112
0.00308095
0.00656529
0.00139695
0.000492813
0.000944982
0.000679228
0.000935013
0.000717439
0.00365911
0.0070192
0.00515177
0.000359729
0.000991898
0.00335235
0.00310561
0.00319445
0.00117694
0.00375248
0.00511732
0.00362777
0.00127741
0.00312851
0.00330078
0.000265651
0.00858467
0.000742407
0.000663064
0.000623286
0.00274991
0.00271205
0.000441093
0.00326974
0.00197091
0.00264238
0.00320876
0.00839159
0.000792118
0.00139472
0.00842623
0.00482108
0.00285534
0.000946337
0.0135751
0.00151117
0.0025218
0.00193706
0.000990181
0.00264747
0.00105283
0.0025076
0.00024367
0.00275622
0.000810602
0.000384852
0.00230995
0.00678004
0.0104629
0.00285336
0.00249414
0.000311401
0.00102565
0.00233198
0.00493823
0.00178449
0.00084288
0.0029446
0.000473135
0.00590949
0.00315544
0.00469471
0.00247537
0.00112434
0.000442512
0.000611547
0.000945107
0.00158958
0.00258089
0.00137196
0.000738623
0.000502601
0.0104448
0.00208248
0.0173619
0.000898253
0.000768408
0.00132497
0.00254031
0.00129442
0.000612229
0.000768906
0.0103843
0.0106989
0.00341913
0.000866266
0.000963103
0.00618276
0.0046148
0.00357141
0.00243871
0.00816579
0.0071738
0.0055546
0.00157107
0.00224382
0.00268467
0.00572796
0.00079068
0.000827406
0.000717578
0.0112955
0.00158012
0.000556791
0.000448292
0.00270523
0.00185728
0.00296478
0.00264453
0.0011737
0.00469051
0.00244783
0.00264116
0.00247953
0.00978178
0.000727764
0.00180506
0.000913411
0.000666758
0.00105503
0.00057859
0.00025851
0.000751648
0.000825212
0.00614301
0.00267967
0.00186703
0.00286461
0.000320057
0.000486617
0.00096796
0.000546634
0.00081004
0.00556428
0.00201086
0.00333988
0.00504565
0.00247567
0.0122239
0.00476305
0.0024361
0.00313979
0.000837314
0.000501313
0.00255975
0.00252596
0.00521733
0.00568675
0.00393016
0.00138041
0.00306504
0.000831277
0.00333097
0.00988113
0.000584844
0.00154678
0.00464135
0.00518113
0.00342357
0.000312083
0.00204262
0.00133107
0.00549349
0.00425116
0.00351397
0.00311548
0.00193514
0.00675109
0.00220029
0.00403684
0.00622216
0.00296203
0.000719656
0.000316231
0.0113783
0.00320736
0.00144501
0.000435601
0.00436133
0.00854215
0.000701026
0.00957823
0.00238495
0.00445142
0.000903478
0.0006548
0.00289356
0.00289123
0.0108859
0.00192408
0.00109046
0.00104779
0.00205412
0.000948037
0.00104778
0.00292485
0.00689896
0.00269948
0.00153353
0.00156392
0.00141699
0.00113735
0.00113056
0.00150252
0.0014021
0.00311085
0.0032668
0.000876575
0.00411458
0.000909227
0.00489788
0.00310352
0.00326778
0.000912219
0.000791991
0.00074162
0.00108557
0.000780416
0.00124411
0.0018044
0.000810048
0.00163786
0.00380672
0.000596045
0.00336015
0.000225458
0.0165622
0.00233617
0.00405038
0.00209804
0.0156935
0.00196197
0.00353703
0.00905596
0.00880874
0.00480572
0.00868354
0.000740741
0.000669158
0.0109358
0.00324895
0.0136827
0.00510281
0.00165459
0.00880278
0.00853281
0.00453695
0.000500066
0.00190968
0.00271369
0.00836703
0.00764124
0.0039813
0.00472245
0.00172441
0.00129719
0.00104657
0.000982874
0.00416064
0.000801932
0.000758913
0.0021767
0.000921081
0.00115256
0.00170729
0.000884507
0.000744251
0.000624553
0.00091899
0.0006759
0.00165058
0.00230716
0.00160959
0.000574593
0.000841186
0.000770814
0.00067367
0.00107182
0.000810689
0.000513941
0.000660861
0.0010919
0.00556232
0.0012546
0.00105669
0.000662861
0.000416028
0.000485449
0.00177332
0.000408368
0.00184785
0.000580171
0.00034271
0.000390943
0.00243426
0.00289313
0.00180664
0.0019031
0.000739102
0.00126318
0.000933647
0.00113934
0.00150114
0.000665038
0.000799963
0.00166927
0.00159525
0.00122927
0.000778661
0.00147988
0.00184105
0.00110181
0.000749166
0.00170024
0.00239607
0.00152764
0.0013455
0.00098057
0.00176794
0.000729216
0.000838836
0.000965004
0.000712873
0.00072264
0.000703947
0.000574503
0.000332257
0.00144153
0.00161226
0.00097659
0.000787611
0.00220507
0.000568168
0.000530449
0.00183448
0.000736224
0.00132063
0.00117839
0.00232297
)
;

boundaryField
{
    frontAndBack
    {
        type            empty;
    }
    wallOuter
    {
        type            nutkWallFunction;
        Cmu             0.09;
        kappa           0.41;
        E               9.8;
        value           nonuniform List<scalar> 
396
(
8.64036e-06
8.64036e-06
8.03487e-05
0.000105453
8.47549e-05
0.000120098
2.94904e-05
0.000133229
0.000112067
7.99333e-05
1.90938e-05
1.09431e-05
5.75216e-05
1.41462e-05
5.19879e-05
1.70773e-05
2.22062e-05
7.67539e-05
0.000195052
7.78083e-05
0.000197544
1.73708e-05
1.54286e-05
7.56733e-05
0.000194524
1.96273e-05
8.27977e-05
1.50949e-05
2.18901e-05
1.04543e-05
1.79621e-05
1.59153e-05
8.48089e-05
8.67578e-05
0.000106529
1.79936e-05
7.60881e-05
9.39466e-05
6.83926e-05
8.58187e-05
5.62295e-05
0.000166326
5.82475e-05
2.78454e-05
5.93929e-05
0.000140561
2.73163e-05
8.243e-05
5.6592e-05
8.13189e-05
9.42376e-05
8.0043e-05
0.000204047
8.53859e-05
8.67861e-05
5.69459e-05
0.00015312
8.90875e-05
9.15714e-05
2.79013e-05
2.67916e-05
5.82068e-05
9.51684e-05
1.16046e-05
1.92299e-05
9.07543e-05
9.32988e-05
5.41024e-05
9.24596e-05
0.000181052
0.000192509
2.64828e-05
2.17218e-05
9.12091e-05
0.000131173
0.000105222
9.00835e-05
6.1289e-05
5.34154e-05
9.97634e-05
8.12627e-05
1.88904e-05
7.22629e-05
1.97973e-05
6.52275e-05
7.83404e-05
0.000100159
8.80539e-05
9.29857e-05
0.000119284
5.24196e-05
8.00746e-05
6.97063e-05
1.8738e-05
2.68116e-05
4.82968e-05
0.000130097
9.26629e-05
0.000135182
0.000193829
0.000185096
6.39881e-05
0.0001141
9.15122e-05
0.000113674
1.94091e-05
1.42949e-05
8.78073e-05
8.34002e-05
1.44564e-05
1.31037e-05
1.1285e-05
1.20395e-05
1.4632e-05
1.22021e-05
1.56882e-05
1.55058e-05
1.61397e-05
1.58346e-05
9.86751e-05
0.000102532
9.88361e-05
8.65357e-05
9.16929e-05
0.000113925
0.000100957
0.000127471
7.0423e-05
8.42803e-05
7.53473e-05
7.62837e-05
8.35519e-05
0.000124727
8.56036e-05
7.65172e-05
7.71073e-05
8.95785e-05
9.52374e-05
7.07388e-05
6.83914e-05
6.99934e-05
7.2126e-05
0.000122053
1.86312e-05
6.5153e-05
0.000125873
1.71646e-05
0.000105899
0.00010886
0.000119295
9.93246e-05
5.92617e-05
0.000151695
0.000151675
0.000154448
8.99368e-05
0.000152251
0.000144581
8.87638e-05
0.000137686
0.000141676
0.000145224
0.00015336
0.000110194
0.000123615
0.000148159
0.000138457
0.000152268
0.000131626
0.000132045
8.57411e-05
0.000132929
0.000136754
0.000121319
8.646e-05
8.54605e-05
8.92776e-05
1.74263e-05
1.70452e-05
1.59744e-05
1.50888e-05
1.84846e-05
6.226e-05
5.06988e-05
2.25548e-05
1.30333e-05
2.59018e-05
2.48614e-05
1.8577e-05
8.41958e-05
2.55578e-05
8.78139e-05
4.09292e-05
2.65589e-05
1.41765e-05
2.68529e-05
3.16055e-05
2.92567e-05
2.15265e-05
0.000103018
1.46945e-05
1.84546e-05
2.84259e-05
2.28834e-05
2.9993e-05
0.000137718
9.01984e-05
5.86435e-05
1.38553e-05
2.37383e-05
2.91211e-05
0.000118746
2.04484e-05
0.000116513
8.50557e-05
0.000132219
0.000106906
0.0001254
8.26444e-05
0.000117179
3.21778e-05
9.21398e-05
5.08354e-05
0.000165849
1.51475e-05
1.15404e-05
1.01422e-05
7.78187e-05
2.59212e-05
0.000131765
8.64324e-05
1.35051e-05
3.06955e-05
0.00013609
7.54066e-05
2.68754e-05
3.11415e-05
0.000124155
9.24986e-05
4.57389e-05
9.4324e-05
0.000108604
8.12676e-05
0.000141453
0.000124496
8.49034e-05
9.38419e-05
2.57917e-05
1.78515e-05
0.000203538
3.07137e-05
2.1999e-05
0.000116656
0.000100063
2.86675e-05
0.000122813
9.02037e-05
4.65934e-05
3.84016e-05
8.94116e-05
0.000237403
1.22212e-05
2.80596e-05
7.24608e-05
6.4696e-05
1.19704e-05
2.55071e-05
0.000111699
2.47007e-05
1.71523e-05
8.68407e-05
0.00010313
9.11542e-05
1.90375e-05
0.000121031
9.69363e-05
2.87256e-05
2.87256e-05
6.68036e-05
1.81574e-05
7.0058e-05
0.000222812
6.80748e-05
0.000249569
7.07873e-05
8.44661e-05
0.000218431
0.000130188
8.72533e-05
5.58952e-05
6.11949e-05
5.88254e-05
5.59545e-05
0.000203755
0.00011865
0.000192545
0.000188515
0.00024826
0.000121044
0.000222055
0.000212676
0.000203476
6.53149e-05
7.2474e-05
0.000214726
7.46281e-05
7.26087e-05
2.74154e-05
0.000108518
0.000109485
2.54168e-05
2.63516e-05
2.18412e-05
2.19464e-05
1.4782e-05
2.02093e-05
2.28469e-05
1.78143e-05
0.000106029
0.000137787
0.0001207
8.37735e-05
1.36417e-05
2.47711e-05
5.47959e-05
1.07135e-05
5.86888e-05
2.12784e-05
7.88771e-05
1.98952e-05
2.95889e-05
7.5776e-05
0.000103305
0.000121646
6.2367e-05
1.90425e-05
1.41694e-05
9.27507e-05
2.33402e-05
1.42596e-05
9.34835e-05
0.000124089
0.000124819
7.49938e-05
1.53347e-05
7.16221e-05
0.000103934
2.4786e-05
1.8331e-05
0.000101778
0.000123935
0.000107283
7.88318e-05
5.73816e-05
0.000105042
2.06675e-05
1.59398e-05
0.000162724
0.000107887
7.51584e-05
5.66664e-05
7.45882e-05
8.09065e-06
9.28555e-06
0.000210206
9.55752e-06
6.00139e-05
1.65827e-05
3.79233e-06
2.37217e-05
1.53951e-05
0.000209677
2.41531e-05
0.000102771
8.64222e-05
7.67148e-05
0.000116961
1.91426e-05
9.36079e-05
1.33589e-05
1.86949e-05
8.23802e-05
4.8355e-05
6.12452e-05
3.23079e-05
9.76924e-06
1.8029e-05
2.24893e-05
4.87404e-05
8.38915e-05
0.000217367
0.000128615
4.28973e-05
2.82575e-05
4.634e-05
0.000132305
)
;
    }
    inlet
    {
        type            calculated;
        value           uniform 0.000851986;
    }
    outlet
    {
        type            calculated;
        value           nonuniform List<scalar> 9(0.017659 0.0169383 0.00183959 0.0156507 0.0116868 0.00696978 0.00210772 0.00352185 0.0105398);
    }
    wallInner
    {
        type            nutkWallFunction;
        Cmu             0.09;
        kappa           0.41;
        E               9.8;
        value           nonuniform List<scalar> 
528
(
5.02613e-05
9.15905e-05
5.93537e-05
2.14038e-05
0.000201855
0.000188069
0.000119572
0.00024205
0.000170911
6.04909e-05
9.75639e-05
5.65935e-05
9.64947e-05
0.00022468
0.000219706
8.59782e-05
8.08851e-05
5.18724e-05
3.28478e-05
5.59427e-05
0.000222104
7.10739e-05
7.22473e-05
6.41217e-05
0.000122784
4.48201e-05
9.52391e-05
7.4827e-05
0.00021443
9.97176e-05
0.000145977
8.29288e-05
0.000177459
8.90672e-05
0.000397525
0.000137295
0.000130883
6.18878e-05
0.000102397
0.000191486
0.000172734
0.000195577
0.00010729
9.91865e-05
0.000117119
7.16843e-05
3.87647e-05
7.54881e-05
0.000119693
8.84824e-05
0.000237089
0.000125002
0.000102727
0.000196838
0.000228537
7.72279e-05
8.07204e-05
0.000145022
0.000141501
0.000148059
0.00012681
0.000213621
0.000204575
9.84539e-05
0.000101849
0.000172805
0.00016122
7.46852e-05
7.04237e-05
4.49523e-05
5.15372e-05
0.000108299
7.42099e-05
8.14407e-05
0.000257818
0.000113537
6.24164e-05
7.63013e-05
0.000195686
0.000152911
0.000254522
0.00018297
0.000222201
0.000272963
0.000171284
0.000146797
8.99909e-05
0.000284313
5.57806e-05
0.000216645
9.14452e-05
7.35775e-05
0.000203545
0.000180446
0.000155556
0.000128699
9.46848e-05
8.71205e-05
6.66845e-05
6.62241e-05
6.32987e-05
5.0212e-05
4.1984e-05
0.000139112
0.000201158
0.000172499
7.96098e-05
0.000222734
8.83105e-05
9.01271e-05
6.88739e-05
0.000118709
0.000133371
0.000111025
0.000124227
7.64083e-05
0.00030434
3.49945e-05
5.31783e-05
7.09329e-05
3.06342e-05
0.000170797
0.000153205
0.000175647
7.01208e-05
0.000122729
2.97551e-05
0.000119806
0.000223789
5.11342e-05
7.72964e-05
3.28309e-05
3.13925e-05
2.79065e-05
3.72062e-05
6.08158e-05
2.7143e-05
1.7353e-05
4.03455e-05
7.77048e-05
0.000158156
0.000117957
0.000173217
2.37485e-05
0.000222288
0.000146556
6.81324e-05
5.5177e-05
4.56961e-05
2.35388e-05
2.81213e-05
7.95983e-05
6.43715e-05
7.15238e-05
0.000111997
0.000235641
0.000209273
0.000193082
0.000170676
2.00876e-05
0.000166795
0.000123011
0.000127245
7.14574e-05
3.8313e-05
2.2516e-05
0.000129028
4.82941e-05
5.51263e-05
4.65915e-05
0.000133014
0.000130096
3.08572e-05
0.000127697
1.997e-05
2.59238e-05
5.31222e-05
0.00015656
0.000122028
0.000126483
9.78015e-05
0.000121676
0.000119163
7.28979e-05
9.72727e-05
9.57299e-05
0.000121959
0.000184085
0.000135673
1.87847e-05
0.000129857
2.87503e-05
0.000131007
0.000151932
4.01705e-05
4.61002e-05
0.000210106
0.00011281
0.000175182
0.000152877
0.000175444
0.000128191
4.65553e-05
2.90412e-05
2.13811e-05
2.47168e-05
3.67722e-05
3.60628e-05
3.38071e-05
5.48226e-05
3.38763e-05
4.51093e-05
2.71601e-05
4.16131e-05
3.86002e-05
6.60364e-05
3.60629e-05
5.70609e-05
3.73027e-05
2.73897e-05
2.9373e-05
4.46181e-05
5.08589e-05
3.26496e-05
2.8242e-05
2.70273e-05
5.67044e-05
2.38128e-05
2.8517e-05
1.92761e-05
7.32706e-05
3.92392e-05
4.56e-05
1.87146e-05
3.60915e-05
3.72797e-05
5.42397e-05
5.55093e-05
3.98401e-05
1.86723e-05
2.2914e-05
5.13314e-05
2.23649e-05
3.55391e-05
4.49629e-05
4.63335e-05
2.97982e-05
3.20449e-05
5.08053e-05
5.40002e-05
3.01209e-05
6.06371e-05
2.59216e-05
2.65489e-05
4.92549e-05
2.61831e-05
2.569e-05
3.61943e-05
5.87659e-05
3.56287e-05
5.56413e-05
4.10905e-05
3.82266e-05
3.99138e-05
6.46079e-05
5.32096e-05
3.00948e-05
5.53072e-05
2.84124e-05
3.11885e-05
5.77081e-05
2.81768e-05
2.32348e-05
2.54242e-05
2.68256e-05
3.88222e-05
2.83393e-05
2.67532e-05
7.76015e-05
3.95659e-05
6.29419e-05
1.98644e-05
2.70359e-05
6.01328e-05
6.27361e-05
0.00014247
0.000168644
0.000121741
0.000168445
2.29742e-05
2.60263e-05
0.000172866
8.00319e-05
3.73759e-05
0.00017243
6.47406e-05
0.000195359
0.000196694
6.81182e-05
0.000125732
0.000141146
4.71114e-05
9.57282e-05
9.39708e-05
4.1952e-05
0.000110812
6.23888e-05
9.86439e-05
3.92002e-05
8.41361e-05
5.26739e-05
4.61881e-05
0.000111899
0.00011329
0.000110664
0.000147007
0.000126237
0.000136038
5.43395e-05
0.000127126
5.25986e-05
3.65318e-05
3.61609e-05
7.38478e-05
9.55818e-05
9.58162e-05
3.21742e-05
6.25505e-05
0.000141051
6.61291e-05
0.000168522
0.000137635
0.000112669
0.000127502
8.03476e-05
0.000155173
3.57288e-05
0.000198542
0.000190502
0.000187453
2.98305e-05
2.14485e-05
0.000182958
0.00019663
4.68848e-05
0.000127375
0.000156436
0.00012303
0.000187756
0.000194902
4.06004e-05
8.92491e-05
0.000137869
0.00018944
3.5378e-05
2.03258e-05
3.14955e-05
0.000160948
0.000186466
0.000195427
8.39114e-05
1.61543e-05
4.52658e-05
0.000209584
0.000126361
0.00010052
3.81478e-05
2.82389e-05
1.92178e-05
2.99801e-05
2.40578e-05
4.79935e-05
0.000188072
0.000171772
1.86091e-05
4.0903e-05
1.81735e-05
0.000188739
4.23799e-05
8.1433e-05
1.82977e-05
4.80879e-05
8.33134e-05
0.000194364
0.000160864
7.45885e-05
0.000117645
5.98577e-05
8.44636e-05
2.80164e-05
0.000195081
3.34478e-05
0.000111303
2.4716e-05
2.55082e-05
1.71688e-05
6.79154e-05
2.31122e-05
4.32534e-05
8.54393e-05
0.000132594
4.27745e-05
7.79406e-05
2.15677e-05
5.67354e-05
3.86563e-05
3.21709e-05
7.11459e-05
2.92962e-05
0.000139268
0.000140015
0.000223597
0.000219145
0.00012553
2.03814e-05
3.49155e-05
3.68933e-05
1.90477e-05
2.56278e-05
5.46181e-05
0.000114235
2.30679e-05
8.89169e-05
3.3447e-05
0.00010294
5.5611e-05
0.000112842
5.97891e-05
0.000107513
2.22315e-05
4.03125e-05
6.44578e-05
0.000174303
2.22276e-05
1.82777e-05
9.33038e-05
3.98104e-05
2.207e-05
6.84469e-05
3.47157e-05
5.22936e-05
2.41527e-05
2.82042e-05
9.64977e-05
3.40807e-05
6.19232e-05
3.71694e-05
5.03688e-05
0.000214909
2.28175e-05
2.49022e-05
0.000154732
0.000134497
0.000114119
0.000115594
5.8012e-05
8.06969e-05
0.000197237
0.000151943
0.000115898
0.000109667
0.00013542
0.000195323
0.000105573
8.94273e-05
7.57997e-05
8.33006e-05
0.000189581
0.000184645
6.9125e-05
9.35548e-05
8.54094e-05
0.000125128
9.61204e-05
6.26091e-05
0.000128401
0.000147923
0.000121101
8.10594e-05
5.13256e-05
5.72566e-05
4.8236e-05
7.11075e-05
4.18871e-05
4.80223e-05
0.000270468
0.000318093
0.000205823
0.000216495
8.90901e-05
0.000111067
0.000133609
0.000173644
8.04033e-05
9.55426e-05
0.00019107
0.000182301
0.000143626
9.3553e-05
0.000171709
0.000208845
0.000129743
9.00869e-05
0.000194564
0.000267027
0.000176427
0.000156485
0.000116315
0.000202007
8.77092e-05
0.000100357
0.00011467
8.69665e-05
8.55628e-05
8.60077e-05
7.03469e-05
4.05723e-05
0.000167629
0.000185926
0.000115623
9.52693e-05
0.000246164
6.89112e-05
6.44388e-05
0.000208823
8.82872e-05
0.000154035
0.000138309
)
;
    }
}


// ************************************************************************* //
