/*--------------------------------*- C++ -*----------------------------------*\
| =========                 |                                                 |
| \\      /  F ield         | OpenFOAM: The Open Source CFD Toolbox           |
|  \\    /   O peration     | Version:  v1912                                 |
|   \\  /    A nd           | Website:  www.openfoam.com                      |
|    \\/     M anipulation  |                                                 |
\*---------------------------------------------------------------------------*/
FoamFile
{
    version     2.0;
    format      ascii;
    class       volScalarField;
    location    "0.52";
    object      p;
}
// * * * * * * * * * * * * * * * * * * * * * * * * * * * * * * * * * * * * * //

dimensions      [0 2 -2 0 0 0 0];


internalField   nonuniform List<scalar> 
5794
(
99.6839
98.9257
97.4401
104.762
97.434
99.3789
95.9026
100.233
96.3925
96.2461
131.32
94.072
94.3403
93.4018
96.5211
98.6941
37.9108
98.2866
96.4608
98.7358
97.7763
99.5921
94.4554
99.1439
98.9917
45.6997
42.9644
99.5559
100.731
96.6399
99.5127
87.1314
112.777
99.0736
96.0678
93.8405
104.35
94.6984
95.4395
97.6032
100.291
100.121
123.132
99.4994
96.3096
113.98
89.2961
102.161
97.6944
99.2129
99.7219
91.6901
94.1557
97.3949
98.8294
116.016
90.9409
100.963
123.305
41.4461
110.47
98.7026
99.6789
87.1206
112.363
98.3484
97.5845
97.4533
99.5052
98.8424
90.7301
97.8704
23.0238
99.3328
98.2979
99.8404
100.542
51.3549
99.5013
98.5544
99.2979
98.7535
100.572
96.3838
96.4281
101.433
87.3122
117.571
99.1544
96.2723
120.702
90.8451
101.07
102.225
98.7183
90.4873
116.635
101.811
91.2932
111.405
86.4236
87.2019
123.275
95.189
95.4344
101.162
98.8161
132.367
89.9807
99.5401
99.0169
96.5692
79.3352
97.9188
97.7584
101.094
96.8147
100.935
109.58
97.525
101.088
97.5598
98.8583
99.9593
96.2721
129.6
89.7835
98.9925
93.6536
131.136
98.0767
100.659
87.501
55.3291
101.59
96.5652
123.101
98.7245
99.4059
98.9346
98.6539
95.1725
96.3517
95.7663
99.3934
51.5624
99.797
120.949
98.0086
96.9579
127.828
97.5023
101.605
94.8205
46.6977
86.7894
98.0268
97.4884
113.615
96.9031
96.5142
98.9875
99.0775
93.821
89.9558
91.6818
95.1751
100.447
99.0222
96.5049
96.7486
91.3026
95.1691
95.736
99.2001
94.0481
96.6901
98.4291
99.0266
93.4171
98.1787
89.573
101.536
114.527
100.879
45.3733
87.0655
113.588
97.3092
87.3088
131.083
87.5737
112.795
101.163
100.48
98.1213
99.5646
98.7975
96.419
121.605
94.2914
90.8204
102.118
100.416
88.5542
113.624
98.1224
132.616
95.492
96.214
99.667
103.344
93.649
99.2409
99.1222
97.1486
94.108
88.0411
131.668
105.021
103.475
94.1851
119.102
101.145
117.913
43.2927
96.5384
95.2891
95.5776
96.7253
95.7752
94.8256
99.2374
90.65
93.8997
53.0057
76.788
125.846
97.7635
99.6112
98.9201
132.78
99.0525
95.7924
94.4055
98.9976
96.2105
98.7237
117.593
102.132
91.3131
98.2849
43.2445
98.4399
126.411
94.4341
122.309
121.94
132.682
96.2678
123.521
93.9853
99.8411
98.4598
99.9998
97.1713
96.9663
129.137
96.4033
113.131
87.4144
100.139
101.05
90.1622
104.907
96.7283
97.4677
98.2007
97.5057
96.0673
98.6476
112.367
100.479
99.9491
97.2499
101.537
89.829
98.1703
98.7184
101.338
94.3539
94.4592
99.1851
97.6392
119.353
55.1154
97.5922
99.7347
97.0584
98.3799
98.658
86.3399
99.2983
97.5913
99.4378
127.659
97.6028
96.5259
112.537
86.5808
99.3621
113.027
98.9013
98.1107
104.32
106.524
132.334
99.156
89.8684
101.583
100.582
98.0543
100.387
98.3109
98.6902
92.2022
98.2112
95.8857
96.8623
131.547
91.5919
124.381
98.7448
113.162
87.0248
96.7649
95.5787
99.0454
97.7227
113.825
99.16
98.9241
95.2615
94.1991
96.7838
101.203
116.465
91.1053
92.4656
94.2196
95.1051
52.8267
113.242
88.3606
101.804
42.528
96.1948
92.8627
95.0099
99.9386
132.524
91.8723
124.192
94.566
100.162
96.8439
90.7716
114.713
89.8876
101.713
97.2993
98.3025
96.4109
98.533
132.292
89.9233
116.336
90.3059
101.336
97.6947
99.7443
97.5491
104.744
93.7964
97.4441
99.0965
100.714
94.6434
100.485
96.3392
100.795
99.3059
98.8781
98.2654
95.7665
95.5904
99.2182
100.523
96.5457
94.5809
99.0698
98.0901
49.5687
99.4896
96.8047
127.123
96.7399
99.6703
98.8869
117.101
100.961
89.8472
130.627
91.4985
113.331
87.8591
101.37
103.254
90.2003
116.812
91.2273
101.798
131.982
97.1308
94.1468
97.0218
99.123
97.7958
98.7818
99.5204
91.146
104.716
96.612
80.6535
96.2821
96.8355
97.9836
99.7993
93.8501
98.0332
99.0957
104.345
101.559
98.8051
97.4768
100.798
97.9364
99.3699
98.3366
97.4783
95.209
98.6751
87.5311
99.5239
101.774
98.5192
115.235
93.9599
98.0583
102.578
99.6804
98.6498
95.3368
98.4419
112.356
131.013
50.7213
95.765
130.862
99.5927
98.4732
87.5792
130.612
95.3114
97.4327
114.673
67.9905
99.6283
99.6434
98.5749
96.2523
99.6091
96.3841
95.4449
132.311
130.855
103.024
97.7176
54.0321
99.365
98.6548
101.32
99.4457
99.1551
95.6495
98.9334
96.7495
97.1917
99.2183
126.547
97.5413
67.0336
106.669
91.3038
96.7089
98.6771
99.782
120.905
130.63
98.0309
89.7291
97.7235
99.7259
98.4751
98.4733
95.376
100.936
98.4047
103.178
51.608
99.8248
98.896
97.3425
101.175
130.798
98.9585
99.7166
104.214
98.7348
99.6772
96.8181
98.5666
49.3575
96.7275
96.0211
96.4796
104.438
121.123
130.855
122.963
99.5211
81.9797
98.7518
91.7169
98.5421
98.7754
104.897
95.6569
98.2949
98.9077
95.0937
97.5316
96.5605
99.6283
98.9933
96.5063
96.2906
99.7423
98.7513
95.146
26.9038
96.9647
128.391
97.4501
92.8872
99.6212
98.7575
97.5001
98.8358
98.0327
113.254
91.7297
94.1325
96.7492
49.5452
101.499
96.7579
96.5438
100.028
99.3575
101.593
94.7167
130.375
51.2049
93.2053
116.126
97.758
101.785
91.2036
116.222
97.9598
98.9825
98.7001
100.409
95.9428
108.606
97.8867
104.047
98.4367
96.1567
99.7255
114.075
97.7444
100.984
98.4905
130.575
58.2332
95.9965
98.8142
101.15
93.204
92.6484
93.8774
96.2494
97.846
100.528
126.151
131.232
120.595
100.823
98.6034
130.598
129.965
132.464
98.7059
98.9747
98.4699
96.1914
133.54
97.8778
99.6337
98.8836
98.3787
99.7231
98.9554
96.1856
66.786
104.162
95.9461
98.4565
99.2284
123.731
131.854
91.0688
122.295
100.861
98.5815
111.577
98.0843
98.7369
98.9526
99.7485
97.426
100.54
98.5359
126.857
52.9124
99.9857
37.6175
99.4111
98.0339
96.5576
99.5404
97.8527
98.5307
98.5603
100.545
101.545
90.0117
112.471
125.924
100.272
45.8208
100.418
97.392
98.0111
100.564
97.6551
93.1057
99.7035
98.9939
132.882
97.0733
99.1711
94.8155
121.818
103.333
96.4837
97.4299
98.3038
99.3004
108.543
71.1817
99.0552
97.5676
103.265
132.437
98.3496
99.5528
103.457
97.9289
96.289
98.3104
122.11
95.3371
123.946
94.6184
95.6457
97.7241
132.094
123.396
103.39
98.0934
97.214
130.576
102.326
106.055
49.7314
128.903
98.5147
132.579
67.9302
121.644
96.4594
96.3939
99.8282
120.588
105.023
132.013
107.657
98.6937
69.0205
106.739
127.332
97.6755
97.5106
36.4279
130.661
91.0043
101.432
118.124
99.3224
99.6595
94.3918
98.5867
102.041
91.149
114.463
95.0178
104.353
99.0064
99.7574
96.5879
98.5146
97.4148
100.984
105.73
103.291
98.7158
115.443
98.9069
79.0787
101.918
98.8063
101.17
101.747
92.1059
119.013
99.5725
101.75
91.6107
117.078
95.8088
97.8942
95.7323
98.7536
98.9536
99.6995
94.8412
99.0224
132.346
51.988
95.5263
99.7907
98.7443
101.952
92.6589
132.48
100.834
95.4607
99.5613
126.815
115.892
90.8608
100.965
93.6237
98.6934
78.6119
99.4517
60.9942
102.353
132.406
100.362
98.4771
98.9808
97.5255
131.951
133.19
125.849
112.649
99.9284
98.5197
99.7199
113.996
103.759
98.6769
91.658
113.863
132.174
98.8165
99.7749
95.9581
119.789
51.0506
98.056
105.242
97.3767
95.3192
97.0213
91.1672
101.875
115.642
103.969
95.9404
100.964
95.3974
99.3443
45.2665
99.7525
99.1801
95.8143
98.8984
130.625
99.3167
105.952
98.6511
98.6058
111.953
104.322
86.8173
97.7458
100.507
98.3381
100.319
128.843
129.174
51.7696
97.6415
98.4891
98.7401
112.325
94.9518
99.6255
95.7437
110.301
99.0708
75.7776
130.589
95.9817
97.7894
99.3779
103.741
128.219
99.3622
60.0353
97.3627
97.6706
60.2221
115.08
103.33
94.3226
98.0938
131.407
121.911
98.5158
97.1806
93.1034
129.583
99.587
104.324
129.11
97.6357
98.6514
101.077
97.7398
105.19
97.3122
99.4396
98.7507
95.6295
97.9336
98.1783
98.9043
99.6287
126.735
98.6429
104.137
97.852
97.3266
98.7942
101.298
101.054
130.643
130.815
60.3318
94.807
101.38
104.445
98.0838
54.8629
112.187
86.0173
124.951
102.273
91.1346
98.9239
98.8729
100.765
113.3
99.7804
100.101
101.328
98.037
98.9893
124.07
96.594
100.567
117.399
91.1867
101.806
95.2101
119.04
98.8755
99.7054
97.1574
98.1016
93.3541
132.024
116.647
104.364
101.073
82.2046
98.6792
99.4676
91.2481
49.0967
104.766
99.0757
108.5
103.176
97.4256
96.6177
98.7046
100.592
98.0967
98.6332
98.6612
99.8546
98.4876
97.9604
98.9245
98.7475
104.135
98.342
105.003
97.5734
97.8533
116.8
104.679
96.0926
99.5285
96.8212
98.4612
131.417
106.768
97.6551
98.8714
96.2808
130.536
98.8043
104.377
100.029
98.4864
104.387
76.2712
103.638
94.7345
108.518
98.354
105.047
99.0006
96.9079
117.882
72.773
99.0378
109.745
98.9923
99.7567
97.9289
98.9274
109.638
114.246
48.9324
91.7891
96.9466
98.4251
97.2042
101.943
90.0391
111.936
121.265
98.7646
99.6161
98.7085
97.2014
104.619
96.1694
102.593
100.004
103.976
104.697
105.81
97.8797
98.9251
99.6719
96.9824
97.831
130.643
98.8449
104.305
91.9859
98.4231
95.5389
95.6057
96.8385
132.26
98.4373
132.553
98.6365
106.254
132.355
98.7958
96.5463
117.332
98.0489
99.7305
97.8872
98.2777
97.5484
94.5175
99.844
98.8543
94.5816
97.9954
98.1702
103.636
98.7693
98.0453
99.1426
95.6182
94.5231
105.193
112.875
110.652
100.631
96.9489
98.13
98.7444
97.809
99.9308
100.677
101.381
98.2432
125.471
98.7728
98.2161
97.4038
130.436
97.3676
89.5933
98.6994
98.1305
105.262
98.3179
99.3768
97.0966
95.7629
104.001
104.581
98.0996
105.1
98.4109
98.0086
95.0011
98.7492
99.8204
98.7402
98.1687
131.506
96.6719
58.0659
97.7337
99.8822
98.9531
104.24
97.7182
108.696
97.9532
99.0295
103.159
111.327
92.9962
94.3589
98.6002
99.1497
98.2916
101.278
97.596
104.4
102.415
103.025
127.425
120.916
101.27
109.567
108.517
97.4513
96.5911
99.8719
98.3181
34.9863
104.78
98.4506
97.9842
130.596
130.828
101.16
98.9633
99.714
100.657
98.78
98.3741
95.6199
97.8158
99.7272
100.331
97.3258
99.6735
98.4425
96.3752
96.5294
99.7174
101.15
98.6703
94.9812
99.5727
93.938
100.44
97.8204
110.586
111.673
105.552
102.222
104.247
110.424
97.2611
98.1993
96.9677
112.197
107.194
98.8108
99.5189
123.45
94.9542
125.476
100.375
97.1707
110.339
97.2993
123.817
113.62
97.3636
100.338
104.477
119.532
98.2491
98.1632
98.5906
58.0469
98.4786
97.6685
95.08
99.8489
99.0915
106.985
96.6746
124.024
99.0078
99.4339
109.255
101.727
87.4207
97.4448
98.7581
97.6872
100.54
130.408
131.689
97.3691
104.469
98.2877
98.2
100.623
87.6234
112.542
132.978
123.01
104.963
95.5239
97.9929
98.3997
100.939
104.26
101.693
99.2077
100.059
98.7454
99.1019
84.6869
94.4412
55.5561
99.5559
98.0496
122.17
105.308
98.3108
98.2159
103.794
97.1289
98.4379
98.8643
99.8241
99.6146
98.4396
95.2746
97.353
98.9229
98.3844
100.68
99.6906
99.4719
83.398
95.8728
126.468
103.536
100.852
98.3718
97.167
117.134
92.0934
101.608
100.127
96.8072
131.947
53.3233
97.2625
97.6365
98.0198
89.1662
98.4645
99.9633
99.3173
101.339
96.3758
98.1045
100.847
100.111
96.9889
98.4665
98.5261
104.235
99.953
98.3446
100.083
118.335
105.012
131.75
131.244
94.0359
98.7895
101.152
98.3418
132.524
97.3951
100.014
97.3315
98.6256
96.9899
98.6226
94.7468
99.816
94.0235
97.946
97.6343
94.6615
40.7647
96.3663
37.8318
50.038
97.8585
104.072
98.7932
100.828
99.9066
97.7328
101.164
98.7001
98.8857
86.7651
112.293
111.408
101.63
97.9376
98.6856
87.8323
96.6338
98.4959
99.8425
131.711
96.7203
100.997
97.8957
98.4567
99.7415
120.866
99.4041
98.4606
94.0775
97.2917
100.188
100.465
97.3669
98.7725
104.343
100.097
137.238
131.346
98.3558
43.6511
131.952
98.0318
96.1645
95.9592
110.352
98.2992
98.6155
99.9159
96.6734
13.3249
104.99
100.97
87.7677
117.853
56.8145
122.181
97.6354
100.076
98.1727
100.015
99.3995
96.6795
98.0385
98.1185
98.6882
99.5609
99.156
98.4883
96.9535
100.256
98.1443
99.4516
96.4134
98.1406
98.8868
96.9441
99.567
100.019
98.4558
98.4361
99.3977
96.3513
98.5025
99.9141
99.2255
100.256
96.8448
98.1229
98.0928
99.9003
98.3685
100.128
99.1314
97.412
98.0478
99.3321
100.015
98.2987
98.0985
96.4992
93.6018
93.2094
58.4347
98.2637
99.9764
110.207
101.655
95.0468
97.7925
98.2889
103.344
97.5829
96.8505
101.492
54.2265
94.6887
99.942
97.4544
97.8104
97.8798
98.4922
99.9231
98.7445
101.227
98.4494
97.4706
96.7235
99.6612
130.738
95.3092
100.024
101.394
99.6065
51.0321
96.8112
96.5066
100.951
113.64
99.6707
98.1573
96.0494
93.5343
127.072
94.6269
97.3928
99.6409
98.1701
103.649
102.838
14.2985
95.4007
99.8845
98.9133
97.0755
95.0564
96.1255
146.293
96.9997
98.0223
99.2957
98.3441
97.0993
100.117
98.3868
99.4931
98.1652
100.158
99.2847
96.6559
97.9982
98.3804
96.4353
99.8852
96.9514
99.0266
98.2799
98.9429
100.15
99.9773
97.5889
98.2951
108.035
97.1826
132.816
116.57
100.22
103.621
94.3864
98.368
126.988
94.9454
96.0095
136.418
95.3236
99.9989
98.0062
95.5237
125.375
95.7329
81.53
101.178
97.0893
98.2588
98.4007
106.902
96.2103
98.9286
106.692
102.674
98.1652
98.4391
99.0611
97.7674
95.9567
94.9857
92.2125
98.4036
100.694
98.7377
100.767
99.6714
98.4318
98.2045
101.241
98.3412
98.2792
98.814
95.3905
101.617
104.681
99.3691
96.0867
100.638
98.608
88.9571
98.8211
104.411
115.065
100.484
129.573
96.0896
98.5642
96.4664
97.2905
97.7931
104.625
95.167
99.3844
98.1151
97.1266
98.152
94.2137
94.8287
98.4346
100.035
100.216
102.777
100.897
96.7444
104.552
99.4692
97.4224
92.6508
94.9671
97.1322
99.9516
95.5078
98.773
98.274
95.9172
97.576
96.8983
123.796
97.5094
100.368
93.8072
94.4594
99.6483
97.8969
96.9566
97.3965
93.6393
96.9205
120.279
101.431
101.577
99.9215
96.3994
126.343
125.769
100.441
95.0075
93.7432
107.836
96.7387
115.718
103.061
148.713
98.0812
95.3019
112.624
122.779
93.3681
93.6294
101.506
138.254
100.521
116.376
91.8094
139.081
100.776
96.8902
33.7062
97.3865
98.0418
101.343
97.8448
100.01
96.6222
104.286
99.5599
98.2678
96.0406
100.991
101.389
99.7553
99.869
101.142
99.8676
101.468
95.8681
100.681
100.433
100.051
100.295
100.621
100.031
100.391
100.426
100.115
98.3418
97.961
96.2246
46.9254
99.9133
97.2676
96.8866
99.883
97.6699
96.2306
100.917
101.87
100.409
97.9224
97.352
98.8053
101.534
98.3453
98.0181
96.7709
99.6986
96.3265
98.6295
99.5423
97.4054
128.26
98.7396
97.4541
98.4654
97.4818
98.3718
98.0036
98.1575
98.5953
98.3461
98.3498
97.1646
99.5803
96.3114
99.8091
96.5997
96.8324
115.578
96.8144
87.5147
86.4734
94.4102
113.083
90.0911
96.8586
115.49
114.024
86.6257
91.0847
99.03
96.5724
89.7463
112.424
117.882
96.9009
93.9702
115.779
89.7703
114.758
96.6245
96.7164
96.4732
86.706
95.3586
54.2587
96.7878
94.0359
99.2622
96.8751
86.3879
98.9669
95.4888
113.799
112.518
93.6052
53.4536
89.3542
96.395
89.5249
96.9185
98.535
93.3421
99.0493
115.49
96.1966
52.4376
93.4763
98.2325
99.0557
89.5146
48.6838
96.2121
152.871
90.1913
97.4696
93.5754
96.9958
96.2558
99.7295
112.449
87.3856
90.4488
48.2481
48.072
97.2043
97.8945
96.4609
99.9689
97.3134
99.0759
98.4344
92.8514
99.5418
96.024
98.2985
131.252
98.3464
97.4847
98.5308
99.8454
97.2906
97.6201
100.379
101.492
97.3937
96.1029
100.397
100.33
99.1297
93.8681
95.4034
96.2281
99.5794
97.3238
97.2875
99.1023
99.3075
96.8264
98.3545
100.125
97.9632
98.4668
100.689
87.8415
112.596
100.336
99.6128
96.3129
97.781
98.8548
99.0961
97.186
100.238
99.5973
99.7104
96.5567
97.3579
100.532
47.3499
98.5831
100.471
100.256
98.8564
97.3986
99.4587
100.374
98.104
100.255
99.0998
99.887
100.135
97.7187
99.7634
98.785
98.8502
98.6587
100.185
97.8054
98.018
99.9034
99.6182
99.3933
95.6806
98.4618
100.226
100.043
99.726
96.5637
100.344
98.0924
95.8513
99.5261
98.5384
88.0325
100.735
112.674
99.9796
96.4429
100.274
98.9781
98.5415
131.485
92.9796
94.0936
100.177
98.9925
100.049
95.8248
99.1504
94.204
98.8353
97.5697
98.7566
45.4952
123.789
99.1884
99.3681
95.5788
95.9977
95.8899
99.6223
97.9059
131.699
94.7488
100.428
97.1819
97.7248
96.0505
99.7717
97.7934
113.568
89.2828
100.577
131.896
94.062
95.8837
100.577
99.8272
43.3266
123.678
99.1935
94.9845
101.06
100.307
96.0276
94.6217
99.3593
92.3439
96.2095
99.1322
96.2745
99.8685
97.7773
96.766
100.112
99.2282
131.746
94.752
98.8933
43.7293
49.1528
97.632
123.719
100.362
97.6085
100.463
96.0741
95.6652
96.2285
93.0444
93.4533
98.3491
98.5768
91.4541
115.62
100.226
122.16
95.8681
100.714
98.8462
97.0641
97.2014
100.246
100.116
99.6325
99.9789
99.2753
95.5341
99.8394
99.7101
94.1075
97.9305
96.5085
99.9535
97.744
91.1156
115.478
100.474
131.912
97.1643
96.6648
97.6935
96.266
100.918
98.9863
98.9387
99.1275
46.6286
97.3384
108.498
99.4157
102.394
123.648
102.666
96.1346
99.2758
95.4504
98.9049
95.7022
99.0243
87.9858
101.928
95.9594
93.8654
108.171
95.9994
100.191
99.2438
96.566
96.8396
99.6655
100.116
100.138
98.5974
96.8796
100.001
97.8898
98.2381
100.652
95.4841
96.0047
101.866
102.308
126.594
95.7509
101.3
97.0473
101.089
99.2854
99.2929
42.2818
97.233
95.693
97.2345
103.581
104.882
96.3749
97.2984
103.004
101.216
97.3875
96.0342
94.7197
95.0703
104.732
98.8333
98.7068
98.9595
99.4747
100.586
98.78
97.2184
99.3999
95.8178
101.742
96.6028
101.935
100.549
96.1418
99.3052
132.752
98.7044
98.7427
91.8956
98.8429
100.4
100.18
95.8926
99.0758
97.1752
97.4236
97.4352
97.1327
99.1171
96.6939
99.9742
97.8394
98.2573
98.3822
98.1948
92.7738
117.322
100.681
99.573
100.496
99.2726
100.109
99.4831
99.2025
101.247
99.2798
100.968
97.1616
105.569
98.8346
96.518
104.4
98.334
125.941
100.157
100.074
99.7682
132.028
98.7174
97.6114
101.079
94.8655
92.4952
99.188
96.0717
98.2665
99.2907
97.2385
97.2549
101.843
97.3694
99.7949
97.8835
130.984
97.298
98.7596
101.297
95.2708
95.7008
98.8023
98.7482
96.7657
98.4949
102.252
97.7945
98.7273
100.126
101.799
98.9015
97.4034
99.3528
97.1895
100.201
100.145
97.2348
98.3341
123.636
124.522
98.2933
97.2573
100.15
97.2175
124.008
100.303
99.1911
99.763
99.0955
124.993
97.1797
100.216
93.5031
93.5233
97.204
97.8172
97.7164
98.9532
100.523
99.5174
99.5058
103.455
97.346
101.651
131.869
97.2681
98.6062
100.874
97.3261
98.5553
98.6448
98.9732
100.231
100.697
99.1045
97.2047
99.9056
99.6464
104.201
99.7515
95.8842
94.9652
95.0907
100.394
99.2131
96.9254
99.9381
98.06
95.1364
83.8596
100.196
97.2173
98.0753
100.902
98.3741
90.4681
102.041
98.0849
99.5987
94.7431
99.2178
103.466
99.0066
100.27
101.426
101.361
97.2294
99.8591
110.261
99.347
134.91
96.0822
100.54
100.435
96.1344
96.957
99.0275
97.2468
99.6058
97.4104
126.691
92.101
116.749
101.303
95.7919
99.9898
98.4694
100.572
95.3099
113.927
101.045
102.411
108.291
114.678
99.3436
101.423
97.5937
97.426
99.5972
98.3534
132.123
89.6963
97.2745
95.5592
98.9469
55.5804
97.6884
98.3482
101.39
100.957
99.5059
98.1097
90.763
99.785
98.4355
98.0571
98.6374
96.551
101.749
99.9344
101.703
99.3119
45.8951
100.054
100.812
118.673
100.019
89.3868
96.8415
40.3951
109.71
97.4507
96.4424
101.862
94.7377
131.62
97.7003
97.3523
97.8808
139.27
95.5084
96.2057
99.6822
98.2151
98.5745
98.7532
99.9319
98.9215
98.9995
100.786
98.8456
125.06
98.3381
101.004
96.8661
98.2036
100.622
99.5073
98.8975
97.5686
99.0227
99.6592
143.274
96.8605
101.206
98.3163
100.502
99.7725
98.2533
130.643
98.746
97.4187
98.6924
99.369
75.3701
131.186
99.0741
98.9159
100.18
95.4512
106.806
96.2772
97.3204
98.861
104.272
98.7816
96.7088
93.0072
98.6764
95.9366
108.756
101.24
97.486
101.665
95.1902
96.2804
97.2242
100.675
97.017
98.801
101.401
97.11
95.3829
94.8823
102.457
101.599
97.7955
100.171
98.8214
98.3611
100.357
107.785
101.575
99.5112
99.6348
98.0516
96.6773
96.9554
101.786
103.162
104.42
97.2862
99.9265
98.0577
80.5302
99.5247
100.725
99.0247
99.59
120.42
101.893
98.7507
97.396
108.592
89.3107
100.476
94.2401
99.7846
99.0531
92.8683
118.857
92.3116
97.1555
97.0361
98.9048
101.292
97.5055
98.665
101.611
101.325
91.7543
117.469
98.6791
95.6341
95.857
96.7139
99.9089
98.029
93.0716
96.6088
97.1833
102.243
98.1791
99.9757
97.1709
100.571
98.7867
99.1201
99.7265
100.004
95.5197
95.4171
102.661
94.8397
100.623
96.6267
99.8552
98.2903
139.289
115.766
98.9535
97.6713
108.951
116.485
116.171
100.681
99.111
98.8209
99.8759
99.3974
97.2996
102.478
131.344
98.0944
97.5078
100.508
89.8816
114.197
98.4293
99.7157
94.8934
100.025
100.368
97.2393
100.944
95.7634
52.5363
74.3171
97.7835
98.1911
99.8889
98.251
98.2302
96.5238
107.547
96.4303
123.506
97.8878
100.97
99.0647
99.1499
101.343
98.7665
97.1818
98.9693
96.5048
107.221
99.4061
100.605
99.5264
130.691
98.7732
96.1554
87.8868
93.9704
130.801
131.722
99.8136
99.4014
99.7911
98.609
93.7852
97.5347
20.8711
98.0269
126.519
89.364
99.2402
98.1545
95.2543
130.446
97.9651
95.7777
99.8418
98.3126
98.5528
122.273
97.1192
100.118
97.8646
95.6901
98.8262
97.8583
100.426
98.4402
104.15
130.985
111.398
98.2527
96.6854
100.92
98.7394
99.1438
98.6205
99.0987
99.8434
95.8144
95.9861
98.102
100.066
95.8277
124.897
97.9188
95.3328
104.148
96.8017
46.403
98.9593
100.348
96.4177
99.8291
98.2859
112.116
97.7745
100.936
99.1645
95.3782
100.091
98.2094
99.2233
99.5277
100.888
97.3339
100.068
101.041
94.888
101.341
98.6715
99.33
97.2111
101.584
99.8347
102.723
100.96
99.4114
97.7658
104.198
98.8972
100.605
98.2996
124.846
126.615
97.6148
98.2032
100.12
98.4147
98.4384
97.2129
98.4005
95.866
96.7496
95.835
109.069
96.98
97.2875
97.7352
99.79
100.969
96.0181
89.5244
99.1851
101.04
118.412
97.8412
99.1501
98.6257
98.8253
98.3731
92.0796
97.0464
100.44
99.4696
97.4859
98.9731
85.6093
107.013
100.958
95.3199
97.4737
98.0107
99.5834
100.333
98.7133
104.495
104.072
98.6
97.4677
96.6482
98.3815
100.523
98.5042
98.3862
97.4531
98.0068
99.7311
98.4732
98.0499
96.4043
98.7803
99.5088
99.5736
104.786
95.6791
99.8497
98.7917
100.016
96.8366
100.263
99.3453
99.0935
98.7302
100.414
100.301
131.168
91.7689
39.2651
96.2951
96.1153
100.75
100.02
97.359
99.7909
98.4978
98.375
99.7806
98.5901
104.4
95.6521
122.004
98.4508
98.7348
99.4539
97.4979
123.466
97.5342
97.6883
99.4289
101.727
122.754
96.2191
95.6053
99.5001
93.1458
132.405
103.538
100.236
98.4985
114.345
88.5982
95.4716
97.3891
96.04
98.9935
99.2486
95.2777
99.8057
98.796
97.8479
98.2341
97.9579
97.5783
98.5211
99.13
98.4103
100.334
98.6502
100.413
98.5475
97.4135
98.3346
97.2752
97.407
99.8531
97.1446
90.5213
98.4952
121.714
97.403
94.8629
99.0895
38.152
99.8858
128.228
97.6363
97.268
94.9752
99.8721
99.2095
98.8463
100.997
97.8766
100.207
100.143
97.9584
124.426
94.1741
90.3542
98.9437
99.6864
132.958
97.8116
100.741
97.3862
100.475
98.2492
103.435
99.0563
95.1184
95.4078
99.7813
98.4976
99.8301
97.0099
98.3798
98.6826
97.4206
85.0462
100.007
99.0351
101.358
59.0849
104.514
113.748
100.515
97.2012
131.114
75.0729
118.28
102.566
95.5361
99.7983
98.4978
98.7986
108.713
93.8325
99.3879
98.6177
97.6096
99.3371
125.502
136.461
98.1671
117.961
103.38
130.515
100.304
98.4277
100.846
98.3853
98.2293
96.9071
116.538
99.5807
98.4372
99.4476
96.366
131.037
98.4434
118.489
93.1252
100.894
100.98
98.4936
96.1313
97.8675
100.004
96.7105
97.8547
97.2299
99.5286
100.487
97.2191
98.0734
100.501
96.6521
99.4019
105.063
42.4425
130.643
98.3524
96.7188
98.7529
100.014
99.9681
100.413
97.3452
97.6414
98.9707
97.4561
100.528
115.918
101.572
90.576
115.601
99.6795
98.9564
98.2514
104.885
37.2116
99.1379
87.1784
112.344
91.0971
96.1579
106.04
104
96.4393
97.1299
94.7021
93.9324
132.667
97.9926
94.5934
98.0612
105.503
46.1207
100.207
100.183
97.4332
98.9583
99.1636
93.7367
97.9104
114.84
98.6279
98.1251
99.3701
123.215
101.918
99.9225
100.386
100.043
99.0149
99.9866
97.817
98.1771
98.8146
99.7055
114.263
96.6593
113.636
98.6773
96.8196
101.011
98.0429
132.263
98.4628
98.9431
107.649
118.801
93.73
100.98
99.5962
98.946
100.284
97.8898
130.005
98.1816
100.305
99.9233
100.368
98.7897
129.393
130.487
100.634
99.9255
97.3069
101.536
98.983
99.5595
88.7211
98.0896
97.5252
98.4916
98.3869
96.6656
98.9696
83.7956
97.3666
130.344
101.829
101.166
99.5959
97.9025
93.53
125.083
102.608
98.9895
123.483
98.5785
120.418
114.35
97.5071
129.859
97.1547
130.534
99.5416
99.0465
99.7449
107.069
99.6991
111.695
97.3969
105.534
30.1092
98.5892
129.073
98.9749
109.586
100.34
110.606
94.3229
129.665
130.425
101.23
115.056
95.2328
94.3203
99.8241
98.9781
97.844
99.3461
111.212
96.8333
112.964
111.389
97.5023
98.94
99.6088
131.543
99.8185
99.3515
98.8317
104.12
96.5156
104.577
104.966
96.9632
114.831
101.255
99.072
96.5051
99.4627
98.4197
112.833
130.811
96.3119
119.088
110.602
97.9346
98.4451
98.5442
98.7577
97.3248
98.8324
130.572
103.92
99.6948
94.4924
98.0922
118.643
89.5441
101.14
100.45
98.3384
96.7392
99.304
100.891
96.4715
104.115
99.5827
102.086
99.7561
95.828
100.073
117.67
106.589
95.3919
98.8009
98.8776
100.363
112.209
98.21
97.0267
101.313
98.3971
100.747
90.7123
99.5391
49.8939
102.003
97.8373
105.864
99.9622
96.8593
98.1509
130.324
97.0832
123.408
98.5288
99.7864
90.6011
96.2657
98.8947
97.5135
100.51
108.516
93.2544
118.238
101.374
99.7494
98.5472
97.3069
100.136
100.197
56.7478
56.2044
97.4736
98.7357
100.888
101.236
98.7277
99.8385
93.6077
99.0175
99.1983
96.5837
97.8508
99.6987
99.0097
99.7626
101.709
132.633
99.7658
99.5884
96.6669
97.3818
110.551
99.1113
98.6393
101.397
95.6447
119.779
94.1412
101.269
100.11
97.7591
47.6362
99.9032
98.5138
113.091
131.161
96.8653
95.1981
98.7989
99.7614
95.8113
101.769
96.7344
95.8863
95.9992
99.8411
100.057
96.9244
97.9535
98.9257
98.7974
91.0906
115.556
101.108
95.6204
102.926
98.9657
99.6876
101.827
96.6828
112.335
86.7111
97.9094
100.544
95.334
96.3705
97.1206
96.6133
93.656
106.626
97.3686
117.959
127.932
147.611
95.5337
98.2117
132.858
98.1836
99.0177
96.2366
127.811
99.6937
103.46
11.7457
104.575
101.546
94.3806
98.2599
99.8712
98.3565
96.3707
99.7487
100.325
95.7957
97.6283
101.263
103.605
97.9006
132.336
97.3796
118.194
99.8169
97.0836
94.6612
99.7525
98.4232
97.7953
97.1291
94.9163
96.3949
94.1338
38.2647
120.189
93.2998
102.212
96.623
101.93
94.4677
99.6608
97.9874
97.954
96.2194
96.3811
98.849
96.8226
95.4638
100.549
98.2941
99.471
96.486
124.574
98.8269
99.589
98.9348
98.9288
105.066
113.084
100.028
103.758
101.841
90.6734
93.2747
99.7993
97.9943
98.1335
99.5233
100.876
97.2621
95.0594
132.441
99.7779
98.5589
132.087
97.966
96.7757
97.7099
85.8377
105.799
105.586
98.2485
103.057
98.2474
103.087
103.204
106.443
104.595
96.9749
98.2482
98.0215
98.9796
94.0117
109.679
98.3305
98.0573
98.5153
96.7777
96.426
105.188
96.9452
99.0888
98.8513
101.56
98.8189
97.3034
98.55
98.1586
103.556
49.6218
94.052
99.7706
98.5139
98.9442
99.622
100.119
96.9974
97.9366
99.6864
94.8944
98.4233
129.317
97.5888
98.558
97.9815
92.8485
97.6488
103.865
95.5189
97.9106
94.9879
100.557
95.7317
98.6205
94.9448
120.674
118.092
93.3839
100.554
100.218
98.474
98.4809
98.6332
100.715
131.164
105.734
97.7888
122.044
97.606
100.212
94.1524
98.3732
99.2844
89.3309
98.1242
106.27
100.183
96.967
97.4193
102.934
95.1078
94.5166
134.595
91.1953
95.5095
97.9655
97.4145
97.2893
120.298
130.131
98.4987
97.9196
99.8079
116.138
101.58
98.0611
97.8636
100.092
96.6523
100.799
97.8054
98.665
97.5136
102.715
97.8618
86.8771
112.335
98.637
96.0048
95.3475
101.876
99.3592
108.086
101.148
99.7788
100.624
97.1178
99.9916
98.4909
104.235
97.2498
19.1913
103.544
97.5348
100.885
97.0278
97.4932
99.1226
97.7958
98.3111
99.9128
98.2798
96.2704
96.683
129.618
92.5308
130.957
99.0351
99.4181
97.5479
99.6883
100.114
96.9004
57.3436
123.855
104.342
98.1721
100.202
99.5167
91.3494
91.2784
96.2815
99.1326
104.494
104.114
99.6622
95.5216
48.753
98.4985
96.2187
99.8434
101.673
98.5785
97.4044
100.017
96.0223
55.12
100.304
99.6099
101.349
98.8652
99.646
95.1052
95.8294
97.8589
102.678
115.645
102.829
101.076
97.1549
97.4556
100.192
89.7554
96.9574
132.857
124.365
96.8951
89.3748
101.347
99.7607
95.0343
98.4515
99.4627
123.267
101.881
106.866
99.6929
95.7633
100.894
100.063
105.48
97.4952
118.157
101.031
89.5459
100.112
97.8405
132.467
98.7572
95.5226
96.0834
96.3332
100.373
94.637
46.183
114.404
99.5287
99.6555
95.175
94.4945
99.2292
100.69
96.5395
98.9478
98.4044
98.7875
99.8625
132.033
101.49
100.769
95.0308
98.3224
53.4623
98.4331
88.4548
116.335
101.077
97.5038
95.3607
104.415
99.2223
98.6734
99.8293
93.2854
98.6876
99.0316
100.008
130.315
99.6696
97.3453
98.0435
99.6745
99.147
93.4894
98.3368
98.0802
100.352
97.1763
96.2495
104.737
99.6774
98.9188
122.547
73.1249
97.692
56.4338
99.0284
99.4239
92.6974
91.2421
98.9596
97.2071
82.9837
98.0854
124.534
101.175
89.0686
118.445
129.471
122.486
97.7417
98.2857
95.1245
100.299
97.8047
90.302
93.8181
98.8509
98.9946
113.589
113.175
106.347
95.4366
99.1309
95.0579
104.664
98.5443
98.3751
97.2175
98.5496
99.6865
130.242
97.7819
97.802
98.0033
99.3152
99.3165
99.4129
95.5248
98.8996
100.096
96.7945
97.8539
99.9114
94.2048
98.6552
98.3695
101.208
94.8679
94.3272
98.2623
97.9713
94.9193
114.278
99.4295
99.5445
99.5809
99.4444
119.025
127.513
99.381
97.5459
121.266
101.417
106.412
98.9552
99.6964
99.9253
97.7654
100.136
98.4578
98.6019
94.4557
97.1267
98.5347
131.635
97.2507
98.2199
94.9621
98.1203
99.7772
97.2652
94.3339
99.5821
98.8509
104.021
126.53
97.6667
98.9466
101.953
99.2368
99.8864
97.7614
97.5947
100.007
96.1336
98.7658
99.7818
99.3432
53.0717
97.5627
130.719
98.8842
96.7152
99.6593
128.988
97.2469
55.2334
104.808
98.4979
98.4695
98.8041
97.5037
98.837
99.828
95.1972
98.797
93.7449
99.9025
98.8688
97.9919
99.307
104.853
131.235
98.5316
93.7943
100.242
100.006
98.8934
99.4817
112.897
86.5708
96.097
104.211
100.541
103.761
101.525
104.205
123.999
97.7277
96.641
98.4837
99.6325
132.527
98.0234
98.3166
97.1997
99.051
100.481
99.3233
96.9433
131.241
106.411
98.8185
99.8879
93.683
104.673
97.7727
101.895
99.0636
98.6179
98.5246
96.2626
46.1088
100.739
99.6912
115.658
132.363
99.6361
95.039
98.0166
130.727
97.4094
103.216
97.2236
38.0974
60.885
98.4421
48.8014
97.9842
37.3217
99.5277
116.032
99.6586
99.1379
98.8833
98.8882
98.8675
98.883
99.5254
99.5707
99.4451
99.3274
98.8718
99.1945
62.2979
98.7993
98.6628
99.1345
98.8269
56.0721
99.0933
101.464
92.3977
95.4599
94.023
91.2465
67.7991
49.0152
90.777
77.2165
72.493
91.2136
99.1133
99.4829
99.4566
99.4758
99.2895
100.71
99.0771
99.4914
102.2
98.8558
101.28
100.464
101.99
100.647
99.5401
103.907
118.07
119.289
98.7229
105.179
103.078
91.8659
102.252
106.949
117.767
121.942
111.784
109.397
125.763
129.639
133.474
132.336
101.44
98.2434
100.845
100.681
102.428
97.9121
91.9309
97.7438
99.9436
98.8398
98.825
81.8871
98.9703
98.8133
98.8071
96.505
124.7
123.588
97.5168
99.6526
95.8354
98.1807
97.2917
98.47
98.9529
132.501
104.596
99.5857
99.0059
98.8497
98.3692
100.322
113.981
100.885
99.2566
98.2548
98.7995
98.894
99.6673
95.9943
98.9986
99.2869
101.007
87.6169
112.595
99.8697
99.4505
98.755
79.465
99.4871
97.4746
87.2618
98.6953
39.356
97.9659
99.6824
98.9686
99.2088
95.9829
98.7633
99.7352
97.5296
99.1779
98.2716
116.404
100.555
85.3379
100.677
98.9528
97.5235
86.6681
112.301
116.411
96.9466
98.3032
99.9211
128.334
99.6201
98.9835
121.217
96.5262
98.1181
95.1861
53.4567
98.7952
89.8689
100.326
114.058
97.7178
98.7773
99.8523
99.4764
97.8047
99.336
101.436
97.6843
100.032
97.7516
98.5997
97.6693
96.6157
100.037
97.9441
98.3964
82.4696
97.3671
99.6517
98.9375
96.9008
97.1673
99.6831
98.9816
99.6461
98.9841
92.8613
99.4392
131.199
98.3736
99.3056
98.7233
102.715
99.6028
97.0653
97.9882
100.67
99.5762
99.9397
97.3192
100.072
92.5025
99.3591
100.978
131.601
100.222
86.9565
104.337
99.6759
98.99
99.6632
98.9889
98.056
96.886
95.6932
97.4344
97.7963
113.273
107.409
97.3237
97.685
55.2965
94.0555
98.7594
99.404
91.8025
101.024
97.7803
94.8077
98.8119
98.2433
94.7808
100.603
99.0206
95.2737
98.7808
98.5295
94.2561
99.4557
96.7753
94.9567
100.5
111.235
50.3389
130.647
97.8104
122.865
104.687
100.057
97.5482
99.7002
98.9222
98.758
101.839
99.6415
112.761
86.7884
100.052
97.9935
99.9501
104.709
101.315
97.8657
98.1162
96.8635
97.1942
58.9617
98.18
97.5222
99.0563
97.4369
93.4888
105.112
98.1102
96.385
97.5623
97.1169
98.1097
100.018
97.2376
98.9192
130.592
129.708
100.696
93.4479
98.4797
96.1452
131.11
97.9521
96.8841
97.2756
101.779
88.6585
118.225
125.375
122.953
100.449
98.9081
98.1526
95.3164
132.339
97.4595
113.253
86.5748
94.2176
110.66
129.987
98.7297
86.2758
99.5391
99.3643
100.628
97.6223
98.2609
105.178
97.6024
95.8928
94.7437
99.3145
97.6141
96.9821
104.84
96.7512
89.8126
50.5191
97.4921
99.0814
99.8873
95.1559
97.8487
98.739
95.5036
95.7051
99.3405
102.296
97.6367
132.586
99.9102
87.2794
112.617
90.4516
102.499
98.9272
99.6515
140.027
95.3127
97.3846
99.967
100.231
104.128
99.3176
117.486
101.01
97.1481
92.3417
107.526
119.917
97.6344
127.048
95.8969
98.7026
95.9097
96.2984
101.716
90.9645
116.16
43.4058
100.033
97.4236
112.981
88.0775
101.645
98.601
99.5567
99.6803
100.835
96.2382
99.2558
101.111
98.0799
98.3039
96.1298
98.7909
97.5106
98.3261
99.1862
101.966
97.8837
98.2659
95.9406
98.1949
99.5749
92.1818
97.5698
96.5411
33.0631
96.3364
101.509
98.9203
90.9286
107.563
97.0709
98.7851
101.222
96.7961
96.7075
40.2749
97.3998
97.0568
97.9625
100.064
96.7512
97.7535
89.583
99.0793
96.277
99.4024
97.6151
97.9988
118.977
131.763
97.5703
100.301
99.9648
97.6216
95.7952
131.709
98.1764
132.347
100.4
97.5252
101.965
97.6788
95.1624
93.0446
96.575
99.3179
98.4241
100.299
92.1344
101.121
99.3319
131.724
98.2409
104.222
100.407
96.3096
96.4136
91.2411
102.217
116.015
100.935
60.7399
40.8212
124.244
101.293
97.6912
98.351
97.5603
97.2767
100.128
96.5834
98.731
98.9877
99.6382
99.8265
96.0834
98.4298
132.225
92.0054
116.884
101.55
98.203
98.8016
96.229
97.8783
99.8515
132.05
100.68
88.8107
113.27
98.1742
118.16
101.2
90.1471
119.185
92.6032
91.0813
98.4028
101.024
113.318
119.13
101.147
92.4641
97.6463
130.065
97.4634
99.5467
97.7333
113.482
98.0357
97.4678
97.4924
101.522
99.6638
39.2686
96.8467
97.8757
100.067
101.414
103.367
98.8324
101.227
98.5579
97.6611
97.4608
94.9626
94.8204
99.2192
99.645
98.729
102.345
107.32
95.0303
98.4329
99.2769
96.6407
98.6493
124.3
97.6061
98.3727
98.0629
102.755
124.387
133.788
93.4891
97.7686
99.0477
100.437
88.4906
100.864
89.9953
114.588
99.66
122.764
91.1712
101.936
115.943
97.0537
100.353
126.502
99.463
95.4745
95.3613
132.459
99.6932
98.9958
94.9137
97.8517
98.2337
100.354
98.2941
92.3322
97.5308
95.0039
104.589
131.016
103.799
94.7748
99.0124
101.208
130.973
30.8714
19.8495
97.5667
98.7994
99.425
98.8347
96.6222
100.492
116.09
85.1555
95.4616
98.4403
100.968
98.2289
103.526
89.9476
116.724
49.8968
99.6594
100.003
117.766
101.297
89.2088
98.1808
96.6942
95.9862
117.012
104.092
91.3158
101.761
76.1621
104.436
98.2674
98.6418
99.8157
93.8395
48.8913
95.2782
100.91
99.111
98.6653
102.644
87.0105
105.077
98.5729
132.163
95.0847
130.551
99.4029
105.265
105.216
98.7495
99.7268
90.5811
98.7362
99.0337
99.5187
51.2456
95.7877
97.2391
131.366
98.3156
132.602
100.361
99.7559
98.2737
103.131
123.183
132.139
94.5902
125.089
98.7483
99.6843
99.4577
125.893
96.3095
100.873
97.6151
120.678
126.579
95.7834
98.6033
55.783
95.8357
99.1096
91.4379
132.938
98.4873
104.533
98.4724
98.2614
95.317
97.3126
99.9761
108.455
9.08638
98.7982
97.564
132.167
97.6578
101.553
98.4222
125.662
101.998
95.4767
99.6998
98.9433
99.3293
96.175
95.6374
100.783
131.616
40.3631
100.401
61.0025
98.4737
99.4498
125.756
100.46
99.1009
96.1581
95.5505
99.2333
130.794
95.7766
130.325
130.912
105.319
96.6015
131.353
98.3459
98.3856
111.901
99.6466
98.9266
95.2051
101.195
95.8713
99.2949
97.744
95.4338
98.8742
99.6467
100.929
98.8498
99.6274
96.682
98.2827
128.718
97.6682
84.9284
126.168
132.551
98.5022
99.2107
98.9072
100.973
104.998
98.0845
133.972
97.5152
95.486
94.8959
100.563
99.8118
95.3787
98.4723
108.534
132.994
102.797
101.379
99.7359
132.107
98.3252
99.9076
69.527
98.0029
98.4461
96.3123
99.8496
131.362
98.8776
99.5813
94.0188
97.6917
98.4675
99.3628
99.8568
115.674
55.2783
131.473
97.1312
54.0679
101.88
99.3571
131.238
96.8135
101.039
124.614
121.357
97.7895
56.7296
100.539
96.2809
131.802
131.571
131.905
131.69
74.9777
125.474
69.8899
64.9888
52.3319
125.152
52.426
51.7048
60.2844
130.817
130.881
52.8499
130.978
131.104
97.2153
122.406
123.025
97.0596
96.1598
96.2084
96.8405
96.7012
96.693
99.2174
97.489
96.3348
97.665
103.317
117.148
87.7534
100.105
119.212
96.3341
99.7993
98.4441
100.011
97.5931
105.205
130.923
98.2225
98.3464
98.4276
99.8733
98.07
131.24
93.0537
101.99
99.2713
98.9257
98.8457
99.5813
100.447
131.949
99.4024
87.393
116.878
100.771
89.3511
96.3179
99.6995
98.9381
101.828
99.5934
97.6027
98.3425
93.386
98.736
99.016
96.6168
96.2921
92.4225
96.2624
98.7006
100.77
98.2089
98.523
99.5162
98.2132
96.0561
128.897
100.162
99.4815
96.7698
94.598
94.8502
99.1907
105.273
98.7905
92.7805
100.371
99.363
101.834
130.604
98.9719
116.575
100.744
131.466
97.4282
99.9168
98.5207
99.6822
98.9393
97.3113
95.6616
96.2833
98.8161
99.5942
130.392
98.4098
98.8072
80.5673
95.3533
98.8697
98.3317
133.291
96.6943
94.4818
98.8858
96.4642
51.3603
123.362
124.249
98.9564
98.699
101.527
96.8028
99.7161
122.652
132.746
94.6405
98.4806
100.227
100.085
97.2146
98.0852
121.473
99.3818
99.2938
98.704
98.9329
97.8071
94.8728
97.3803
99.8956
100.381
97.3468
38.0474
97.7606
97.8886
98.0018
96.8084
91.7801
95.2795
90.5283
101.524
117.203
99.7074
98.9673
122.466
91.7832
103.699
131.368
98.6517
88.162
99.3965
129.645
97.2267
104.589
98.8589
91.7913
112.529
86.3168
94.4717
99.8952
97.0176
98.3816
97.1083
125.982
128.118
97.3671
96.2555
97.6039
112.904
88.3753
101.179
100.279
95.2499
98.8775
101.846
99.345
97.841
108.544
130.466
99.2988
115.912
105.154
100.94
94.1811
89.0806
101.425
89.9485
97.512
100.512
98.7457
99.5676
90.8992
101.106
89.1724
113.705
127.147
100.011
96.6881
97.9298
99.3363
119.499
107.897
100.59
112.976
101.365
98.1325
95.8505
121.969
112.789
17.8134
99.983
97.299
98.2587
98.8958
99.6978
104.642
100.601
99.1199
98.2938
94.6465
99.0145
97.3091
99.6332
98.9711
98.8895
102.823
46.9456
102.931
9.73342
123.185
98.5887
124.745
124.373
97.6857
99.868
98.4303
101.093
96.3494
97.4483
99.4398
116.836
91.727
118.929
99.6077
98.8589
98.8969
99.8371
130.603
100.181
103.924
98.3635
98.7485
98.4083
48.9769
99.0483
97.2163
95.0936
99.1112
131.133
113.852
86.8804
95.2699
134.913
99.0249
105.691
92.4039
100.009
96.404
97.7688
43.2281
98.2514
98.7882
103.036
100.454
106.985
95.6111
98.8734
99.6037
98.5393
97.9394
95.6636
101.086
99.4202
98.135
87.7285
99.8609
98.7783
97.3845
104.931
123.431
100.385
74.5959
109.731
99.6758
116.791
100.97
89.8185
100.705
97.3032
103.562
127.724
98.7489
91.5717
96.9998
98.1876
97.3789
99.4809
93.6333
100.069
98.4188
96.8336
96.1272
98.2003
97.4947
98.4644
104.933
99.6409
106.088
97.2038
99.3183
93.5967
99.8773
96.7058
98.7874
101.981
97.2045
101.107
94.4207
63.8767
127.893
103.057
92.1858
98.7419
99.8649
92.9564
98.5048
91.6211
98.4577
100.923
39.7627
103.473
104.654
123.037
104.383
20.4654
96.0836
99.4443
106.298
131.757
99.1911
101.107
101.578
93.5304
90.747
95.8098
99.5548
99.0521
100.691
97.7635
100.387
97.947
99.6408
98.263
99.3892
95.1216
94.312
96.4706
95.98
98.2523
101.588
96.3962
101.424
97.5894
98.9789
98.6503
99.728
96.5882
93.1746
132.367
99.5751
93.5652
113.286
87.9165
101.425
99.0817
101.054
98.062
96.8337
98.136
96.6826
102.943
112.974
124.875
130.456
48.519
98.7576
98.8852
97.9409
96.5222
43.2614
97.8872
121.704
132.447
129.632
99.7536
95.5745
130.692
96.6582
86.6328
112.626
98.7581
127.671
128.035
124.207
98.9625
103.411
98.2991
103.584
99.6157
96.9121
131.111
115.48
100.607
83.4287
122.282
106.129
98.2675
99.4586
65.2524
130.563
95.5204
99.6242
98.851
98.7314
93.7596
99.5634
91.5746
132.451
132.521
84.4311
98.7926
99.5694
95.3514
100.678
97.8979
99.7141
100.673
88.1578
98.5974
99.4759
96.064
98.2627
99.6819
99.4037
49.0823
119.87
100.171
98.7686
99.0556
99.7161
98.7652
48.6042
97.7866
96.3578
100.694
89.8112
114.038
97.1326
98.0006
37.7502
92.0201
98.9848
101.016
102.558
123.54
96.3736
95.0983
99.2733
100.154
101.877
99.7061
98.5837
94.6946
97.3341
99.1251
101.18
99.7277
99.0485
96.707
123.232
98.696
99.7412
95.4002
100.673
92.2963
104.16
98.6122
119.022
121.376
98.2068
97.6458
100.783
98.3106
97.4029
96.9317
55.2034
98.751
99.5301
98.3005
101.044
93.107
98.7507
103.046
98.6325
99.8144
92.8387
99.1058
97.1992
91.9946
88.6973
100.601
113.116
112.912
88.671
101.451
99.5151
98.6149
104.532
98.4964
92.6973
96.343
103.373
99.1813
98.3872
101.58
104.328
102.286
97.4588
130.243
91.0616
114.828
102.551
95.5102
55.0909
86.9704
99.0016
98.2904
98.2236
101.284
100.382
91.8206
91.6128
100.224
98.2185
96.2056
98.796
114.122
100.997
88.2458
112.995
97.6428
98.5097
100.19
97.9596
96.2611
97.4776
98.6386
96.6689
99.6559
92.1565
99.5988
96.7774
97.9759
104.051
97.9729
96.3215
99.8514
98.0792
97.9506
97.4431
130.748
104.795
99.5301
130.943
115.659
101.169
90.5973
99.2306
103.894
47.8666
96.0224
100.235
97.0329
100.606
99.1122
98.8013
122.845
95.3427
101.078
99.6264
98.7794
104.76
107.416
101.489
98.238
129.124
93.7928
101.531
96.7816
125.067
97.1186
91.6501
98.748
99.6394
98.8413
113.601
89.284
101.242
96.9048
128.509
98.3464
101.298
96.0155
98.9356
134.065
85.7032
97.8466
97.5611
100.926
94.7076
97.7435
33.7514
98.3064
131.753
97.3567
97.6769
100.612
99.8765
97.579
100.457
100.073
97.7909
100.357
132.302
98.2302
97.7917
90.7041
94.1797
98.3496
64.3337
98.7159
94.0278
97.7088
103.18
98.8833
96.6522
94.9726
100.117
99.0479
98.7059
104.027
101.268
102.832
96.6726
101.221
99.0975
97.0364
98.2468
100.032
101.655
101.715
103.524
101.277
98.6433
99.8365
96.0348
99.6833
123.319
87.7482
95.4937
103.259
96.8349
96.4622
98.9672
99.1688
97.6819
93.1074
99.7912
98.5919
97.6332
86.8413
97.8109
100.859
99.7466
95.7592
104.668
98.8823
94.5557
97.4729
97.2825
99.8419
100.363
131.26
97.4628
100.072
100.12
55.7114
99.5311
104.415
58.7822
97.3265
97.4815
97.1826
97.1809
99.4669
98.7721
103.013
106.849
94.852
97.6985
99.3908
98.8796
95.7371
113.895
86.7257
94.7773
99.1294
130.725
99.9298
97.401
100.275
98.3518
99.2961
98.8019
97.5086
99.5091
99.3012
96.9039
99.5157
99.9307
98.438
86.6811
97.2407
96.0004
100.27
128.388
98.2173
99.8347
94.5219
98.3852
97.3862
37.6547
94.5972
99.0915
98.1076
99.5333
99.4974
98.8628
94.8501
98.8761
99.683
98.1713
97.758
96.3694
98.9939
98.9232
93.6187
98.8724
100.061
98.4943
99.6996
100.501
98.4588
99.8692
118.112
89.9477
100.734
116.386
94.4257
96.9444
100.234
96.9066
80.3947
98.2315
98.8011
101.437
97.4019
131.117
96.7356
50.6535
87.3251
99.4403
132.762
93.249
124.491
95.2932
92.6308
98.4451
96.3418
98.1401
96.7924
99.9951
99.6855
98.9672
97.3222
96.8249
98.4596
100.303
97.6216
101.851
98.3501
99.6136
98.8994
119.781
92.7337
100.909
100.619
98.3256
96.2703
99.8055
96.9446
97.7159
98.3489
100.294
97.5573
105.481
117.227
101.013
98.3533
98.3168
97.0312
100.012
114.153
99.6624
81.746
91.5116
101.901
115.39
92.5392
79.5916
124.031
104.05
89.7259
115.44
101.479
90.6055
98.7452
96.7707
99.6548
98.5106
101.882
51.3293
98.9484
124.803
96.9085
96.9345
99.5416
98.2973
98.7251
93.5878
99.5776
100.673
87.5562
112.481
101.101
89.8799
98.0216
96.9514
100.197
98.7502
103.896
97.9415
57.4795
120.366
101.136
90.6172
117.778
98.2778
101.231
98.001
98.1291
93.645
92.3973
99.2425
55.4439
98.0712
97.8868
101.375
98.5024
96.7992
99.9015
98.2126
94.4477
100.261
98.8928
98.696
100.215
98.1447
97.0984
100.136
93.6322
99.4977
98.9007
102.73
98.7366
99.0976
44.043
131.375
94.8068
99.6367
98.2358
98.8542
119.779
96.6656
132.338
99.3702
97.6002
97.2464
97.3704
100.065
98.1623
99.9129
96.3942
93.5137
99.0578
97.9948
127.201
43.7733
98.8714
98.882
99.7066
51.2511
99.5094
98.7798
90.0026
98.3373
104.383
132.952
95.1481
99.655
98.9729
94.9488
97.211
125.903
98.9598
133.05
58.3088
97.4699
120.625
95.9823
97.967
100.486
98.0087
98.7778
97.1867
96.1845
37.4224
124.377
98.4263
99.724
97.9926
95.9733
99.674
99.7864
91.185
82.4031
97.3791
98.3976
98.5243
100.105
98.7593
132.652
119.212
100.944
90.0894
47.9316
98.4013
99.6185
132.29
106.597
99.72
98.7812
94.8475
99.8187
100.872
98.4987
98.6208
101.906
98.795
106.991
19.3553
91.9244
95.504
97.4792
105.797
99.6783
97.6546
104.563
100.105
97.8287
100.099
131.548
98.9085
100.626
92.9009
131.291
94.0021
68.0397
95.5431
92.9867
98.5378
96.7448
100.657
119.38
129.993
98.8108
44.7722
130.217
98.9093
97.5558
98.9693
130.376
59.939
98.2323
115.177
101.343
89.9332
95.7528
131.136
130.302
101.469
97.5003
98.2716
97.2945
99.5199
97.9643
98.664
129.599
51.8231
97.3218
98.9816
99.8418
95.1562
114.803
87.239
95.5473
130.405
97.4673
99.2169
98.4335
129.326
130.107
98.3796
100.749
98.8929
99.8797
93.5198
131.508
96.8288
98.2168
109.855
97.5914
132.667
128.874
103.947
129.017
97.2576
99.6021
100.757
100.121
99.4265
56.3929
132.793
96.6697
109.594
98.0797
96.1543
99.7809
96.6153
132.933
120.368
103.71
132.001
96.8649
99.5912
99.5278
130.513
87.3347
98.2036
107.841
97.7615
100.609
97.6674
103.427
126.513
96.8261
131.755
96.681
107.147
91.924
134.067
98.7821
99.7744
95.8575
96.7757
95.1717
97.4902
98.8123
98.9223
62.1087
131.754
57.6026
99.6877
98.9804
89.1753
95.0173
98.4145
99.2003
98.8194
92.909
94.256
100.065
98.5194
96.4857
131.738
90.8665
91.3333
92.2837
97.9752
100.87
99.577
99.0697
97.3711
93.8384
90.1972
98.7823
99.8641
93.0825
90.8076
90.7261
98.9368
98.3773
99.9289
96.9764
97.0487
97.1917
102.006
101.085
98.1749
86.743
112.737
97.0176
98.8096
96.8966
98.6753
92.9814
99.8278
99.1241
99.6841
98.9549
98.4456
128.479
133.288
92.8784
101.657
98.8787
99.6157
98.9009
99.6856
98.9733
124.727
91.8107
101.361
101.849
98.6534
71.1074
101.592
98.4888
125.138
105.368
96.3602
99.5649
76.7579
111.713
101.187
97.5889
96.5933
131.744
104.802
95.0624
97.5436
99.3711
101.365
88.3129
113.051
130.846
98.9286
95.6017
104.375
97.0831
131.306
117.234
101.436
90.4598
127.547
92.6652
101.83
101.516
98.683
96.0495
96.6284
65.935
131.981
98.5323
98.4959
99.9252
100.576
99.1104
51.5938
89.6371
97.0861
97.277
98.8037
96.8622
96.9086
91.5529
95.9065
98.8055
99.7977
93.6417
98.722
94.3399
100.363
114.177
99.3675
94.1095
93.7431
94.1843
99.0178
99.03
98.4949
98.1184
128.568
131.254
102.775
130.057
104.117
130.943
131.431
131.845
104.908
104.182
123.922
93.7598
98.7084
97.5991
96.5778
98.5623
97.1448
129.484
98.5195
100.353
98.2455
61.9009
100.144
114.616
81.9141
98.2885
98.0938
88.0648
100.069
97.3649
100.321
100.026
105.253
121.51
48.366
97.7374
95.1772
131.813
96.5825
97.3156
99.8188
100.451
98.9516
97.4612
87.0897
97.4302
100.208
100.235
97.575
119.948
92.0511
98.9461
97.7986
37.9115
104.313
105.948
95.0902
131.556
88.6522
95.4332
114.858
130.86
96.2542
96.7551
98.6648
96.1083
97.232
124.889
96.0231
97.3339
101.21
98.8356
101.566
102.846
98.934
99.5746
99.7169
100.192
100.231
97.8034
99.0435
95.6534
96.9097
97.0278
95.48
94.9147
96.9357
97.6143
95.1874
31.1254
57.2125
88.1059
110.246
87.3064
89.4506
90.7007
99.131
109.387
95.2264
98.0868
103.334
111.512
97.4405
101.755
103.132
110.059
96.1879
100.403
115.625
142.635
110.604
116.095
127.126
133.023
124.059
122.1
120.796
94.2244
93.9041
99.8464
99.2172
99.0052
88.343
96.3149
96.674
94.0698
96.0598
97.8843
98.0708
115.874
95.1003
130.774
131.052
131.623
)
;

boundaryField
{
    frontAndBack
    {
        type            empty;
    }
    wallOuter
    {
        type            zeroGradient;
    }
    inlet
    {
        type            zeroGradient;
    }
    outlet
    {
        type            fixedValue;
        value           uniform 0;
    }
    wallInner
    {
        type            zeroGradient;
    }
}


// ************************************************************************* //
