/*--------------------------------*- C++ -*----------------------------------*\
| =========                 |                                                 |
| \\      /  F ield         | OpenFOAM: The Open Source CFD Toolbox           |
|  \\    /   O peration     | Version:  v1912                                 |
|   \\  /    A nd           | Website:  www.openfoam.com                      |
|    \\/     M anipulation  |                                                 |
\*---------------------------------------------------------------------------*/
FoamFile
{
    version     2.0;
    format      ascii;
    class       volVectorField;
    location    "0.92";
    object      U;
}
// * * * * * * * * * * * * * * * * * * * * * * * * * * * * * * * * * * * * * //

dimensions      [0 1 -1 0 0 0 0];


internalField   nonuniform List<vector> 
1466
(
(2.7174 -0.199621 -1.78104e-16)
(4.72993 -0.108405 -3.19917e-19)
(-2.80235 -0.180963 4.85959e-16)
(0.048503 9.32693 -3.77791e-17)
(-0.411433 -0.870016 -6.43559e-16)
(-2.1293 0.113524 -9.00815e-16)
(-0.877641 0.306399 2.15083e-16)
(3.24053 -0.361866 1.31076e-16)
(7.37242 0.11082 -8.82717e-19)
(4.82731 -0.171158 1.34459e-16)
(5.90611 -0.229203 -1.82588e-16)
(5.05772 -0.511656 0)
(8.38516 0.0645365 0)
(-0.0995881 -1.38247 -1.49818e-16)
(-1.21423 0.13697 0)
(4.5715 -0.496434 1.4122e-16)
(2.41201 -1.52192 -8.66272e-17)
(0.0306075 5.26713 -2.50757e-17)
(0.917768 5.58921 -8.0044e-17)
(-0.0761286 7.48184 1.3362e-16)
(0.104422 7.55359 5.87296e-17)
(-2.14489 0.0437338 5.35951e-18)
(0.016153 6.19081 -5.58973e-17)
(-0.113585 7.23058 -1.44748e-17)
(8.26523 0.142067 7.35369e-17)
(-0.324715 0.0674914 -2.76803e-16)
(-1.40507 0.578788 -1.22712e-16)
(-0.104655 7.67039 0)
(-1.71429 -0.0381149 0)
(4.75255 2.36313 5.08255e-17)
(6.03972 -0.63459 1.21286e-16)
(-0.47175 -0.0413674 1.67911e-16)
(-0.707123 -0.966016 2.13453e-16)
(-0.372865 6.45377 1.37892e-16)
(4.25834 -0.204624 9.3533e-17)
(-0.92712 1.02123 2.27262e-16)
(-0.299247 5.79932 0)
(2.25096 -0.663397 -2.5336e-16)
(5.21677 0.179132 -2.65856e-16)
(-1.48746 -0.0898379 -3.6688e-16)
(-1.76563 -0.0236055 -1.40343e-16)
(-2.97908 0.0204728 -3.02907e-16)
(-3.10524 -0.0971409 1.65391e-16)
(-1.76791 -0.13564 1.24626e-18)
(-0.697465 -0.301569 -4.18926e-18)
(3.09157 -0.000674895 0)
(6.14844 0.10359 6.86015e-18)
(1.53224 -0.0943343 0)
(-1.87602 -0.327734 1.25502e-16)
(0.606974 -0.238146 0)
(-1.23107 0.298636 -1.01263e-16)
(4.63242 -0.0691879 -3.43696e-16)
(-2.27177 -0.0867842 6.00258e-16)
(0.175663 -0.450072 6.31079e-16)
(-1.26631 -0.551775 -9.63808e-17)
(6.39718 -0.0465235 1.22705e-16)
(3.08433 -0.0713004 -1.85113e-17)
(5.80851 0.0073733 0)
(-0.193502 -0.0936858 1.15718e-17)
(4.76625 0.022392 0)
(0.338599 -0.0369517 2.12993e-19)
(-1.16521 0.121717 -1.13397e-16)
(-0.96854 -0.311416 1.80927e-16)
(4.11825 -0.195106 1.33366e-16)
(1.41166 5.6155 -1.75528e-16)
(2.00001 0.555987 2.18856e-16)
(-0.347154 1.97447 0)
(-0.0326807 5.27468 2.72008e-17)
(7.26766 0.511952 2.89085e-17)
(-2.09684 0.117954 -1.58444e-16)
(1.20095 0.81763 1.17618e-15)
(-0.116879 5.98794 0)
(-0.032743 5.89516 0)
(8.17553 0.212632 -1.51347e-16)
(0.063338 -0.356736 2.92324e-16)
(5.92978 -0.0596967 -1.13057e-16)
(-1.22147 0.0640578 9.78494e-17)
(-0.77732 -0.531076 -1.0319e-16)
(-1.34892 -0.162862 0)
(3.76927 0.783128 0)
(4.35289 0.0130997 -1.24964e-16)
(4.80188 -0.369832 -1.72053e-16)
(-1.75533 1.23931 -2.44871e-16)
(0.91891 3.29133 2.58655e-16)
(-0.12451 5.28666 1.14276e-16)
(0.582082 5.79873 4.20616e-17)
(-0.437413 7.73709 0)
(3.55843 0.265076 1.6535e-18)
(4.99377 0.102758 2.46968e-16)
(-0.17413 0.487607 -3.07029e-16)
(-0.0911004 0.0620088 -9.86574e-17)
(-2.07522 0.378771 -2.19612e-16)
(0.162796 7.11181 -4.17825e-17)
(1.74191 -0.810378 -1.95132e-16)
(1.71902 -0.451577 0)
(-2.12273 -0.352379 -3.23816e-16)
(4.51135 -0.128813 3.01071e-16)
(6.19339 -0.0347243 -7.12465e-18)
(6.56603 -0.125432 3.06654e-16)
(-0.90099 -0.407615 9.25012e-17)
(-1.83344 0.254117 4.97115e-16)
(-0.608014 0.0202897 0)
(1.51995 -0.0285381 3.69064e-16)
(-1.06994 -0.525932 3.26904e-16)
(-3.02078 -0.151532 -1.23799e-16)
(3.59121 0.171581 6.09852e-17)
(-2.35236 -0.166014 -2.26769e-17)
(1.00907 -0.306594 0)
(5.22071 -0.42409 1.73956e-16)
(2.75814 -0.00309367 6.59063e-17)
(0.192774 -0.00363618 -2.7627e-16)
(4.6837 -0.0868111 3.69249e-17)
(2.1252 -0.414321 -3.29942e-17)
(-3.23312 -0.00926851 -3.8131e-17)
(4.25319 -0.339796 0)
(0.509723 0.065254 8.97466e-17)
(-2.79824 0.16498 1.40637e-16)
(3.78785 -0.022793 0)
(-1.24724 0.180401 1.52973e-16)
(-1.23128 0.0974105 -6.26088e-16)
(-0.253722 9.08677 -2.93982e-17)
(-0.348198 -0.356803 3.12912e-16)
(0.233346 -1.0023 -1.10466e-15)
(-1.56416 -0.240619 0)
(-0.0647875 -0.200898 -8.25321e-16)
(-1.1918 1.06287 -5.97527e-19)
(6.41191 0.958165 4.66281e-17)
(-0.246937 5.80086 -6.11623e-17)
(-0.0767312 7.07969 2.28485e-17)
(0.855025 0.474112 1.76378e-16)
(5.04928 -0.0315731 2.03338e-17)
(-2.43008 0.182054 0)
(-0.15205 6.32042 3.86096e-17)
(-0.144984 7.28229 3.03221e-17)
(-0.0233839 -0.031276 -1.6002e-17)
(-1.41999 0.0615128 0)
(-1.38658 0.0437873 0)
(0.683399 -0.541569 -1.00813e-17)
(-1.63682 0.0605632 -9.49788e-17)
(-1.54437 -0.00643417 1.98035e-16)
(-0.172214 -0.321728 0)
(-0.0467549 7.68141 -5.77499e-17)
(-0.110247 6.54182 -2.70655e-17)
(0.360053 5.24619 -2.22707e-18)
(-1.56938 -0.497863 -2.22736e-16)
(0.942369 6.49335 8.85662e-17)
(-0.472866 -0.0483816 -2.88315e-16)
(0.541416 0.0704173 -4.4862e-16)
(1.53417 0.70673 -6.96277e-17)
(-1.01262 -1.04719 1.14274e-15)
(0.0112814 0.0384058 1.84108e-16)
(3.39636 -0.124916 -5.31803e-20)
(6.85775 0.82214 -1.37881e-19)
(0.813321 0.13438 0)
(1.57958 0.698747 0)
(-2.08883 0.13448 2.08063e-16)
(-0.196828 7.542 -1.40338e-17)
(-0.448485 8.52923 -1.30531e-16)
(-0.201732 0.0085764 1.08486e-15)
(5.46662 3.7268 6.67596e-17)
(-0.45769 -0.00614473 1.26987e-16)
(5.33691 1.29202 0)
(0.569352 3.04383 7.36656e-17)
(-0.170061 6.81826 5.16686e-19)
(2.59403 2.62029 0)
(-2.67249 -0.228665 1.39294e-16)
(-0.0916801 6.60027 0)
(-0.20653 4.89394 1.87335e-16)
(-0.14138 6.58385 -2.84837e-17)
(2.02994 8.82354 5.62906e-17)
(-0.10385 6.75198 1.92222e-16)
(-0.409162 0.0778075 -1.21741e-16)
(0.970062 -0.107263 4.80324e-17)
(7.17518 0.666771 -1.50992e-17)
(3.87891 -0.00659795 -2.35188e-16)
(7.67341 0.139034 -2.91939e-16)
(5.10624 2.93377 1.62099e-16)
(3.60691 1.6523 -7.42117e-17)
(0.0521208 0.0252116 -3.74134e-16)
(0.93337 1.1395 -2.45436e-16)
(8.64704 0.162932 3.58268e-16)
(3.95841 -0.133432 -2.4304e-17)
(-0.0768919 4.81497 -1.78661e-16)
(0.940317 0.244111 2.84571e-16)
(3.81944 0.181587 -4.18557e-17)
(0.188797 5.51968 -2.85639e-18)
(-0.130328 5.20772 -1.1266e-16)
(2.00456 4.58215 -1.42936e-16)
(7.11073 0.339573 7.14767e-17)
(-1.44519 -0.0694687 3.86726e-16)
(-0.0510182 6.8746 -1.29229e-16)
(0.380564 -0.0940621 1.66575e-19)
(0.586379 4.12292 6.67721e-18)
(0.771688 6.15327 2.29981e-16)
(5.84633 3.26131 -3.95194e-17)
(0.318116 0.10476 0)
(-1.52582 0.250889 3.27006e-18)
(3.45496 1.19127 -3.54967e-16)
(1.30384 2.29841 -2.60221e-16)
(1.68856 5.85159 -4.66866e-16)
(0.363228 3.19529 0)
(1.16183 0.554535 0)
(5.34861 2.16374 -4.92084e-21)
(0.326528 2.26643 0)
(1.36251 0.606197 2.05711e-16)
(1.66625 1.84348 -1.85541e-16)
(0.582211 6.87059 -1.03309e-16)
(6.74764 3.60168 0)
(-0.0477549 0.0808506 1.38442e-16)
(-0.0573723 7.372 2.23902e-19)
(0.549593 5.99718 7.48118e-17)
(-0.0778386 5.34488 -1.07278e-16)
(-0.240536 2.37595 0)
(-0.149286 7.175 1.4112e-16)
(0.248597 7.33727 -3.63773e-17)
(-0.154433 6.56947 2.45007e-19)
(-0.000872782 5.52902 2.94878e-18)
(-0.132507 5.04488 -9.86371e-17)
(3.59952 4.1326 1.4377e-16)
(-0.11341 6.9325 2.09475e-16)
(-0.273645 5.42755 -1.41839e-16)
(0.550503 0.0107197 -1.25497e-16)
(-0.132251 6.38346 -2.11583e-16)
(0.571369 0.15147 2.49082e-16)
(-0.146121 6.45617 9.09046e-17)
(3.5313 3.60862 -1.51485e-16)
(-0.850252 -1.36972 4.92689e-16)
(0.779365 0.662978 -2.71279e-16)
(0.0134759 0.0736202 -3.02112e-16)
(0.519051 -0.0242081 -3.3853e-20)
(0.691927 0.355271 -6.26418e-16)
(4.09836 0.0853015 2.25695e-16)
(1.00688 5.02802 1.14644e-16)
(0.557762 3.28851 2.0663e-16)
(-0.928778 0.778704 5.4931e-17)
(2.08547 1.35524 -7.40896e-16)
(-0.0992439 6.53912 3.97325e-17)
(0.0189058 5.03924 1.7808e-17)
(0.61304 0.270081 2.47756e-16)
(-0.0515456 6.54452 2.45673e-17)
(0.189608 1.81103 0)
(4.16255 0.725594 4.74105e-17)
(5.6933 3.09283 8.63287e-17)
(2.30663 4.358 2.11152e-16)
(0.142386 0.19955 0)
(5.75436 1.18586 0)
(-0.433741 -0.0272884 0)
(8.57343 0.333348 0)
(2.8898 0.805021 -1.24382e-16)
(5.95665 3.55675 -7.83962e-17)
(-0.0496086 6.16142 -5.36158e-17)
(1.20954 6.06097 -2.49334e-16)
(6.93793 4.2006 3.33394e-18)
(3.66306 -0.885964 -1.0959e-16)
(-0.489971 0.0460216 3.10216e-16)
(0.373872 0.00798616 -2.79574e-16)
(-0.251849 7.67647 0)
(8.94243 3.95526 -1.84404e-16)
(-0.0323457 3.86357 -7.35164e-17)
(-0.0910354 2.43585 1.13431e-16)
(-0.00171346 -0.5694 0)
(-0.195636 6.43064 -2.44872e-17)
(-0.132336 7.24663 -3.8645e-17)
(0.548785 -0.063659 1.79363e-21)
(4.28958 3.79707 1.05901e-17)
(0.805857 0.0196824 -3.09007e-16)
(4.07306 -0.0745351 2.39594e-16)
(1.55312 0.770353 -1.23165e-16)
(0.494192 6.70441 -1.87573e-17)
(9.27511 3.57898 -8.86263e-17)
(1.77649 4.15481 -1.23611e-16)
(-0.0648416 3.82312 0)
(-0.281306 -0.639245 7.07253e-18)
(0.0113042 0.101483 -1.77825e-16)
(-0.110322 -0.0173865 -4.03485e-16)
(0.736976 0.217141 4.7997e-16)
(0.246472 0.0867881 -2.59808e-16)
(2.69944 5.24428 -1.27872e-16)
(-0.172704 6.21809 -1.27951e-16)
(1.99072 0.847358 1.89616e-16)
(0.397611 -0.0528545 2.25527e-16)
(1.96207 -1.09518 2.51782e-17)
(2.44795 3.67717 0)
(5.213 0.51498 -4.24259e-17)
(0.179075 -1.64569 4.87908e-16)
(0.556202 -0.48035 -1.75383e-16)
(2.61005 1.26404 0)
(2.68257 1.24233 -3.42604e-16)
(-0.170504 -0.201128 0)
(7.84975 4.05465 -2.9336e-16)
(7.61439 1.17208 1.50638e-16)
(2.06288 -0.143457 -1.40542e-18)
(8.57201 0.125038 -3.75899e-16)
(-0.50764 -0.120715 0)
(3.85814 5.76907 1.1091e-16)
(1.01871 2.44668 -3.91071e-16)
(-0.0638764 3.51975 1.3392e-16)
(0.504569 -0.666424 4.39736e-17)
(2.52867 1.21851 8.42611e-17)
(0.360057 -0.0452195 -2.75486e-16)
(0.252072 -1.19242 0)
(-0.800436 -0.0423413 1.93272e-16)
(-0.440599 -0.212456 0)
(8.75627 0.394682 -2.26474e-16)
(-0.387079 8.39432 0)
(0.357791 0.504989 1.05138e-16)
(0.379836 -0.934309 1.50979e-16)
(0.195898 -1.37963 -2.4787e-17)
(3.25439 8.42008 -2.809e-17)
(-0.241999 7.30339 7.03588e-17)
(7.00431 1.87753 1.64326e-16)
(-0.385186 4.41367 0)
(-0.0984568 6.58904 -1.8817e-19)
(3.06556 0.343255 -1.51063e-16)
(3.81684 1.85181 -2.00923e-16)
(4.83739 2.85798 -3.02364e-16)
(-0.162074 -0.0136656 0)
(5.30212 3.5269 2.27169e-16)
(-0.0464334 -0.993411 0)
(-0.63976 0.174704 3.20177e-16)
(0.0163506 -1.33001 0)
(-0.078236 3.72247 -1.40308e-16)
(0.0714287 1.92157 -7.04041e-17)
(0.251813 -0.0265866 3.53108e-16)
(-0.316526 8.7409 -2.02517e-17)
(7.83761 5.23667 -9.16613e-17)
(0.713261 -0.342511 -8.93582e-17)
(4.85234 3.72708 -2.27154e-16)
(-0.0306706 -0.0499474 -2.92667e-16)
(3.07407 0.123509 1.82274e-16)
(0.0540282 5.76868 1.00445e-16)
(7.89799 4.64277 5.56269e-16)
(-1.65151 -0.904698 -3.76685e-16)
(3.57303 7.15611 2.3945e-17)
(2.35516 2.67164 -1.66676e-16)
(7.16096 1.75276 6.83201e-17)
(2.42686 1.41687 -4.34539e-16)
(0.651065 0.163524 4.32347e-16)
(0.805581 -0.527481 -2.45183e-16)
(-0.618474 -0.765313 -2.12817e-16)
(0.419235 -0.575561 3.31246e-19)
(6.50248 3.15312 7.31667e-17)
(1.3236 -1.45825 4.18661e-17)
(3.23244 3.27033 -3.57746e-17)
(1.62195 8.76222 -6.10003e-17)
(-0.639477 -0.129849 -9.818e-17)
(5.46703 0.415434 -1.99403e-17)
(3.91328 6.09857 -8.34053e-17)
(6.80819 0.214399 2.65873e-17)
(2.80493 2.24041 1.80952e-16)
(6.28272 4.55491 -2.1413e-18)
(8.59488 2.74617 -5.1921e-17)
(-0.0290078 10.4074 -6.35465e-17)
(0.819267 0.88898 1.33539e-17)
(-0.837565 -0.95763 0)
(0.94583 1.56734 2.36892e-16)
(-0.428776 3.57482 -2.27497e-16)
(3.53851 0.444827 6.52413e-18)
(9.53911 2.4979 0)
(3.5497 7.40402 2.51315e-17)
(-0.392265 -0.348346 0)
(1.34083 2.85161 1.11063e-16)
(1.93694 4.89145 1.13836e-16)
(0.048844 2.5302 0)
(-0.283165 -0.641296 -3.10285e-16)
(-0.00762641 2.02845 4.45283e-19)
(7.08248 2.94265 5.83914e-17)
(7.2683 2.50739 5.06244e-17)
(-1.03417 -2.03514 1.69905e-16)
(2.82215 6.85263 4.10126e-18)
(3.06916 8.91212 0)
(0.757918 2.36066 1.18011e-16)
(1.38037 2.93748 -3.47222e-17)
(3.05263 8.39898 -3.31734e-18)
(-0.15393 -1.507 5.9311e-16)
(-0.226365 4.43163 4.15775e-17)
(3.09354 -0.526125 -2.66036e-17)
(1.2365 5.36631 7.70174e-17)
(1.29494 -0.961325 6.04008e-16)
(4.03274 4.59343 -8.99972e-17)
(0.146963 1.62869 1.07385e-16)
(0.227756 1.47682 -3.50206e-16)
(0.100413 2.14549 -2.04405e-16)
(0.0405761 2.55858 2.85266e-16)
(0.0607449 2.07481 0)
(0.138942 1.82446 1.65338e-16)
(0.740238 -1.96789 -2.04183e-17)
(0.314184 -2.21697 -2.03556e-16)
(0.0248943 -1.59458 1.75495e-16)
(0.166512 -1.1917 -4.64945e-17)
(0.0754564 -0.082865 2.19868e-17)
(0.126006 1.11985 5.1651e-17)
(-0.0203187 1.45797 -6.55816e-17)
(0.0842597 0.995701 -6.11054e-17)
(-0.039972 -0.099662 1.94352e-19)
(0.019091 -0.708966 1.49922e-16)
(0.0635746 -0.688338 -5.98912e-17)
(1.23544 7.09511 -3.10606e-17)
(-0.0034436 -0.0933256 8.30295e-17)
(-0.0971412 -0.782603 0)
(0.252306 0.043621 -2.16922e-16)
(0.590764 0.120668 2.42929e-16)
(1.60806 8.96974 0)
(-0.907782 -0.622944 2.7388e-16)
(1.19562 9.74098 -2.05901e-17)
(-0.0388096 -0.143713 6.24624e-19)
(1.64157 7.77151 -3.25577e-16)
(-0.22722 0.510087 -1.2359e-16)
(2.31503 -0.355216 0)
(1.55441 -0.0989561 1.08044e-16)
(-0.0150882 0.392228 -1.49482e-16)
(1.39181 6.88996 -1.45817e-16)
(1.09848 3.56505 2.62468e-16)
(0.769656 -0.151867 6.1354e-16)
(2.90778 1.48298 -1.16861e-16)
(-0.614487 -1.4175 0)
(-1.2154 -0.89468 0)
(1.01433 0.959666 1.35715e-16)
(0.212389 0.170512 0)
(0.970762 -0.0160805 0)
(0.234166 0.156573 -1.83429e-16)
(-0.52664 0.0849055 4.04307e-16)
(0.62673 0.0439303 0)
(1.03756 4.58604 1.071e-16)
(0.00269482 0.169912 1.52939e-16)
(0.169812 -0.0782906 -6.35334e-20)
(-0.281514 0.561221 4.45369e-16)
(2.07194 0.443904 2.74442e-17)
(-0.331516 0.24943 -8.30126e-16)
(-0.219676 0.152246 4.37719e-16)
(0.643628 -0.107654 0)
(0.0477501 -0.465503 -3.80433e-20)
(-0.423167 -1.04234 5.76199e-16)
(-1.67288 10.2955 1.89676e-17)
(2.17095 -0.0338102 -5.08975e-16)
(-0.00244838 -0.729038 -4.35232e-16)
(-0.508042 -0.691107 7.87355e-17)
(-0.0606696 -0.75899 -8.12416e-17)
(0.0137779 -1.14313 3.36465e-16)
(0.0279128 -0.140907 -3.75787e-16)
(-0.150359 -0.0509055 4.90876e-17)
(0.23015 -0.440006 -1.02695e-16)
(0.905412 -0.283439 2.77375e-16)
(-1.13611 -0.558619 0)
(1.35053 -0.0292439 -3.07142e-16)
(1.00202 -0.317491 1.69146e-16)
(8.56728 0.0938007 7.99765e-17)
(2.19481 -0.0953971 0)
(1.14713 -0.539976 -1.00767e-16)
(1.71465 -0.42278 1.63471e-16)
(2.56447 -0.141079 8.8358e-21)
(1.72574 -0.744533 -1.24989e-16)
(0.0446092 -0.177649 -5.24805e-17)
(8.7537 0.136701 3.64365e-17)
(0.069748 0.383099 -2.26948e-18)
(0.00668506 -0.356302 6.34433e-18)
(0.443494 1.09192 0)
(-0.920955 1.86719 0)
(0.0185577 -0.331623 0)
(1.47725 -0.085936 2.70862e-16)
(-0.328256 -1.50694 -4.78436e-16)
(0.018101 -0.0485356 -2.7796e-17)
(-0.33506 1.46001 -1.978e-16)
(-0.527715 2.35575 5.59718e-16)
(1.07866 -0.992859 2.21798e-16)
(0.951058 -0.906601 -1.60081e-16)
(0.112384 1.42835 -1.22973e-16)
(0.069819 -0.0164724 -4.21737e-17)
(0.27318 0.133838 -8.43059e-17)
(0.210333 1.27232 6.60792e-17)
(0.141028 0.0662745 1.74886e-16)
(0.310562 1.41899 -1.48463e-18)
(-0.497725 -1.36502 -6.21081e-16)
(0.459296 0.706167 7.43968e-19)
(1.07966 -0.08912 1.56398e-16)
(0.306134 -0.916155 9.48198e-19)
(0.515494 -0.67352 -2.52249e-16)
(0.465923 2.83706 0)
(0.565975 2.36478 0)
(1.4163 1.20589 -9.42814e-18)
(2.54093 7.49412 -9.1106e-17)
(-0.200043 4.89448 1.88809e-16)
(-0.11676 8.34906 -1.27769e-16)
(0.508174 2.7804 8.16692e-17)
(0.938192 1.5943 -3.23519e-17)
(6.85703 4.75173 -1.80974e-16)
(0.322136 -1.17587 -1.77187e-16)
(0.509517 -0.362668 2.3708e-16)
(0.57449 2.41378 -1.11551e-16)
(1.57447 5.12214 1.06249e-16)
(0.884227 1.09041 1.39778e-16)
(-0.110193 7.72804 3.63336e-17)
(1.06749 -1.8702 -1.8589e-16)
(0.0505539 1.51709 1.18282e-16)
(0.568681 2.21012 0)
(0.0159665 1.76001 2.7348e-17)
(-0.175608 3.6326 0)
(0.00224395 2.21512 6.42305e-18)
(4.54047 2.74789 0)
(-0.0393965 2.30401 6.32063e-17)
(-0.0215112 2.95077 0)
(-0.119347 3.95994 0)
(-0.374354 2.80067 -1.45973e-18)
(-0.0545801 -1.30275 2.61982e-16)
(0.0244338 1.31973 -2.55112e-16)
(0.034756 3.50371 0)
(2.3225 8.07571 0)
(2.00094 -0.0665754 2.25574e-16)
(0.93678 -1.07229 1.22332e-16)
(-0.089122 2.68559 0)
(1.75969 -0.0547814 2.83696e-16)
(0.863557 2.09695 -1.50462e-17)
(0.156876 2.34831 5.44491e-17)
(-0.695676 9.31437 -6.62049e-17)
(-0.204669 3.64845 -8.74165e-17)
(-0.0228774 2.52404 -9.81976e-17)
(0.0955404 0.397299 -2.63345e-17)
(8.81098 0.141564 -3.38618e-16)
(8.1659 0.248543 8.5122e-18)
(2.06832 -1.05462 5.72111e-16)
(-0.0792227 3.07958 -4.97522e-18)
(0.533207 0.174109 3.14047e-16)
(0.105861 4.36032 6.27518e-18)
(5.7855 4.8367 0)
(0.678763 2.52866 0)
(0.220204 0.816108 4.07056e-17)
(0.325079 0.381345 0)
(0.213249 -0.958555 -4.31718e-16)
(0.118823 0.882464 -5.41232e-17)
(0.391381 3.195 -1.06125e-16)
(0.38564 -0.477077 2.07941e-16)
(-1.19519 10.3126 -2.19626e-17)
(0.223417 0.775856 -2.62672e-16)
(0.00785866 1.64482 0)
(-0.0615725 2.38942 0)
(0.186562 0.409338 -5.1156e-17)
(5.25819 6.16966 0)
(2.34401 6.65565 0)
(0.0467302 0.386102 0)
(-0.035738 7.75454 -1.36774e-16)
(6.78721 5.4815 7.27778e-17)
(-0.621072 -1.11958 -2.53484e-16)
(0.172617 1.55641 -2.38432e-16)
(-0.00156046 1.44628 1.8282e-16)
(0.0597838 0.911798 6.69825e-17)
(4.50713 7.15774 -3.27679e-17)
(0.0451855 0.936024 1.97297e-18)
(6.59104 6.20661 -3.82315e-17)
(-0.221852 6.45656 -4.50964e-17)
(1.33781 -0.0118239 1.25638e-16)
(2.32178 -1.25793 2.02492e-16)
(0.522847 -1.11353 9.49924e-17)
(0.43969 0.126318 -4.63018e-17)
(-0.0391567 2.29911 -9.66987e-18)
(-0.809574 9.79949 2.68837e-17)
(-0.141997 3.17136 1.4872e-16)
(-0.10964 2.7993 -1.25822e-21)
(-0.00279676 1.51135 2.79558e-17)
(2.04717 -0.287676 1.30891e-16)
(7.48303 5.82646 -1.63013e-16)
(0.265798 3.5704 1.30672e-17)
(-0.397071 -0.53985 2.0302e-16)
(0.789439 -0.05252 2.89016e-16)
(4.37576 4.75045 2.73663e-17)
(8.23621 0.331404 -2.94419e-16)
(-0.0251256 0.578885 7.00242e-17)
(0.0135913 1.57223 7.11738e-18)
(0.00639493 4.72598 -1.20447e-17)
(2.60595 4.93647 5.97281e-17)
(-0.263578 5.33663 8.58657e-17)
(-0.299464 8.7665 1.85486e-17)
(-0.0307717 5.0535 0)
(0.810011 0.410546 0)
(3.872 1.9893 4.84204e-16)
(0.991631 1.52776 -6.46016e-18)
(-0.535855 9.07052 4.82795e-17)
(8.74711 3.56736 -3.99813e-17)
(-0.199582 4.23866 2.24937e-17)
(-0.0749432 2.51431 -1.24033e-17)
(5.0647 -0.645344 2.53902e-16)
(1.2526 1.73221 -5.43678e-17)
(-0.302317 5.5665 -3.98444e-17)
(-0.15832 3.39073 9.05404e-17)
(0.164715 3.26489 -1.50324e-16)
(0.047112 1.77917 1.99236e-16)
(0.91327 2.08311 6.22727e-17)
(-0.309025 9.29034 3.80443e-20)
(8.99116 1.83552 1.09853e-17)
(0.0147377 1.92836 -1.63568e-16)
(-0.0161786 0.640239 -1.10957e-16)
(-0.42758 7.96541 -7.60626e-17)
(5.52136 6.92664 0)
(-1.25001 -1.37513 0)
(-0.138037 3.24865 -9.49716e-17)
(0.213703 6.7394 2.30313e-19)
(-0.137415 6.65664 3.05125e-17)
(1.56692 5.45807 7.42989e-17)
(-0.503764 10.5806 5.01319e-18)
(1.58277 1.36132 2.32508e-18)
(-0.319788 8.62728 1.57993e-17)
(4.27547 2.34823 0)
(8.5546 4.69459 -5.38482e-18)
(8.32816 4.34014 -7.82523e-17)
(3.72335 8.14384 3.12099e-18)
(0.90228 3.76178 -7.04049e-17)
(-1.08358 -1.08398 -1.81267e-16)
(1.79668 -0.0340941 -2.05632e-16)
(0.811528 0.216986 -1.31007e-16)
(-0.783842 -0.937497 -1.03243e-16)
(-0.047693 3.52887 0)
(0.497916 1.348 7.28657e-18)
(0.151529 6.5867 0)
(6.35974 6.33088 0)
(5.81619 5.25919 4.10056e-17)
(-0.00556083 6.4248 0)
(5.78087 3.93903 1.0785e-16)
(4.13223 2.11646 -1.31231e-16)
(5.5557 5.8478 4.85071e-17)
(7.32824 1.34546 0)
(-0.439097 9.43283 -6.68499e-18)
(4.34734 7.68171 1.13349e-17)
(0.414862 -0.93481 3.43471e-16)
(1.09437 -0.0647938 -1.48434e-16)
(7.32349 5.42236 2.2439e-16)
(7.18317 0.11196 -5.60908e-18)
(-0.119182 3.14537 9.98436e-17)
(-0.428794 6.95017 1.00284e-16)
(-1.1714 -1.41606 1.05711e-16)
(-0.730562 -1.26575 -1.80574e-16)
(-0.2668 4.67928 0)
(1.35289 0.691295 -4.89804e-17)
(7.60844 3.49367 1.06243e-16)
(7.36484 1.67883 -1.0989e-16)
(7.64905 4.71844 6.33366e-17)
(-0.169737 4.12008 -4.84846e-17)
(9.04427 2.86752 5.68092e-17)
(-0.555621 9.36304 -9.02372e-19)
(-0.277682 8.88174 -2.14485e-17)
(2.83209 1.11406 3.8921e-16)
(-0.122799 9.07144 3.66356e-17)
(-0.226777 6.74522 4.55834e-17)
(0.520909 8.86061 2.91253e-17)
(0.133253 10.7075 5.28542e-18)
(0.645477 0.139076 2.15342e-16)
(-0.20614 5.21155 -8.18865e-17)
(8.21188 5.17629 -9.5307e-17)
(-0.716729 -1.63488 1.05353e-16)
(-0.0227837 4.57983 0)
(-0.0566497 10.8124 2.35964e-18)
(5.00696 6.86347 -2.3979e-17)
(-0.144549 4.09444 -4.60444e-17)
(8.63234 0.380524 4.12072e-16)
(4.01387 0.313737 2.47596e-19)
(0.132319 -0.964471 2.60233e-16)
(0.137689 0.382321 2.23603e-16)
(-0.150342 4.7128 1.60076e-16)
(0.843424 -0.946216 1.67175e-16)
(-0.179949 6.44442 1.17389e-16)
(-0.0298499 -0.0604968 3.68842e-16)
(9.41259 1.16451 6.79714e-17)
(0.249285 4.04427 -7.71263e-17)
(4.56544 0.00993906 4.95734e-18)
(0.136208 -0.63684 4.53234e-16)
(8.65474 4.15158 0)
(0.763224 0.570589 0)
(0.464139 0.26304 1.6524e-16)
(-0.521579 3.71082 1.05278e-18)
(1.93903 0.694 0)
(2.83187 -0.289028 0)
(1.30345 -0.963968 0)
(0.247153 -0.837238 -4.67932e-17)
(0.550995 0.132988 5.65629e-17)
(2.43752 -1.37485 0)
(0.800603 0.283597 8.62098e-16)
(-0.686945 -0.912636 -9.00386e-16)
(-0.110268 -1.62196 1.36349e-16)
(-0.255393 0.0413065 -2.7871e-16)
(-0.465408 -0.144733 2.56432e-17)
(2.68374 -0.0164143 1.06345e-16)
(8.06844 3.03531 2.64707e-16)
(-0.138643 8.74801 3.71177e-18)
(-0.446068 -1.86799 -1.90588e-17)
(-0.436346 -0.00676129 8.89166e-16)
(0.0154111 -0.558384 0)
(-0.217778 0.102094 -3.87863e-16)
(0.365946 -0.0381863 2.76484e-16)
(0.512353 0.190275 0)
(-0.665031 0.0495831 2.13187e-16)
(1.92068 0.88747 9.9093e-18)
(-0.556286 0.0451016 0)
(0.000572874 0.277532 1.16404e-16)
(8.14325 2.45183 -3.88464e-17)
(8.58446 3.63677 -1.77744e-16)
(2.02986 9.35767 -1.15894e-16)
(-0.00786678 0.124898 3.73056e-16)
(-0.722048 0.0475669 -7.38639e-16)
(1.78643 9.9067 -6.75516e-17)
(1.55422 -1.47655 -9.70464e-17)
(0.756392 0.192224 -5.63321e-18)
(0.294447 3.05528 8.19347e-17)
(-0.275247 6.56552 1.22781e-16)
(0.267892 0.15192 0)
(-0.610386 0.0467606 1.97519e-16)
(-0.0272415 -0.0470981 0)
(-0.00534091 3.02246 0)
(-0.046231 2.59635 1.1301e-16)
(1.22915 0.312825 -1.75478e-16)
(0.115367 -0.667408 9.85749e-17)
(-0.776449 0.0405617 3.57047e-16)
(0.0243593 2.45156 -9.77155e-17)
(0.233598 1.28064 0)
(0.212878 4.40256 1.00113e-18)
(1.96026 -0.469523 3.09991e-16)
(-0.180892 10.5428 1.94599e-17)
(-0.220557 6.96619 4.6557e-17)
(-0.230993 8.54106 1.16664e-16)
(4.28888 1.31172 -4.96404e-17)
(-0.0245554 3.60422 -1.622e-19)
(-0.313203 -1.32767 -1.5627e-16)
(1.65699 0.609127 -1.1801e-16)
(6.61826 -0.0651042 6.07116e-17)
(3.42209 -0.417088 -1.67866e-16)
(-0.531973 0.0948941 0)
(-0.0212726 3.57798 0)
(-0.309907 6.74506 0)
(-0.28752 6.37183 2.34272e-16)
(-0.124684 8.94689 -2.14657e-17)
(0.374608 0.66872 0)
(0.418855 -0.164024 0)
(-0.768449 -0.076301 5.84485e-17)
(0.972275 -1.63118 8.17253e-17)
(0.0110814 4.16071 1.73893e-16)
(-0.121698 -1.346 3.51969e-16)
(-0.658915 -1.24815 0)
(1.03674 -0.457108 -4.80136e-17)
(3.11282 1.97609 6.82011e-16)
(-0.115724 6.85227 -1.21323e-21)
(-0.313981 8.87181 0)
(-0.792309 0.588624 -2.45429e-16)
(-0.0850419 6.15838 4.20211e-17)
(-0.306749 5.2564 7.45395e-17)
(1.73555 -0.0189473 1.13171e-16)
(-0.174489 4.5549 0)
(-1.96906 0.0430412 1.41607e-16)
(0.24322 0.175823 6.80058e-16)
(0.114326 0.23401 3.52446e-16)
(1.50464 0.172842 0)
(0.0467899 -0.751164 2.89615e-17)
(0.0826162 1.36859 -1.23472e-16)
(6.03747 1.06696 -9.97424e-18)
(-0.121455 8.80398 -1.20243e-17)
(4.78333 -0.873671 -3.10195e-16)
(-0.341009 0.0394306 1.69253e-19)
(0.464926 0.742575 1.42099e-16)
(-0.185497 5.69859 2.30803e-16)
(2.45522 0.427531 -1.1295e-16)
(1.26949 6.08112 1.14887e-16)
(-0.126258 9.16993 0)
(8.44269 0.909615 -1.21203e-16)
(0.173807 2.65613 -8.74075e-17)
(-0.107139 5.32927 5.66721e-17)
(0.281604 -0.413556 1.9958e-16)
(1.02415 0.249258 -6.72011e-20)
(3.38898 1.30924 -4.23841e-17)
(0.493499 3.58876 -5.19181e-17)
(5.55398 2.67381 0)
(-0.131765 7.50316 -1.89847e-17)
(2.7688 3.08901 0)
(1.20625 -0.954987 0)
(-0.062448 5.34153 1.79945e-16)
(1.88383 -0.0279853 -7.716e-17)
(0.256519 0.168873 -3.32017e-20)
(0.282521 -1.05309 2.57574e-16)
(-0.0906887 -0.173442 1.95405e-16)
(-0.985059 0.364675 4.51948e-19)
(-0.107851 5.24034 -2.93196e-16)
(4.08194 1.89404 2.91695e-17)
(-0.379225 0.0755266 3.98184e-16)
(0.339112 1.01507 1.59578e-19)
(1.34996 6.44305 1.61986e-16)
(0.185849 0.442896 0)
(-0.0581638 -0.548108 3.97207e-17)
(-0.0745108 7.58976 2.48221e-17)
(1.77277 -0.157466 -2.12072e-17)
(-0.22646 -0.760537 -7.2954e-17)
(-0.244188 -1.58169 -2.23894e-16)
(0.287831 0.0763934 3.50148e-16)
(-0.257207 4.56479 0)
(-0.0545088 3.32775 5.49633e-17)
(2.3032 8.13086 -1.40105e-16)
(0.321473 1.01821 1.22747e-16)
(0.623736 0.0219379 -4.32329e-16)
(-0.12613 5.42709 0)
(0.201071 -0.411263 -4.92036e-16)
(2.84836 -0.103028 -1.0187e-17)
(8.27104 1.47556 -6.08483e-17)
(-0.440454 8.0368 7.76728e-17)
(5.86555 -0.0982058 8.38071e-18)
(-1.28868 -0.407076 -2.24322e-16)
(0.427491 0.292089 -5.47802e-17)
(-0.0190044 -1.0568 -2.85087e-16)
(-0.354482 -0.874746 -1.66407e-16)
(-0.356621 6.77437 7.91678e-17)
(-0.670177 -1.85557 -2.51499e-16)
(5.86414 2.62745 1.96748e-16)
(0.945492 -0.0615087 -3.45727e-16)
(-0.0731226 -0.64184 1.88546e-16)
(8.42231 0.505886 8.13393e-17)
(-1.61885 0.233816 3.39155e-19)
(-0.0707429 9.16022 7.57808e-17)
(-0.0649976 7.03518 4.38272e-17)
(-0.176425 8.30754 -5.7e-17)
(-0.197788 5.65709 3.7703e-18)
(-0.111244 7.09462 9.14842e-17)
(1.26702 0.41595 -1.06472e-19)
(-1.72623 -1.18955 1.93151e-16)
(1.01728 -0.230252 -7.97448e-17)
(-0.115887 7.55767 0)
(-0.115373 -0.00951719 -1.91739e-16)
(-0.481476 8.93106 -4.74108e-17)
(4.6245 0.627764 -6.85572e-17)
(-0.0255261 4.05001 2.57482e-19)
(-0.598306 0.462262 -2.72099e-16)
(2.67034 1.10107 -9.89599e-17)
(0.440526 -0.469528 1.95621e-16)
(0.283237 0.0543261 1.89299e-16)
(-0.0820152 3.55288 0)
(8.72582 1.4268 0)
(8.15789 1.05539 4.45886e-17)
(-0.0980173 5.65477 0)
(3.36177 0.827419 0)
(2.02025 0.713135 -2.09284e-16)
(0.145983 0.419319 0)
(1.55188 -0.326684 9.5797e-17)
(3.14507 0.0318734 1.57723e-16)
(0.0425903 0.692259 6.82392e-19)
(-0.908677 0.652808 -1.03419e-16)
(-0.487009 0.0568474 -4.02615e-16)
(0.159796 -0.261028 -9.28237e-20)
(0.0841075 -0.0889469 0)
(0.0287665 0.526219 -7.2572e-17)
(-0.0970919 5.41842 8.39158e-17)
(0.1644 3.88795 2.54512e-17)
(2.41546 -0.228207 -4.91013e-19)
(0.718936 -1.09754 0)
(2.09856 8.66764 2.7612e-18)
(1.71584 0.140227 -1.54054e-16)
(-0.411399 7.12701 1.44385e-16)
(4.39514 -0.0559173 0)
(-0.769385 -1.14981 -6.37476e-16)
(3.05587 -0.999864 1.67822e-16)
(5.55309 0.30759 4.08955e-17)
(0.0923892 9.48335 -4.88321e-17)
(0.124708 1.51378 0)
(0.0896316 0.0903133 1.48608e-16)
(1.21819 0.106962 6.30635e-16)
(2.68496 0.376905 -9.31687e-19)
(4.02979 0.104507 4.45811e-16)
(3.25707 0.0585007 5.8775e-17)
(-0.487305 10.4617 -9.63084e-17)
(0.571749 2.83022 -3.19517e-16)
(-0.3499 5.92758 -2.91044e-16)
(8.654 0.241075 6.43487e-19)
(0.685108 0.103923 -5.80965e-16)
(-0.211727 -0.0437645 -1.27094e-17)
(1.08755 -0.194768 1.86216e-16)
(0.0417435 9.44514 5.26581e-17)
(-0.541532 7.09394 -1.87626e-16)
(3.00874 -0.0609306 2.35548e-16)
(0.00120427 2.1431 5.29725e-17)
(0.00902144 0.737785 -8.16754e-17)
(-0.581652 0.0533103 5.28062e-16)
(-1.08314 -1.04065 -9.45654e-17)
(-0.10409 0.0454959 -6.73085e-17)
(0.549936 1.95347 -1.20652e-16)
(0.604944 0.361949 4.4544e-19)
(0.074141 4.1998 0)
(0.080267 6.204 0)
(0.0493592 6.13614 0)
(0.0649008 6.16163 -3.74141e-17)
(-0.161168 6.08169 2.23086e-17)
(0.00126551 5.99017 0)
(-0.168818 6.4905 0)
(-0.0760315 5.9544 0)
(0.0986367 7.4513 -7.79288e-17)
(0.0646631 6.14269 0)
(0.168176 5.89923 0)
(0.155779 7.14442 7.86045e-17)
(0.0199089 7.49454 0)
(-0.0425442 7.44536 -3.58175e-17)
(0.191624 6.78826 1.9176e-17)
(-0.0352294 6.18081 0)
(0.304344 5.38802 -1.01366e-16)
(0.221117 5.97081 -3.71038e-17)
(0.221303 6.39464 2.26082e-17)
(0.451783 4.6044 1.13321e-16)
(0.549075 3.61504 3.47107e-17)
(0.648132 1.83101 1.88399e-17)
(0.602236 2.68694 -2.05354e-17)
(-0.0623704 7.39061 3.7346e-17)
(-0.0615566 7.37524 0)
(-0.0496858 7.36189 0)
(0.0119016 6.08151 3.73954e-17)
(4.6796 -0.068119 4.3421e-17)
(8.35002 0.0276182 -2.39854e-18)
(-0.779718 -0.0179057 -3.07061e-16)
(-0.524072 -1.55897 -8.79783e-17)
(0.921697 0.772674 -1.84466e-16)
(-1.40502 0.579934 -2.01665e-16)
(1.35656 -0.64054 2.85733e-16)
(0.388716 -0.979269 2.44374e-16)
(-1.64672 0.00242896 0)
(-0.253395 6.72989 -1.45659e-16)
(0.210394 5.99015 -6.7309e-17)
(-0.271767 6.12358 -4.3328e-17)
(-1.33085 0.281021 -4.20538e-16)
(1.27259 0.191288 0)
(8.76761 2.18597 -1.0351e-17)
(0.452415 -0.607563 -1.50096e-16)
(0.945726 -0.123929 1.68689e-16)
(-1.26619 -1.15498 8.0533e-17)
(1.47365 -0.0617958 8.38076e-16)
(0.0550012 8.41703 1.0038e-16)
(3.14269 -0.0922861 0)
(2.34306 9.75596 3.12305e-16)
(-0.0688313 5.38166 0)
(-1.84971 -0.231479 0)
(-0.0534415 7.36667 0)
(-1.14202 -0.214481 8.00312e-17)
(-0.155687 -0.719508 1.8475e-16)
(8.93858 0.915849 -2.61759e-16)
(-0.859606 0.0358098 -2.07972e-16)
(8.78216 0.576992 -8.00975e-17)
(0.125196 1.73227 0)
(1.79235 0.0870644 0)
(-1.66299 -0.904817 -1.10647e-16)
(-0.37674 7.9048 1.64127e-16)
(-1.0667 0.897876 0)
(0.305619 0.0535126 -3.53622e-16)
(0.175261 0.209351 0)
(-1.16425 -1.21364 0)
(0.0397547 0.149106 3.7205e-17)
(4.48875 0.279951 5.77303e-19)
(-0.31898 7.65942 -3.88961e-17)
(-0.932738 0.179087 -3.93407e-16)
(-0.844904 -0.140106 2.78165e-16)
(2.72536 0.146138 -1.50792e-16)
(-0.0271508 5.34141 0)
(6.91534 0.17043 3.27631e-17)
(8.41419 1.9046 0)
(2.1373 0.915923 -3.53494e-16)
(1.61123 0.341317 -2.73769e-16)
(3.23193 1.03705 -3.19799e-16)
(0.850312 0.312094 -1.88188e-16)
(2.65608 1.01818 -1.67155e-16)
(0.97281 -1.3643 -5.53511e-16)
(-0.225237 -0.143485 -1.39882e-17)
(1.80686 -0.182774 5.59506e-17)
(3.1131 -0.0986122 -1.25016e-17)
(4.33313 0.278686 1.56618e-17)
(-0.152497 5.80667 9.03239e-17)
(4.71858 2.49076 2.70815e-16)
(-0.0636923 7.08335 1.88202e-17)
(1.87136 0.0990493 6.26241e-19)
(-0.052438 5.18214 -2.13467e-19)
(-0.507137 1.93234 -1.70045e-18)
(0.857573 0.35365 2.63347e-16)
(3.36587 -0.343239 2.23069e-16)
(0.50333 0.629129 1.50347e-16)
(-1.16285 -0.922437 -3.98655e-16)
(-1.61765 -0.319134 2.43679e-16)
(-0.132497 4.99121 3.14959e-16)
(-1.86139 -0.0849152 0)
(-0.10247 5.22136 -1.88407e-16)
(3.62829 -0.0983459 -4.37229e-16)
(4.42626 -0.134271 -2.81884e-17)
(1.10733 0.143589 -5.77775e-16)
(-0.31543 8.73546 4.82343e-17)
(2.21159 0.0607704 -1.03313e-16)
(-0.171077 -0.023346 -6.4328e-16)
(2.38593 -0.699759 1.1265e-16)
(-0.0384075 5.53629 4.62094e-17)
(-0.368997 2.50247 -2.74319e-16)
(-0.225672 5.16527 -2.34376e-17)
(8.47953 0.140114 -3.90736e-17)
(-0.0665258 7.21119 1.79518e-17)
(-0.140464 5.64355 3.4548e-17)
(4.11666 -0.163764 9.49238e-17)
(-0.571202 0.924576 2.95418e-16)
(0.0117553 4.31353 -1.91613e-16)
(-0.541959 -0.0166772 3.49927e-16)
(0.6839 -0.388546 2.87208e-17)
(-0.772086 -0.453346 0)
(2.43192 9.09436 -9.17563e-17)
(-0.0918161 4.09134 -7.28177e-17)
(0.576505 2.76333 1.40469e-16)
(3.42651 1.33792 -4.461e-16)
(-0.694631 -0.853361 2.4987e-16)
(-1.4803 -0.304246 1.6053e-18)
(-1.72326 0.611714 -5.99767e-17)
(0.184057 1.02287 -3.77632e-20)
(2.18272 -0.0936453 6.70632e-17)
(0.150486 -1.09053 2.04634e-16)
(8.44887 0.693409 -1.14568e-17)
(0.352772 -0.292113 -1.98764e-16)
(-0.616824 0.214726 4.58872e-16)
(-0.52267 0.0142157 1.62157e-16)
(1.19583 0.286492 2.7765e-16)
(-1.34931 -0.637934 6.11228e-17)
(8.03818 0.047817 -1.52904e-16)
(0.157441 2.10785 2.35381e-16)
(-0.564053 -0.603894 5.92103e-16)
(-0.732116 -0.576908 4.23493e-16)
(-0.7878 -0.0115274 2.32318e-16)
(0.319664 5.11288 -6.05835e-18)
(0.667701 0.625875 -3.34994e-16)
(-1.51253 -0.330886 -1.2986e-16)
(0.585797 -0.0686903 9.57637e-17)
(5.11341 -0.152184 -3.05087e-16)
(-0.396487 7.53487 -1.32957e-16)
(0.110442 5.35661 2.69422e-17)
(-1.17035 -0.423361 5.13765e-16)
(-1.13331 0.0236548 -2.95863e-16)
(1.70323 3.24517 0)
(-0.299534 8.7235 -9.22649e-17)
(-0.057957 5.51913 -2.72785e-17)
(-0.0167501 5.86625 1.76663e-17)
(0.249543 6.12979 -3.78475e-17)
(-0.0765066 7.26201 -5.73096e-17)
(0.033931 -0.700295 2.28857e-16)
(-0.250669 -0.0126059 -4.22044e-17)
(0.435109 7.13 1.02402e-16)
(1.88303 0.11748 0)
(-0.336922 0.0848287 -2.07485e-17)
(1.81336 0.837062 3.94769e-17)
(-1.98293 -0.466095 0)
(2.36873 0.440651 -3.95793e-16)
(-0.016865 -0.166291 0)
(1.67461 -0.622182 -2.07635e-19)
(8.65844 0.281293 1.62069e-16)
(2.53598 0.338285 2.82004e-16)
(2.16836 0.0990816 -6.81628e-17)
(-1.35116 -0.424036 0)
(0.196595 -0.406703 1.0061e-15)
(1.95904 0.0703295 -1.90856e-17)
(-0.117527 -0.796912 5.58839e-16)
(0.100689 -0.450013 1.7892e-19)
(-0.623986 -0.0170681 0)
(1.04231 1.35236 2.02295e-16)
(-0.238463 6.54456 -8.04262e-17)
(-0.282914 -0.659917 5.10584e-16)
(0.45091 -0.824151 9.07051e-16)
(-0.458166 -0.0262056 1.78478e-16)
(-0.312993 8.76196 -6.18414e-19)
(2.37117 0.0670521 -3.05874e-17)
(1.6512 -0.577325 -2.56894e-16)
(2.04965 0.0345788 0)
(1.93664 3.01071 0)
(0.0278764 -0.0266542 -2.87902e-16)
(4.40734 0.114282 3.77618e-16)
(0.880751 -0.0941472 -2.16465e-16)
(9.75857 1.76166 0)
(1.02448 0.190253 1.35059e-18)
(2.01513 0.0796994 1.54411e-16)
(-0.495226 -0.0486954 -8.01525e-17)
(-0.320176 8.42581 1.69408e-16)
(0.482824 0.42739 4.35857e-16)
(0.382391 -0.593743 -7.32034e-16)
(0.658535 -1.00794 7.5685e-16)
(-0.206759 -0.0918638 3.781e-17)
(1.76143 0.331173 -1.78226e-16)
(0.411104 0.458561 2.56709e-16)
(-0.719466 -0.02589 2.30321e-17)
(0.459501 -0.0672029 2.46706e-16)
(-0.831426 0.00778596 3.38731e-16)
(2.59195 -0.0884153 -8.49385e-17)
(9.57201 1.86675 0)
(-0.808115 0.00569559 -6.51287e-16)
(-0.854339 0.000253825 0)
(-0.153973 -1.00515 1.38676e-19)
(0.526777 -0.467967 -2.35376e-16)
(8.74173 0.145113 0)
(-0.0563434 7.0038 -7.231e-17)
(-0.769503 -0.00629139 -2.56941e-17)
(-0.795834 0.0106847 3.86177e-16)
(-0.731317 -0.0089142 0)
(-0.790385 0.00137069 -2.59821e-17)
(2.40547 0.0581201 -7.29633e-18)
(2.397 0.0258327 7.37004e-18)
(-0.895958 0.0273584 0)
(-0.90811 0.0193154 0)
(-0.898533 0.00165384 0)
(-0.880675 0.00453791 -2.08428e-17)
(1.8656 -0.0190477 7.30067e-17)
(0.358415 -0.583601 1.21656e-16)
(-1.28838 -0.836173 9.79615e-17)
(1.82388 0.218688 -3.17733e-16)
(0.410145 -0.071651 2.09047e-16)
(-0.0259794 3.25661 -8.23743e-17)
(-0.178357 5.86775 0)
(3.19907 -0.176275 -1.777e-16)
(-0.0879142 5.56495 2.25117e-17)
(0.00436927 5.81148 -5.45368e-17)
(0.179771 0.467254 -2.70059e-16)
(-0.26547 0.124148 1.83038e-16)
(-0.159958 -0.268778 -1.99419e-16)
(-0.871591 1.06291 0)
(-0.0306927 7.04955 1.37134e-16)
(4.74915 1.32434 0)
(-0.301538 7.14154 -5.52225e-17)
(0.0431673 1.15051 -2.81635e-16)
(-0.826211 0.0362357 0)
(0.448566 4.95682 7.64967e-17)
(4.6981 -0.0613215 1.56896e-16)
(1.13162 0.450151 1.40591e-16)
(0.197048 -0.506555 -2.65578e-16)
(3.91499 -0.212475 -1.82316e-16)
(4.42562 -0.112892 4.3734e-17)
(0.0973314 6.86272 0)
(-0.908466 -0.214912 -2.3667e-17)
(2.26786 4.84523 -2.1904e-16)
(0.765406 0.282716 -3.12885e-19)
(1.35709 6.36244 -1.46313e-17)
(-0.0287909 5.73562 2.16953e-17)
(-0.123706 5.75719 0)
(8.84305 1.01923 4.13503e-17)
(1.095 -0.76925 -9.64556e-17)
(-0.0328295 -0.0506554 -7.34628e-17)
(1.9725 0.428059 0)
(1.22105 0.191037 9.44257e-17)
(5.30808 0.194269 -2.18911e-16)
(3.29895 0.312758 -6.74822e-18)
(2.48387 -0.342341 -2.68729e-16)
(2.11955 -0.48991 1.64564e-16)
(0.262978 0.942402 -4.74931e-17)
(0.220022 -0.534703 0)
(0.74061 0.339911 -1.34029e-16)
(5.17789 -0.786386 -4.84325e-16)
(-0.428153 8.13511 -3.89562e-17)
(2.33249 -0.353924 -3.6087e-16)
(-0.257193 5.71837 -8.40002e-17)
(0.382852 -0.33185 -5.07476e-16)
(1.251 -0.229911 0)
(-1.6408 -0.324365 -3.08898e-17)
(4.67178 2.52395 -1.6016e-16)
(1.00202 8.37927 3.90084e-17)
(0.116295 0.541499 3.14219e-16)
(0.341026 0.00780791 0)
(-0.13113 -0.840036 3.87912e-17)
(2.6471 9.37689 1.91259e-16)
(-0.196299 5.01074 -6.4548e-17)
(2.3804 -0.00394426 -5.65403e-17)
(2.31516 -0.0328648 6.08414e-17)
(-0.342295 7.77035 -2.04933e-17)
(-0.448545 0.0570621 -3.07505e-16)
(-2.6642 0.718379 3.19751e-18)
(4.69233 0.21164 -1.69429e-16)
(4.15034 0.163945 7.84829e-19)
(3.91722 0.784159 -1.0884e-18)
(-0.32257 7.08254 1.55392e-16)
(8.43185 0.0836642 3.39676e-16)
(3.53145 2.92104 3.89637e-17)
(-0.097219 5.63497 0)
(-0.0047848 5.72536 -2.0657e-17)
(-0.149829 3.33748 0)
(0.357455 0.959026 3.71458e-16)
(6.31769 2.37875 -1.26179e-16)
(1.33076 -0.938621 -4.62321e-18)
(0.928134 6.14093 1.70396e-16)
(-0.266802 -0.399875 1.09218e-16)
(-0.441544 0.0710219 2.52434e-17)
(-0.00325909 -0.0655318 9.05904e-20)
(0.140456 1.29529 5.61697e-17)
(-1.18825 -0.487947 -9.30861e-16)
(0.372049 -0.307489 8.95919e-16)
(-0.50633 -0.816721 3.65784e-16)
(4.87315 0.601809 -3.83217e-17)
(0.987003 -0.912726 -1.86927e-16)
(2.93435 -0.459732 2.11516e-16)
(1.04813 -0.31001 7.55508e-20)
(0.480363 1.49187 -2.47803e-16)
(7.7186 0.0387875 0)
(3.69853 0.339828 -2.69605e-16)
(-0.176314 7.16635 -4.19344e-17)
(6.0038 -0.64842 2.38693e-16)
(-0.139827 2.52153 9.48067e-21)
(-0.315771 7.46631 -1.89789e-16)
(-0.153454 -1.01258 0)
(0.465221 0.15212 0)
(2.73257 -0.494243 -2.73254e-17)
(3.27306 -1.2857 4.96548e-17)
(-0.165315 0.636338 -1.0219e-17)
(0.254855 -0.696695 -1.35981e-16)
(1.64544 0.305063 2.74238e-19)
(0.522629 -0.0229978 -1.60008e-16)
(4.0223 -0.130864 -4.93687e-17)
(0.432211 9.64727 -1.03872e-17)
(8.34083 0.208623 -2.47748e-17)
(-0.103288 0.0941286 -1.09826e-19)
(-0.164061 0.0272276 4.22908e-16)
(4.48867 1.91516 1.56886e-16)
(-0.534103 0.0257846 -2.22177e-16)
(-0.984947 0.416425 3.68094e-16)
(6.18515 1.90128 -9.18851e-17)
(6.18925 2.70302 -2.06768e-19)
(0.897981 -0.0867646 0)
(1.64082 3.13038 0)
(7.62437 0.110739 -1.93315e-16)
(0.943614 0.248762 2.56707e-16)
(0.266187 0.233812 -1.22227e-16)
(0.393304 -0.0604919 -2.16039e-16)
(-0.470281 0.0321984 6.80949e-17)
(3.26344 0.790063 -9.25263e-17)
(-0.929206 -0.449649 0)
(0.102857 -0.778379 -1.98484e-16)
(9.17109 0.701452 -4.93613e-18)
(2.91517 -0.35817 1.91857e-16)
(1.8935 0.000384319 -7.38043e-17)
(0.0105707 7.89881 0)
(-0.317536 6.55512 -1.85292e-16)
(-0.0867146 4.15059 -2.8994e-16)
(-2.40751 0.111029 -1.93249e-16)
(1.23839 8.99674 1.12873e-17)
(8.98737 1.20711 -1.82998e-17)
(1.25345 0.17758 0)
(3.3854 -0.398214 1.30583e-16)
(0.112577 -0.465775 -2.2089e-17)
(0.320039 -0.386436 -4.96479e-16)
(3.81333 -0.320486 -5.65098e-16)
(-0.719996 -0.493102 -2.53418e-16)
(1.17433 -0.373116 2.09486e-16)
(2.37605 0.821556 6.71734e-16)
(0.231874 -0.0880383 -1.22973e-16)
(-0.119519 4.01259 -7.50501e-17)
(-0.373362 -0.960847 -6.12107e-16)
(0.616406 -0.121836 8.27917e-17)
(3.8586 -0.313154 8.46169e-17)
(-0.788148 0.399817 2.20202e-16)
(0.490142 -0.89649 0)
(-0.90209 -0.212323 1.19536e-16)
(0.197819 0.723575 -1.4859e-16)
(-0.296192 -0.354093 1.96523e-16)
(0.394438 0.519902 8.17881e-17)
(-0.118156 9.90814 2.17208e-16)
(-0.587624 0.0164213 4.10463e-16)
(1.27281 3.00301 0)
(-0.883763 -1.02853 -4.13029e-16)
(1.24497 0.157067 -3.76685e-16)
(-0.232229 7.54206 0)
(2.02118 0.00296815 4.51438e-17)
(8.79588 0.767683 0)
(-0.364354 6.90929 -1.2078e-16)
(-0.3864 8.69958 -3.30007e-18)
(5.05929 1.06064 2.69168e-16)
(-0.250125 7.75021 1.81736e-17)
(6.99612 0.131406 -9.31068e-17)
(1.08805 -0.438307 -4.3166e-17)
(4.94905 -0.521657 1.42033e-16)
(-0.334309 8.72221 0)
(0.316702 -0.0372604 -3.27107e-16)
(2.42654 0.442557 3.86056e-17)
(3.16679 -0.0221531 -1.78953e-16)
(-0.0193741 3.97148 1.06674e-16)
(1.9531 0.581083 3.45412e-16)
(0.911766 -0.292982 1.4631e-16)
(0.387446 3.80074 1.80387e-16)
(3.41524 -0.365786 -1.31875e-16)
(0.0742722 6.94524 -4.6922e-17)
(-0.31922 9.01095 -5.19624e-17)
(-0.409604 6.95999 9.21628e-17)
(8.49243 0.214185 -7.30215e-17)
(4.44011 -0.165627 2.82546e-16)
(2.07861 0.739733 -2.23771e-19)
(-0.878106 0.0336892 1.85222e-16)
(-0.106813 5.16729 0)
(0.922968 -0.19409 3.81604e-16)
(4.49821 0.664954 -1.88144e-19)
(-0.0619778 4.54377 3.03352e-16)
(1.73469 -0.0444876 0)
(-0.312742 3.96239 0)
(-0.0998268 6.50077 -9.64515e-20)
(9.52458 1.49598 -7.44056e-18)
(-0.120019 1.55367 1.41415e-16)
(3.3645 0.0379363 -2.7566e-16)
(-0.384791 -0.282995 0)
(7.24677 0.0752895 -3.07251e-17)
(1.17329 0.523187 -3.35753e-16)
(0.268823 0.585982 -7.79721e-18)
(-0.0812917 -0.640388 0)
(0.413128 0.549706 -1.28538e-16)
(-0.209863 6.11473 -1.19694e-16)
(-2.11978 -0.25465 1.59162e-16)
(1.98285 8.95487 -1.59927e-16)
(0.593776 -0.231318 1.26489e-17)
(-0.253652 -0.822239 -9.93006e-17)
(0.196431 5.61722 6.88848e-18)
(-0.0753306 3.13899 1.47479e-16)
(-0.170221 -0.0507148 -4.80151e-16)
(2.14847 -0.0503645 -6.65973e-17)
(0.895866 5.48044 5.36656e-17)
(-0.120316 6.59825 5.29557e-17)
(0.459039 6.65563 -5.59167e-17)
(1.62045 -0.27816 0)
(-0.261898 1.12733 -1.07945e-16)
(3.06081 -0.285456 1.11623e-16)
(8.98506 0.441934 0)
(-0.0623577 5.93554 -8.89718e-17)
(-0.449049 3.06752 0)
(-0.150936 3.13554 4.3366e-17)
(0.866551 -1.13571 8.72974e-17)
(0.0337676 -1.20156 2.4965e-16)
(0.495301 -0.0393739 2.56902e-16)
(-1.18348 -0.038671 -5.34287e-17)
(-0.438779 -0.749191 -5.08145e-17)
(1.38633 -0.107182 0)
(0.809203 -0.0506444 -3.15503e-16)
(-0.0546497 3.4247 -7.69213e-20)
(9.07269 1.51596 3.3365e-18)
(-0.667453 0.00275659 -4.65721e-16)
(3.22531 -0.817352 -7.27926e-18)
(0.820564 0.0500765 0)
(3.74015 0.217726 0)
(-0.096734 5.09486 -1.35459e-16)
(2.71562 0.146898 0)
(-0.298275 -0.316231 1.37103e-16)
(4.63809 0.0697671 1.80789e-17)
(0.13365 -0.603865 2.80335e-16)
(8.55783 0.427528 0)
(-1.09288 -0.760321 -4.50019e-16)
(-0.0853731 0.576937 0)
(-0.199607 -0.276314 3.40508e-17)
(1.59452 1.37262 1.13576e-16)
(-0.747811 -0.0091393 0)
(-0.064805 4.22974 -8.90244e-17)
(0.286201 0.762415 5.76741e-17)
(0.00981993 -0.658452 -6.8265e-17)
(-1.69799 0.534025 2.43925e-16)
(-1.38996 0.0154869 1.73529e-18)
(0.565811 6.04047 -6.62846e-17)
(0.647615 0.725824 0)
(-0.402906 -0.0419451 -3.12209e-17)
(0.0552557 2.12856 2.63461e-16)
(-0.450522 -0.0483734 0)
(3.27803 -0.744823 3.64285e-17)
(3.5503 -0.0850669 -1.30417e-16)
(-1.49231 9.27438 -9.82897e-17)
(1.70764 0.498436 2.26344e-16)
(0.697149 0.276051 0)
(2.00266 0.337725 -2.17553e-17)
(0.0769306 0.126694 -2.24592e-17)
(3.06629 -0.0534422 0)
(0.015504 -0.0581123 1.43902e-16)
(0.335067 0.188934 -1.69059e-16)
(-0.272224 9.02038 -7.09186e-17)
(-1.77834 0.421072 -4.4668e-16)
(4.27047 1.55944 -8.34353e-17)
(4.55559 0.332932 -9.89597e-17)
(3.97973 0.628482 5.34773e-16)
(2.33994 0.40217 3.78501e-18)
(1.21568 0.392293 -1.10156e-16)
(-0.250499 7.7422 4.0069e-17)
(4.31518 0.00134769 1.38753e-16)
(-0.603246 9.92951 1.05444e-17)
(-0.111478 -0.482437 -2.25554e-17)
(5.2505 1.77895 0)
(0.209289 6.00626 4.7919e-17)
(2.89751 0.00417203 4.36907e-18)
(-0.272817 -0.506835 -1.716e-16)
(-0.101488 -0.360488 -2.43895e-16)
(-0.662435 0.00334042 -3.40342e-17)
(-0.236215 0.0866851 3.08386e-16)
(-0.0118788 3.73146 0)
(3.80583 0.148111 1.34653e-16)
(2.87925 0.7025 -9.06925e-16)
(0.375875 8.20634 1.07157e-17)
(0.601326 0.865047 0)
(4.41903 -0.0774699 -4.06402e-17)
(1.36188 -0.705827 -2.71288e-17)
(3.23395 1.20423 3.3573e-18)
(5.51191 -0.357501 -1.36335e-16)
(5.91545 -0.255619 -5.30403e-20)
(0.784738 0.0979441 -1.15151e-16)
(2.05827 0.487495 -3.12448e-16)
(-0.484091 -0.139245 0)
(-0.674262 0.0592639 0)
(0.0155682 1.6968 0)
(-0.0332632 7.76413 0)
(-1.91745 0.489454 -1.55719e-16)
(1.36344 3.90236 -1.28319e-16)
(0.322224 -0.291406 1.90002e-16)
(-0.166568 7.6289 0)
(1.26402 4.85988 1.73515e-16)
(-0.111827 7.45787 -6.34396e-17)
(0.0148912 7.71077 -1.53002e-17)
(-0.0120755 7.79653 -3.28535e-17)
(4.62429 -0.0358708 -8.46968e-17)
(0.519868 6.34451 -9.94585e-18)
(0.550328 -0.223755 -2.69976e-16)
(-0.390429 -1.06927 4.95114e-16)
(-0.498234 -0.0228934 -2.02142e-16)
(0.889342 -0.612828 0)
(-1.77226 -0.156252 -1.00316e-19)
(-0.535657 0.00792011 -6.25868e-16)
(4.05773 -1.11251 -2.28606e-16)
(3.84658 0.158572 3.88693e-16)
(-0.20812 6.1833 6.96576e-17)
(-0.100707 7.10173 0)
(2.34323 3.96362 0)
(-0.164737 7.35982 -7.3784e-17)
(0.022962 7.10625 1.77762e-17)
(-0.438759 -0.044911 7.87382e-17)
(-0.321833 7.83216 1.76113e-18)
(-0.409859 -0.250816 -6.78744e-17)
(1.2374 -0.193758 -3.81568e-16)
(-3.10957 0.38086 0)
(0.605508 5.65226 -2.46472e-16)
(3.23 -0.300011 -6.2665e-20)
(2.15928 0.0195588 -2.15528e-16)
(2.47848 0.0525772 -4.79432e-17)
(3.0007 0.351828 0)
(3.86336 -0.132772 -3.2743e-16)
(1.17615 5.30491 -7.01785e-18)
(2.71062 -0.115432 -3.9868e-17)
(4.12701 0.0333495 -8.694e-17)
(-0.45532 -0.0277681 -6.50917e-17)
(8.0004 0.193597 -8.0494e-17)
(4.1175 1.26204 0)
(0.294478 6.26233 -6.154e-17)
(3.9552 -0.743403 -1.30265e-16)
(-0.107765 -0.0138129 -1.73749e-17)
(4.19414 0.67506 4.70777e-16)
(4.36336 -0.245419 9.44702e-17)
(4.24274 -0.0976718 -2.88449e-16)
(-2.42691 -0.184628 -9.61576e-17)
(7.08123 -0.0148272 1.5088e-16)
(-0.637088 -0.298336 9.86276e-16)
(3.21451 -0.1559 4.00203e-16)
(3.81536 -0.390581 -2.57641e-16)
(0.499394 -0.105047 -9.95621e-16)
(1.1834 -0.288126 -5.04859e-16)
(-0.306907 0.706894 -2.31377e-16)
(0.106212 -0.251627 -1.0158e-15)
(-0.454603 0.903795 -1.62685e-16)
(0.853381 1.76663 -6.30755e-18)
(-0.0910719 0.108901 0)
(0.23241 0.48629 0)
(4.72163 0.164271 1.14849e-16)
(-0.41532 2.25635 9.98734e-17)
(0.782475 2.39826 -9.17584e-16)
(0.108502 -0.346876 1.18694e-15)
(5.22574 0.445973 -5.23716e-17)
(4.63579 -0.115144 0)
(5.24535 0.0153104 9.36024e-17)
(6.25101 0.0287412 3.34927e-16)
(7.31592 0.0355591 -1.54108e-17)
(-1.90524 -0.0455834 1.54149e-16)
(3.06432 -0.0253668 2.18483e-17)
(-1.24991 -0.220516 1.29344e-18)
(3.86325 0.417809 0)
(-1.36525 -0.100897 1.12439e-16)
(-1.1848 0.0995043 0)
(5.04111 0.344815 -1.11763e-17)
(-2.2558 0.0642186 -2.87045e-18)
(4.93369 -0.217008 2.3423e-16)
(3.92033 0.0491654 -3.93052e-16)
(4.39755 -0.0447937 0)
)
;

boundaryField
{
    frontAndBack
    {
        type            empty;
    }
    wallOuter
    {
        type            noSlip;
    }
    inlet
    {
        type            fixedValue;
        value           nonuniform 0();
    }
    outlet
    {
        type            zeroGradient;
    }
    wallInner
    {
        type            noSlip;
    }
    procBoundary1to0
    {
        type            processor;
        value           nonuniform List<vector> 
29
(
(-0.875898 0.28729 -2.15487e-16)
(-0.875898 0.28729 -2.15487e-16)
(-1.30668 0.180903 0)
(-0.295023 0.318382 1.99014e-16)
(-0.327277 0.654891 -1.15262e-16)
(-2.22265 0.448648 -1.17539e-16)
(4.22391 -0.153217 2.49795e-16)
(3.18933 -0.0950101 0)
(6.31104 0.373706 0)
(0.892311 0.23193 -1.79434e-16)
(2.68354 0.0486214 -2.65872e-16)
(-2.22265 0.448648 -1.17539e-16)
(-1.30668 0.180903 0)
(-1.29095 0.194271 0)
(6.95589 0.0235538 9.61046e-17)
(8.63442 0.157749 0)
(-0.327277 0.654891 -1.15262e-16)
(0.865626 0.69533 0)
(-0.295023 0.318382 1.99014e-16)
(-0.202403 0.353315 -1.014e-18)
(8.76607 0.142174 -3.17057e-17)
(8.07686 0.0919752 -1.52254e-17)
(5.18649 0.246526 -1.33246e-16)
(6.9197 0.075425 1.81364e-16)
(6.9197 0.075425 1.81364e-16)
(5.18649 0.246526 -1.33246e-16)
(8.80303 0.0402087 -6.4746e-17)
(1.75234 0.0213756 0)
(8.80303 0.0402087 -6.4746e-17)
)
;
    }
    procBoundary1to2
    {
        type            processor;
        value           uniform (0.958924 0.0931922 -2.05593e-16);
    }
    procBoundary1to3
    {
        type            processor;
        value           nonuniform List<vector> 
48
(
(-0.286329 5.59904 0)
(-0.225467 8.32674 -9.53114e-20)
(-0.388852 7.67706 1.08638e-16)
(-0.388852 7.67706 1.08638e-16)
(-0.0840878 5.40157 -6.71827e-17)
(-0.104823 6.24776 4.17757e-16)
(-0.104823 6.24776 4.17757e-16)
(0.369225 0.421342 0)
(-0.18292 3.50029 0)
(-0.195575 -1.24996 0)
(-0.440087 -0.0223544 -3.06146e-16)
(-0.195575 -1.24996 0)
(-0.109332 -1.63389 3.12888e-16)
(0.999571 -0.418754 2.84648e-16)
(0.731408 -0.23759 -1.82921e-16)
(-0.109332 -1.63389 3.12888e-16)
(-0.236936 -1.61227 -1.45799e-18)
(-0.236936 -1.61227 -1.45799e-18)
(-0.20197 -0.937913 0)
(-0.20197 -0.937913 0)
(0.992421 -1.07998 2.11422e-17)
(0.8509 -0.967969 1.66552e-16)
(-0.345962 -0.262986 -1.9591e-16)
(-0.323119 1.52396 8.07467e-16)
(-0.323119 1.52396 8.07467e-16)
(-0.0861177 0.588082 0)
(0.589628 -0.75242 0)
(0.589628 -0.75242 0)
(0.490356 -0.212322 4.0445e-16)
(-0.0781841 2.75074 -2.45192e-16)
(-0.374841 1.13098 -1.37443e-16)
(0.490356 -0.212322 4.0445e-16)
(0.369225 0.421342 0)
(-0.0263842 2.46302 -3.99112e-16)
(0.107352 0.154752 -1.9436e-16)
(-0.0781841 2.75074 -2.45192e-16)
(0.189454 1.20389 -2.62494e-16)
(-0.440087 -0.0223544 -3.06146e-16)
(-0.271014 4.48198 0)
(-0.160998 7.07531 1.40631e-17)
(0.760063 -0.785859 4.18349e-16)
(0.0809952 1.81078 1.91127e-16)
(-0.0263842 2.46302 -3.99112e-16)
(0.107352 0.154752 -1.9436e-16)
(0.926628 -0.0692267 7.56332e-17)
(-0.0669421 5.64024 5.67234e-21)
(-0.130144 6.62725 0)
(0.760063 -0.785859 4.18349e-16)
)
;
    }
}


// ************************************************************************* //
