/*--------------------------------*- C++ -*----------------------------------*\
| =========                 |                                                 |
| \\      /  F ield         | OpenFOAM: The Open Source CFD Toolbox           |
|  \\    /   O peration     | Version:  v1912                                 |
|   \\  /    A nd           | Website:  www.openfoam.com                      |
|    \\/     M anipulation  |                                                 |
\*---------------------------------------------------------------------------*/
FoamFile
{
    version     2.0;
    format      ascii;
    class       volVectorField;
    location    "0.53";
    object      U;
}
// * * * * * * * * * * * * * * * * * * * * * * * * * * * * * * * * * * * * * //

dimensions      [0 1 -1 0 0 0 0];


internalField   nonuniform List<vector> 
1431
(
(-0.0821939 0.421898 -3.46872e-17)
(0.523195 -0.295286 -1.79627e-16)
(5.72134 0.775822 1.08947e-16)
(-3.01978 1.83057 -4.85813e-17)
(0.0124602 1.10498 -1.6124e-16)
(2.33727 0.107905 2.9431e-16)
(-0.185503 -0.412154 -2.21317e-16)
(9.74906 0.658172 -2.31797e-16)
(-0.409748 4.64629 0)
(0.0290425 2.75125 -1.12366e-16)
(0.308704 0.904205 0)
(0.458839 -0.495043 7.59421e-17)
(-1.05121 1.24311 0)
(8.98209 0.522838 2.04452e-18)
(0.258441 0.98628 -2.5983e-16)
(0.0738605 3.52147 0)
(0.381085 2.67003 -3.12149e-16)
(0.305476 0.819362 0)
(-0.373078 -0.245706 1.44551e-16)
(0.0618658 0.607257 5.86036e-17)
(-0.286126 0.84658 -2.06338e-17)
(-0.452938 0.943543 3.53614e-19)
(1.06919 0.770503 -5.2817e-17)
(8.67123 0.573081 -3.31463e-17)
(1.73183 3.27884 -1.32983e-16)
(-0.0526723 0.426098 -1.71966e-16)
(-1.4479 4.74428 1.22414e-16)
(9.25886 0.471583 -2.42171e-20)
(10.8412 0.615649 6.46659e-18)
(0.25696 -0.91947 -5.54205e-16)
(7.3983 0.27572 2.54645e-16)
(7.10195 -0.171859 -1.86493e-16)
(-1.847 0.414137 -1.26354e-16)
(-1.72895 0.406313 0)
(-1.75922 -0.120771 1.01861e-16)
(1.88628 8.81966 1.33375e-16)
(-0.0139153 0.325054 1.58476e-16)
(9.71411 -0.00273075 0)
(0.651182 0.475524 -1.84071e-16)
(9.62944 -0.00185263 0)
(4.72686 0.121485 1.4525e-16)
(1.21179 0.101602 -7.73931e-17)
(-1.66641 0.725728 0)
(-1.40728 0.441881 -6.8071e-17)
(-1.0758 0.748046 1.67147e-16)
(-0.39125 0.555246 -4.45777e-16)
(1.54612 4.91058 2.27178e-16)
(7.14033 1.20507 -6.1915e-17)
(8.9312 0.541514 1.69038e-16)
(9.46724 0.0866857 3.889e-17)
(0.821203 -0.796874 -9.18069e-17)
(0.468758 3.47425 1.04983e-16)
(-0.376391 5.71706 4.95037e-17)
(-1.30026 0.72844 -1.65818e-17)
(-0.0533996 0.120902 -1.54333e-16)
(7.91861 1.75706 0)
(0.604157 3.90847 5.99524e-17)
(-0.312831 4.10591 -2.39672e-16)
(-0.463177 6.37359 0)
(-2.95268e-05 0.338485 -9.33349e-16)
(0.712818 2.15529 0)
(0.383827 1.87659 -1.64332e-16)
(1.35526 7.78908 -1.47114e-16)
(10.5866 0.121673 0)
(9.96981 0.317229 -1.946e-17)
(-0.354932 0.914433 0)
(6.24149 0.347465 0)
(2.52432 0.0203517 0)
(-0.527399 -1.00076 1.56121e-16)
(10.7675 0.0939559 0)
(-1.02018 0.413964 9.56994e-17)
(-1.5346 0.181998 -9.64998e-17)
(1.29063 1.3536 0)
(1.98301 0.226401 -2.96222e-16)
(0.982099 2.3271 1.29716e-19)
(-0.953715 0.308056 3.06431e-16)
(-0.163674 0.970435 5.63122e-17)
(3.49014 0.633252 3.55539e-16)
(9.9931 0.184654 1.38006e-17)
(0.990637 -3.02314 -2.27881e-17)
(9.94158 0.0997226 -2.69133e-16)
(0.970667 -0.355514 -2.32881e-18)
(1.81361 -0.278568 2.11775e-16)
(1.19113 0.419016 -8.90132e-17)
(-2.75767 1.36644 4.97204e-17)
(-0.0124492 1.06288 -5.55351e-16)
(0.0799125 0.744948 -1.23396e-16)
(-1.11632 1.47504 1.70998e-16)
(8.28118 0.614094 9.98768e-17)
(-0.00996081 0.779281 -7.5791e-17)
(0.00759157 0.372021 2.45604e-16)
(-1.50652 1.13731 2.6596e-16)
(0.0613298 0.683854 0)
(9.77893 0.0416184 0)
(1.46061 0.0903149 2.26951e-18)
(-0.139363 0.915533 2.12462e-20)
(0.547692 2.18342 -2.0006e-19)
(10.3685 0.582418 3.48513e-18)
(0.100733 0.488717 2.54544e-16)
(8.72855 0.497508 -4.79725e-16)
(-0.584516 -0.883414 -1.74652e-16)
(9.89007 0.184248 -7.11995e-17)
(0.0978221 0.584798 0)
(0.0492399 1.09853 3.34231e-20)
(-0.980008 2.52286 1.86007e-16)
(0.425608 -0.706204 8.58806e-17)
(10.0217 0.0729951 -1.12368e-16)
(4.41318 -0.0496938 8.2688e-17)
(6.62299 -0.00138212 1.03376e-16)
(-0.0602759 1.07818 8.61324e-17)
(-0.690355 -2.55494 1.98785e-16)
(-0.735838 0.84385 -7.81622e-17)
(9.67978 0.897566 0)
(0.349917 1.52418 -1.76848e-16)
(-0.385524 2.77724 0)
(0.0441462 1.11279 0)
(0.253665 0.61113 0)
(0.403038 -0.0373508 -1.02929e-19)
(7.79067 0.627189 -6.88058e-17)
(-1.60703 0.702618 -1.68271e-16)
(9.92185 0.279595 -2.1447e-17)
(-0.41264 5.77136 -1.40499e-16)
(0.52984 4.07096 -4.56936e-16)
(8.6252 0.849566 -1.27171e-16)
(10.123 0.170073 0)
(-1.17504 0.148449 -1.00509e-16)
(7.21692 0.60747 1.82143e-17)
(0.970101 1.37195 5.83991e-17)
(-0.235047 0.621212 1.02639e-16)
(10.6435 0.424878 -7.79495e-17)
(-0.312627 0.525039 -1.56717e-16)
(3.90214 -0.16547 2.70043e-16)
(7.2046 0.325665 0)
(0.257119 0.759863 -2.07982e-16)
(0.0152273 0.653057 -1.28052e-17)
(-1.97546 1.16886 -2.91013e-16)
(0.96153 1.55511 0)
(-0.882107 0.279958 1.35399e-16)
(-0.180114 0.398235 5.48445e-17)
(3.1344 -0.0807483 -4.47931e-16)
(-0.0365793 4.41911 0)
(-0.0466875 0.185577 4.13139e-17)
(10.5318 0.0601398 -8.11652e-18)
(8.84875 0.381529 -2.18068e-17)
(8.47953 0.144047 0)
(11.385 0.283823 4.73455e-17)
(10.3555 0.389242 3.64646e-17)
(4.19968 -0.0770933 0)
(0.604881 1.67079 -1.26694e-16)
(9.31733 0.971492 -5.57281e-17)
(10.863 0.0445826 8.45123e-17)
(9.87518 0.439589 -1.68611e-17)
(-0.336777 -0.663142 -1.98485e-16)
(2.45538 -0.63619 8.79012e-17)
(0.329374 0.870532 1.85513e-16)
(0.714209 1.31807 -4.16533e-17)
(10.0876 0.111627 9.29107e-17)
(0.460876 0.998789 -4.58759e-16)
(9.5676 1.00903 0)
(9.49276 1.2298 -1.02821e-16)
(0.443848 0.884112 -7.89227e-20)
(0.333342 1.31382 4.58499e-17)
(-0.0354019 0.497626 0)
(-0.436705 1.99086 -3.80907e-17)
(0.0483438 0.909608 -2.55837e-16)
(-0.88287 -0.382827 -2.0641e-16)
(-0.0984885 1.08174 -1.29682e-16)
(9.84174 0.118582 0)
(0.565894 -0.767058 4.27641e-16)
(0.0386045 0.643003 -1.95925e-16)
(9.59305 0.970804 -1.45503e-17)
(0.334915 3.13814 2.5628e-17)
(8.31151 0.562571 -1.2511e-16)
(11.057 0.0546576 0)
(10.5153 0.0420562 1.53966e-17)
(-0.689001 0.292701 0)
(-0.823964 0.307947 8.88015e-17)
(9.32774 0.649656 -1.9097e-17)
(0.0223188 -1.05327 3.23352e-16)
(9.51257 1.16752 1.0561e-16)
(9.73697 0.31437 4.42084e-17)
(0.466938 0.791121 1.26132e-16)
(8.74994 1.78726 0)
(0.0758051 0.864703 4.05574e-16)
(11.2504 0.116765 1.03166e-16)
(9.83619 1.16389 -1.4412e-17)
(9.83649 0.759794 1.09974e-16)
(-2.81473 4.63263 -1.39084e-16)
(-0.076568 0.331303 2.48065e-16)
(10.2746 0.106869 -2.34599e-20)
(0.145385 -1.35855 -4.15952e-19)
(0.592232 2.56148 -1.23035e-16)
(-0.260026 1.04153 -3.66413e-16)
(10.0658 0.046495 -6.79635e-17)
(-0.290335 3.07481 -6.17573e-21)
(10.0721 0.459412 4.24596e-17)
(10.0229 0.0967835 0)
(7.1494 2.13661 -1.14279e-16)
(0.240009 1.66869 0)
(0.372322 1.42626 0)
(0.30742 -0.661474 -2.18953e-16)
(2.86113 2.67976 -2.9505e-16)
(9.34406 1.08991 -2.90538e-17)
(3.38601 0.129046 -5.1137e-16)
(10.0412 0.0577136 3.735e-17)
(-2.39033 2.50855 -3.17974e-16)
(-0.0468476 0.961348 1.01428e-15)
(9.7834 0.222631 2.65361e-17)
(1.46465 2.16108 1.33878e-17)
(9.21536 0.265674 0)
(10.1314 0.0695473 8.43247e-18)
(9.93927 0.364049 6.67999e-17)
(7.76372 0.676969 1.49155e-17)
(9.86192 0.201091 2.54993e-17)
(0.415312 1.99732 0)
(-0.249854 0.77342 3.93458e-16)
(9.44616 1.11085 0)
(0.181419 -1.56271 0)
(-0.590435 -0.513278 0)
(10.1166 0.237667 -6.66509e-17)
(9.88368 0.170544 0)
(0.225175 1.18546 1.55397e-16)
(11.1259 0.0309698 -1.35781e-16)
(4.48808 1.21763 -7.93581e-17)
(10.7241 0.353937 0)
(9.3704 0.960895 0)
(9.32128 0.982239 -7.77139e-17)
(0.185903 1.02574 0)
(10.5185 0.689294 0)
(7.44197 0.208212 -7.76582e-17)
(0.0420772 0.983459 0)
(-2.57596 2.18849 3.46834e-16)
(10.6285 0.0957101 5.03863e-20)
(9.89316 0.533711 -2.00194e-16)
(9.78789 0.462237 9.19961e-17)
(9.81788 0.411584 5.1823e-17)
(10.4929 0.272965 -2.80219e-17)
(-0.15492 0.489625 2.41771e-16)
(9.85201 0.109804 0)
(-0.433297 0.183123 2.14176e-16)
(9.52047 0.206516 -3.39104e-17)
(9.43407 1.1901 8.72188e-17)
(-0.354204 3.66988 -2.28997e-16)
(0.894735 4.73706 -2.99571e-16)
(0.168553 1.61261 -4.3594e-20)
(-0.269509 1.65997 1.05942e-19)
(10.5368 0.274879 -1.88942e-16)
(-1.59277 -0.351765 0)
(-2.18547 0.271427 0)
(9.94301 0.950004 0)
(10.0955 1.02979 -9.98353e-17)
(-0.370182 4.12513 0)
(-0.0756201 2.0502 1.20137e-16)
(6.29025 3.26198 2.23286e-17)
(1.3494 5.75056 -1.68912e-16)
(8.17332 0.0597984 -4.7409e-17)
(1.15451 -0.220677 1.91913e-17)
(-0.609227 0.0117619 5.8446e-19)
(8.32036 0.00934948 8.3039e-20)
(8.2672 0.024667 9.19673e-17)
(8.13646 0.0786207 9.11489e-17)
(-0.671899 1.63725 2.74974e-17)
(0.0626388 0.650582 4.98394e-16)
(-0.0277914 4.69558 -4.3916e-17)
(9.77669 0.3414 -8.10489e-17)
(10.6422 0.58785 7.16522e-18)
(8.24881 0.0134915 -8.47561e-17)
(9.89413 0.958011 0)
(8.38103 2.83298 2.94161e-17)
(-0.191147 3.88071 -1.45823e-17)
(9.78402 1.10332 0)
(9.0751 0.749195 3.23749e-16)
(10.2369 0.898251 2.88711e-17)
(10.2836 0.789203 0)
(8.08609 0.0916075 -5.64744e-17)
(10.0135 0.696222 1.37507e-18)
(0.210649 0.527721 -1.35924e-16)
(0.0311278 -0.893882 -1.88021e-19)
(-0.621516 -0.519408 -3.94191e-17)
(0.0719705 3.44871 1.80809e-16)
(-0.492441 5.23531 0)
(-0.409884 0.223987 -4.3817e-17)
(-0.360121 -0.625549 0)
(0.429257 0.617414 3.38368e-16)
(8.29833 0.000463799 -4.64138e-17)
(-3.42948 3.40238 6.12963e-17)
(0.00850676 1.01447 1.21635e-16)
(9.15248 1.24586 5.47965e-17)
(10.1905 0.885262 2.17563e-19)
(9.648 0.186567 7.07893e-17)
(11.1614 0.435805 1.61725e-16)
(9.53859 0.0069753 -6.35635e-17)
(9.4149 1.10313 0)
(0.0161178 -1.59122 0)
(10.0497 1.10849 -4.62094e-17)
(9.38882 1.43819 4.97685e-18)
(-0.31191 0.903692 0)
(8.97396 2.13626 1.65e-18)
(-0.220033 -0.0128286 -2.15174e-16)
(9.5359 1.22199 2.96897e-17)
(9.64764 0.374909 3.02509e-17)
(9.10378 0.842959 7.82077e-17)
(1.83844 0.332471 0)
(8.01593 0.140338 0)
(0.562602 1.15009 -2.57835e-16)
(0.167586 0.0186844 1.97821e-16)
(9.92676 0.125456 8.58535e-17)
(8.22259 0.040169 -9.29743e-17)
(8.27864 0.015108 -8.94671e-17)
(-0.501278 0.147947 1.96222e-16)
(9.65954 0.255034 -1.41365e-17)
(10.8077 0.209372 5.71546e-17)
(0.457447 -0.0897606 -1.87594e-17)
(0.0416412 0.254795 -2.14509e-17)
(-1.51351 0.759161 -7.40046e-19)
(0.378541 -0.0367303 -2.06185e-16)
(0.0319884 3.88355 -5.00239e-17)
(0.311036 -0.102625 -9.08722e-17)
(9.81432 0.353277 -4.84806e-17)
(-0.513088 -0.681238 -1.73538e-16)
(0.237381 0.084482 -3.21684e-16)
(-0.484421 -0.589968 2.64666e-16)
(0.0290241 4.37561 4.72111e-21)
(0.276698 0.208662 -8.10867e-20)
(-0.277862 1.18833 -1.649e-16)
(-0.647681 -0.792666 -8.9028e-17)
(9.84799 0.075787 1.84017e-16)
(-0.703206 -0.883646 -7.5278e-17)
(7.43831 0.470005 0)
(9.77018 0.180282 -7.11263e-17)
(0.042979 -0.484396 -1.1114e-16)
(1.47174 -1.09833 0)
(-0.895207 0.269392 0)
(0.0917905 -1.45692 1.82652e-16)
(10.2946 0.116253 0)
(-0.290758 2.24664 -1.34871e-16)
(0.640976 -0.462865 -6.56738e-17)
(-0.48348 -0.486712 0)
(1.03229 -0.564262 -1.77852e-17)
(-1.55885 0.51923 1.50647e-16)
(0.430932 0.790184 0)
(9.82799 0.0918407 -8.29976e-17)
(-0.748621 -0.803124 8.75144e-17)
(10.0713 0.219695 3.49366e-17)
(6.71355 3.69975 -2.76156e-16)
(0.905833 -0.408628 1.72298e-16)
(10.5222 0.243422 1.51926e-17)
(0.14738 -0.294389 1.80374e-16)
(-0.111741 0.0905868 -9.48124e-17)
(-0.881679 0.124719 -7.9008e-17)
(1.22428 -0.105127 -1.19591e-16)
(-1.44649 -0.0435837 -4.04406e-16)
(-0.84342 -0.29562 0)
(1.55186 0.217438 -1.48887e-16)
(-0.0224307 -0.027561 0)
(1.529 -0.0186672 0)
(-1.41378 -0.0932209 0)
(0.104563 -0.188017 -3.87854e-16)
(0.79819 0.280088 0)
(-0.607708 0.138185 4.95714e-16)
(0.655532 -0.215479 -1.98057e-17)
(-0.378102 -0.227073 1.48221e-16)
(1.75428 0.116795 2.27626e-18)
(0.106777 0.00844835 -1.01187e-16)
(-0.27098 0.149007 2.90598e-16)
(0.616149 -0.183711 -1.73255e-16)
(1.54794 -0.140399 0)
(-0.937793 -0.0978626 0)
(-0.300603 -0.281073 -2.73218e-17)
(0.299158 -0.0313377 0)
(0.408035 -0.223152 6.65723e-16)
(-0.843533 0.187369 1.28243e-16)
(-0.537416 -0.723369 -1.53147e-16)
(9.97578 1.15796 5.38189e-17)
(0.0495485 -1.58056 0)
(-1.01165 -1.65839 1.99084e-16)
(0.195238 -0.520991 1.07605e-16)
(9.81466 0.301343 3.28676e-17)
(10.0045 0.0338759 8.5862e-17)
(0.401798 0.24883 6.65876e-16)
(-1.16406 0.188765 2.64001e-17)
(0.999705 -0.109632 3.9035e-17)
(-0.561165 0.192315 -2.6407e-16)
(-1.16583 -0.201255 0)
(-0.776118 -0.241409 1.37108e-16)
(1.76581 -0.0120379 0)
(-0.962451 0.0302075 0)
(-0.00391213 0.106876 2.10121e-16)
(1.22007 0.276058 1.44107e-16)
(0.0422705 0.0649742 1.86286e-16)
(-0.456331 -0.418284 0)
(2.00793 4.86152 1.95777e-16)
(9.6509 1.1121 -2.92803e-17)
(9.98788 0.00210473 0)
(-0.62971 -0.868419 1.19646e-19)
(-1.17414 0.481906 -1.64676e-16)
(-0.531841 -0.314293 -1.72408e-16)
(9.95534 0.195017 0)
(-0.325019 0.239332 0)
(10.4496 0.0822258 0)
(-0.4989 -0.0565948 -6.24218e-17)
(0.0145765 -0.582963 1.96511e-16)
(10.0151 0.211674 2.88786e-17)
(1.39534 -0.51622 3.1103e-17)
(-0.221321 -0.604817 1.29741e-17)
(10.0232 0.938064 0)
(0.309523 -0.289597 1.20798e-16)
(8.65137 0.0235234 1.74404e-16)
(-0.450088 0.381325 -3.15642e-17)
(0.27301 -0.241084 -1.5769e-16)
(9.70853 0.0790058 6.78146e-17)
(-0.147744 -0.703434 0)
(-0.95003 -0.332488 -3.91358e-21)
(1.9147 7.5767 -4.2166e-16)
(8.68167 0.218942 -2.3166e-17)
(1.7393 4.41976 6.94637e-17)
(0.408359 -0.492099 -1.77659e-16)
(-0.223025 4.55284 1.90484e-16)
(-0.515982 -0.860459 -2.40114e-17)
(-0.540194 -0.0983214 1.14767e-19)
(0.313231 0.0880667 5.14815e-17)
(-0.150737 -1.37134 1.45588e-16)
(-0.552467 0.125491 5.9111e-17)
(0.0198102 -1.14475 -2.73034e-16)
(-0.129413 -1.48419 0)
(0.437625 -0.431354 1.79782e-16)
(0.213531 -0.8899 4.92816e-17)
(0.152631 -0.245794 1.20422e-17)
(-0.346754 0.657227 -1.25509e-16)
(0.496499 -0.302929 -4.20881e-16)
(0.808686 0.704369 0)
(-0.205205 -1.46701 -1.9106e-16)
(-0.142307 -0.261158 0)
(0.100039 -0.585862 2.60131e-16)
(-0.361077 0.121893 -1.01822e-17)
(0.49731 -0.275173 0)
(-0.181736 -1.15017 -2.1961e-16)
(0.176431 -0.61628 2.7709e-18)
(0.151454 -1.2086 5.78078e-16)
(-0.804696 0.521211 1.85471e-16)
(0.840708 -0.238845 2.14863e-18)
(0.003029 3.43075 -3.97512e-17)
(0.149645 -0.775707 0)
(0.192961 -0.943015 4.98273e-17)
(-0.0173997 -1.4671 0)
(-0.148987 -0.356571 9.6666e-18)
(-0.181464 0.159828 -5.45404e-18)
(-0.0674855 -1.62479 -1.14219e-16)
(0.502575 -1.67517 0)
(0.0697338 -0.18252 1.80633e-16)
(0.0282994 -0.385958 -1.12608e-16)
(-0.545474 -0.347756 4.32987e-16)
(-0.102278 -0.0401625 -1.66197e-16)
(-0.607654 0.0582996 -1.58442e-16)
(-0.19821 -1.30888 7.9176e-17)
(-0.675588 -0.146212 -2.32794e-16)
(-0.605339 -0.534559 -3.21901e-16)
(-0.502089 -0.681577 -6.93939e-18)
(-0.652292 -0.309696 0)
(-0.272388 -0.0848995 0)
(2.37772 2.09732 3.16383e-16)
(-0.232289 -0.950277 0)
(-0.22254 0.604463 0)
(0.349573 0.865413 -2.29523e-16)
(-0.215428 -0.353936 2.17759e-16)
(0.0166088 -0.633281 -4.75727e-16)
(-0.249314 0.599258 -1.72736e-16)
(1.43256 2.7741 1.19457e-16)
(-0.183758 0.983191 -2.45037e-16)
(-0.449458 -0.700896 -5.95984e-16)
(1.4703 4.9797 1.76805e-16)
(0.230326 0.534086 0)
(8.06511 0.0885978 -1.61046e-17)
(1.05392 6.9564 -6.06583e-17)
(-0.620701 1.31353 3.14277e-16)
(-0.275968 -0.913877 -1.87178e-16)
(2.1055 7.26794 -2.91825e-16)
(1.95541 8.19654 2.59199e-16)
(0.938519 4.63101 1.70507e-16)
(-0.065848 -1.51315 0)
(-0.144796 -1.44778 -4.59633e-17)
(0.274049 0.22619 0)
(0.683376 8.38725 -5.08126e-17)
(9.94801 0.404289 -1.90478e-17)
(8.75119 0.136288 -3.35357e-17)
(1.31803 1.75494 -1.46038e-16)
(-0.0419242 1.25519 -1.47143e-16)
(-0.443647 0.198913 1.41496e-16)
(-0.385388 -0.961497 -1.04902e-16)
(0.228783 -1.53985 0)
(0.0339908 -1.41565 -1.14553e-17)
(-0.154205 -1.19403 0)
(-0.267647 -0.818072 2.46112e-17)
(1.89138 7.11546 6.00926e-17)
(-0.103676 -1.38698 0)
(0.305067 -0.0603858 0)
(-0.612588 4.36884 0)
(0.233468 -1.32835 4.01144e-17)
(9.92576 0.158054 -1.42268e-17)
(0.218503 -1.33696 0)
(-0.19522 1.26795 -6.36288e-19)
(-1.19954 6.05428 1.35786e-17)
(0.217357 -0.246138 1.19567e-21)
(0.491871 -0.230602 0)
(0.47269 -0.416636 2.37015e-16)
(0.0918136 -1.85907 0)
(-0.179901 -0.997403 9.18859e-21)
(-0.492399 0.177932 -7.66959e-17)
(-0.223906 -1.23942 -4.32522e-17)
(0.0331268 3.59531 -7.57628e-17)
(0.00496054 3.61736 0)
(-0.0137799 -1.75583 3.23179e-17)
(9.6291 1.27804 0)
(-0.565766 -0.339642 4.40275e-17)
(10.5167 0.119888 -9.8988e-17)
(-0.312586 -1.09535 0)
(1.36664 6.63874 -3.86085e-16)
(-0.778699 5.38911 7.76698e-18)
(-0.173708 -1.35778 4.37812e-17)
(0.458945 -0.481252 0)
(0.279806 -1.86966 2.22424e-20)
(0.0895812 -1.44705 -1.21105e-16)
(0.224597 -1.63092 5.90531e-17)
(-0.628455 0.438706 -1.73544e-16)
(-0.3327 -0.0376583 1.24132e-18)
(-0.246982 -1.07657 0)
(0.127544 -0.554036 1.95942e-16)
(-0.320076 -1.15206 0)
(0.127772 -1.57368 3.89025e-17)
(0.226931 -0.989052 -1.05724e-16)
(8.72656 0.180633 4.61235e-17)
(7.97544 0.167971 -1.33865e-16)
(0.204688 -1.20784 5.13917e-17)
(0.168369 -1.64757 -1.54716e-17)
(-0.433056 -0.683336 2.10517e-17)
(-0.251496 -1.2344 -4.01829e-17)
(0.232883 0.16837 4.65621e-17)
(0.245222 -0.996275 0)
(-0.08355 -0.469407 3.72793e-16)
(3.20296 4.27869 0)
(0.469158 -0.226521 -1.49909e-16)
(0.705087 2.77416 1.84547e-16)
(0.276533 -0.541253 1.83451e-16)
(1.67995 2.88317 0)
(-0.869378 0.27857 4.52221e-17)
(-0.452658 0.801596 5.90598e-17)
(0.228563 -0.643341 2.79427e-17)
(9.78743 0.109319 0)
(-0.471773 -0.304575 0)
(0.013262 -0.876052 2.43289e-20)
(0.202221 -1.29372 -4.38996e-17)
(0.279724 -0.221097 2.47469e-16)
(8.20171 -0.0403622 4.49527e-17)
(-0.312021 -1.01916 7.80365e-17)
(-0.908447 0.187155 3.42332e-17)
(-0.283922 -0.670243 -6.29907e-17)
(0.199299 0.648216 -8.92251e-17)
(0.296649 -0.491529 -1.96585e-16)
(8.12576 -0.0359445 -5.28584e-19)
(9.25203 1.26527 4.86399e-17)
(-0.0278321 -0.398519 -3.7195e-16)
(0.275313 -0.936838 0)
(-0.0028245 1.48347 0)
(0.82705 4.42585 6.69264e-16)
(-2.2222 0.450101 -1.28242e-16)
(-0.935878 -0.0980726 -5.03156e-16)
(-0.112938 -0.807467 0)
(9.69078 1.01476 1.37991e-16)
(1.11381 0.949305 0)
(0.437716 -0.508162 1.49368e-16)
(-1.521 -0.265557 -5.63084e-16)
(-0.356859 0.810446 1.92016e-16)
(2.12283 2.57102 0)
(-0.414415 0.823393 1.03809e-17)
(1.464 7.18541 0)
(0.61991 0.652289 2.76478e-16)
(-0.136022 -1.16856 1.17248e-16)
(0.0354756 -1.50444 1.16929e-16)
(0.361429 -0.734623 -1.47165e-16)
(8.82508 2.50768 -3.03883e-17)
(0.339832 -0.357623 -4.97125e-18)
(9.78707 0.0862327 2.33102e-16)
(-0.341093 -0.68501 0)
(0.485791 -0.213979 -8.40948e-20)
(1.60787 0.0999169 -2.30957e-17)
(0.26268 -0.970082 0)
(0.21254 -0.591042 3.69159e-16)
(9.91555 1.08794 0)
(0.957363 -0.636788 4.57214e-18)
(10.7476 0.487281 -3.45321e-18)
(1.09472 3.60432 0)
(-0.215947 3.52641 -9.5012e-17)
(10.0003 0.0735593 -1.16967e-16)
(9.83495 1.33682 0)
(9.66818 1.62845 -5.41872e-18)
(0.298164 -0.912732 0)
(-0.0345434 0.374374 -9.83995e-17)
(0.214184 -1.26944 -1.73404e-17)
(9.73812 0.916302 7.43048e-18)
(2.53583 -0.584352 -1.76759e-16)
(0.112727 -0.577722 -2.41799e-16)
(0.636033 -0.490881 -4.52186e-16)
(-0.0756171 -1.0853 -4.27385e-17)
(0.267781 -0.6459 -5.98927e-18)
(0.270721 -0.265591 7.00957e-19)
(-0.389395 0.215624 -9.86845e-17)
(0.699421 1.55369 0)
(0.333092 -1.29094 2.33348e-19)
(-0.393349 1.56732 5.4763e-17)
(5.95663 1.37705 -4.68978e-17)
(7.2302 2.5678 6.472e-18)
(-0.228767 -0.288708 -1.6388e-16)
(-0.751478 -0.218202 0)
(0.0893025 -0.0141325 -1.91013e-16)
(6.63835 1.92101 0)
(9.78996 0.798338 -1.38151e-17)
(-0.616118 6.51718 0)
(0.0351926 4.29496 4.4667e-17)
(0.168755 0.202363 -1.23193e-16)
(-0.412811 -0.302572 -1.11547e-20)
(-0.223833 -1.39749 9.78384e-17)
(1.08104 0.0865444 0)
(0.0582965 0.873761 3.3595e-16)
(0.675391 -1.01824 -6.47759e-17)
(0.252034 -1.55456 5.36679e-21)
(6.52813 1.63852 -6.60385e-17)
(-0.403327 -1.50582 7.9476e-17)
(0.0273266 0.186193 1.01735e-16)
(-0.243309 -0.737322 -1.44457e-17)
(9.7917 0.0583225 0)
(-0.341929 1.5421 4.9684e-17)
(0.0146166 1.00873 -1.13713e-16)
(-0.336069 0.257858 -1.41518e-16)
(9.7973 0.0489977 -4.87835e-17)
(0.156783 0.235609 7.55733e-17)
(-0.366683 -0.708113 3.88961e-17)
(0.0180004 -1.45547 -8.0513e-17)
(9.09651 1.28256 3.87966e-17)
(9.0628 1.78282 2.14727e-17)
(0.00152785 0.799566 2.89081e-16)
(0.312816 -0.627298 -2.02024e-17)
(-0.223418 3.23927 0)
(9.80975 0.0599265 1.92974e-16)
(-0.280799 -0.0700153 3.89867e-16)
(0.41805 -1.70127 -1.91344e-17)
(0.300026 0.12157 0)
(0.371507 -0.604371 3.37051e-17)
(-0.295408 5.33029 -6.49038e-17)
(0.451801 2.68692 5.97298e-17)
(-0.173201 0.942125 3.43113e-16)
(-0.683157 -0.503026 0)
(0.762349 0.133399 2.83776e-17)
(9.37468 1.90166 4.54827e-17)
(8.81637 1.10583 0)
(-0.211292 5.07664 9.02915e-17)
(-0.302144 -0.740992 -7.14511e-17)
(9.78513 0.0707057 8.67204e-17)
(9.91441 0.164696 -2.38065e-17)
(0.159509 -1.14417 -2.64689e-16)
(-0.279453 -0.262882 -4.39956e-16)
(0.466378 -0.113965 2.28874e-17)
(0.178734 -0.131525 1.09704e-16)
(0.203428 0.407407 -4.12113e-16)
(0.135576 0.402446 -1.32428e-19)
(9.79048 0.134102 0)
(1.8752 -0.505626 1.58042e-16)
(10.0124 0.0758119 4.12199e-17)
(-0.485779 0.760575 -5.91073e-17)
(-0.352521 -0.300856 1.61665e-16)
(0.537727 0.389172 -5.547e-17)
(0.0855125 -0.00717643 -1.01456e-16)
(9.80921 0.0874954 -2.71535e-17)
(0.0527044 0.687243 -2.05709e-16)
(0.382889 0.101168 -2.71479e-17)
(8.68706 0.284687 0)
(8.82362 0.76326 8.37017e-17)
(-0.340049 1.02897 6.98325e-17)
(1.03167 2.21253 1.7954e-16)
(-0.576776 -0.528242 0)
(9.02517 2.14257 -3.24751e-17)
(0.451008 0.712331 -1.67028e-16)
(0.239732 -0.142007 2.22816e-18)
(-0.172534 2.06608 -2.92974e-17)
(-1.13628 -0.15648 2.06265e-17)
(0.154065 -1.59797 -1.96217e-16)
(-0.153568 -0.974586 -5.2023e-20)
(-0.102558 -1.49431 3.58989e-16)
(0.366657 0.0743697 -4.65585e-17)
(0.342423 -0.161945 0)
(-0.668711 -0.371278 1.5966e-16)
(6.8372 0.0836376 2.38127e-17)
(0.415345 0.0911089 0)
(0.403571 -0.264872 -2.01615e-17)
(-0.0730828 0.45773 -7.77506e-17)
(-0.176395 -0.764702 1.18551e-16)
(0.0767401 -1.57912 -3.85515e-17)
(0.0470407 -0.0476968 -8.60326e-17)
(-1.04981 -0.422275 3.16365e-16)
(9.80326 0.113048 0)
(8.99698 1.31303 -6.26476e-17)
(0.332325 -0.271828 0)
(0.657551 -1.47611 1.46063e-16)
(9.39485 1.09568 -6.91205e-17)
(-0.0470711 -1.10374 7.59468e-17)
(-0.0625375 0.6612 3.30187e-16)
(4.74353 2.86077 1.01663e-16)
(8.98448 1.42484 -3.37509e-19)
(-0.310644 0.466729 -1.99828e-16)
(10.0082 0.0841168 -1.19904e-17)
(5.0911 0.320353 2.63242e-16)
(0.146518 -1.15826 2.79532e-16)
(-0.131468 0.530143 4.44879e-18)
(-0.0957679 -1.09203 -1.01588e-16)
(-0.530143 0.685711 -3.86489e-17)
(0.101326 0.217831 -1.12259e-16)
(8.11401 0.300645 5.12293e-21)
(0.550066 -0.37239 3.38589e-16)
(-0.358577 3.20067 -1.1731e-16)
(8.86843 1.30404 -9.3972e-19)
(-0.198469 0.49261 9.14076e-17)
(8.49538 0.332819 0)
(9.534 0.11986 2.36417e-17)
(9.79031 0.111729 1.32591e-17)
(-1.27617 5.88241 1.40262e-16)
(-1.34012 -0.203015 -4.4183e-16)
(7.6859 0.29702 -2.46183e-17)
(-0.478632 0.968696 0)
(-0.141947 1.26693 1.23549e-16)
(1.73175 0.149877 -2.88453e-16)
(0.421674 -0.0961326 0)
(-0.519494 -0.692097 0)
(0.0301347 0.210167 1.75271e-16)
(2.22549 0.162411 2.68395e-16)
(2.64421 0.19792 0)
(-0.345897 4.83546 -1.79296e-16)
(9.4929 0.983305 -7.47595e-18)
(0.605845 0.327609 1.87158e-16)
(0.645871 -1.53704 1.14946e-16)
(-0.249484 0.24504 0)
(0.42946 0.246158 -3.86812e-16)
(0.418782 0.0339013 1.71483e-16)
(-0.327522 3.16803 1.17628e-16)
(5.93126 -0.271133 0)
(-0.294874 0.344743 0)
(5.16547 0.119494 0)
(8.92494 0.354437 8.23947e-18)
(9.09232 1.64655 1.14824e-17)
(10.3723 0.788555 -1.41883e-17)
(9.14566 0.945521 7.7425e-17)
(2.1679 0.0441478 2.10298e-16)
(-0.0772954 4.84617 4.35984e-17)
(8.97441 1.40035 -1.40274e-16)
(3.1013 0.211119 0)
(3.92654 0.191309 5.2619e-17)
(0.32515 0.349659 0)
(0.10328 0.200343 -1.32321e-16)
(9.94496 0.0391201 6.25032e-18)
(10.928 0.0577006 0)
(9.44452 0.105085 5.6957e-18)
(6.5696 0.549676 -1.75618e-16)
(2.18418 -0.0479026 -3.5715e-16)
(6.94367 0.816059 1.28623e-16)
(4.6348 4.63949 0)
(3.2095 5.5841 1.79755e-18)
(9.56716 0.0105894 1.0813e-16)
(0.193502 2.2119 -1.81333e-16)
(1.30731 0.104929 -6.34529e-18)
(2.30043 6.58756 -3.84239e-17)
(5.36419 0.175397 7.26304e-19)
(3.54373 0.209006 8.56654e-19)
(0.206711 -1.46985 -1.06163e-19)
(0.760618 6.75522 0)
(0.04279 0.258941 1.86801e-16)
(-0.290135 -1.12931 1.56864e-16)
(0.472207 -0.237329 -1.84838e-16)
(4.86963 0.115511 0)
(0.166268 0.0578675 9.79986e-17)
(1.04544 1.94956 3.24687e-17)
(0.099933 -0.923401 -1.62086e-16)
(1.41894 -0.48316 -1.85685e-17)
(1.42104 0.599976 -1.16512e-16)
(-0.362413 0.266399 6.58303e-17)
(4.26583 0.164394 -5.4226e-17)
(0.0633432 4.34663 0)
(-0.83698 -0.226646 1.71778e-16)
(3.61419 2.5654 -4.82574e-16)
(-0.113853 0.374856 -1.03244e-16)
(0.0231137 -0.893945 -1.43779e-16)
(-0.83636 0.616497 -1.06312e-19)
(5.79447 0.4559 -1.1886e-18)
(0.254539 0.442611 2.01079e-16)
(9.56955 0.880512 0)
(1.30912 0.0440014 0)
(3.2623 1.56471 -1.02736e-16)
(9.99393 -0.0108469 2.97644e-18)
(9.85895 0.215886 0)
(0.123563 0.0975442 -9.80551e-17)
(-0.658745 -1.25769 0)
(0.129755 5.02427 -1.15319e-16)
(9.84826 0.124821 2.65745e-17)
(-0.0554653 -0.825001 2.30256e-16)
(0.306528 0.399881 0)
(8.74545 1.24194 2.96308e-17)
(-0.552462 -1.18301 -1.12389e-16)
(-0.0666181 -0.0602044 9.49973e-17)
(1.01424 0.201173 -2.06425e-16)
(1.72323 7.98038 1.05784e-16)
(0.663775 0.721548 -3.79073e-17)
(-0.0161958 2.95037 4.31997e-16)
(-0.181938 0.814885 0)
(9.68835 0.146491 -8.90371e-17)
(9.81715 0.0861567 -2.88185e-18)
(-0.10064 5.06941 -7.87946e-17)
(0.13145 -0.154812 1.04106e-16)
(2.44643 -1.76266 -1.30479e-16)
(6.12578 0.0502888 3.47637e-17)
(5.62889 0.220785 -4.81193e-17)
(4.58574 -0.295865 -2.1792e-16)
(5.2279 0.171999 0)
(5.59683 0.0568217 -1.59971e-16)
(7.23619 -0.0452574 0)
(6.09988 -0.0786601 3.9784e-17)
(4.57669 0.136592 6.20874e-18)
(0.729974 -0.469613 -8.61318e-16)
(1.45651 0.0815854 -3.62881e-16)
(11.1053 0.439668 5.48324e-17)
(1.63293 1.4081 -2.71368e-17)
(0.262005 0.515956 2.45245e-17)
(-1.09904 -0.755264 6.13126e-16)
(0.183822 -0.17039 4.50623e-20)
(-0.378916 -0.395066 0)
(-0.304932 0.295464 -2.20486e-16)
(0.603626 -0.510863 -4.06068e-17)
(0.0552821 -0.0449043 0)
(-1.98917 0.347309 2.79924e-16)
(9.1235 0.561816 3.15582e-16)
(0.0860284 -1.17494 -2.35146e-16)
(8.33139 -0.0144269 4.35361e-17)
(-0.736535 -0.689415 -6.84234e-17)
(-0.00982001 -1.14953 -1.31838e-16)
(9.64729 0.770617 0)
(8.6307 0.935596 -4.27366e-17)
(10.3629 0.489861 0)
(5.91718 0.117082 0)
(0.882471 3.79118 1.02095e-18)
(8.65938 1.12091 9.62393e-20)
(-0.00241866 -0.981428 4.14376e-17)
(0.2054 -0.256637 -4.576e-16)
(0.891586 0.0363491 3.49013e-16)
(9.70204 0.0285382 1.14524e-17)
(0.463071 -0.44956 1.46362e-16)
(0.317347 -0.427593 2.89137e-16)
(-0.367865 -0.331553 1.67687e-16)
(-1.06649 0.0564847 -3.39e-16)
(3.25939 4.86831 3.7942e-17)
(0.50227 0.494105 2.49069e-16)
(0.935156 3.31271 -4.9342e-17)
(-0.265217 5.37955 0)
(9.88374 0.205476 0)
(9.51588 0.0173815 6.2376e-17)
(9.77304 0.0623656 -9.1225e-17)
(0.447235 0.433233 -2.48865e-16)
(1.08663 -1.27018 -3.60679e-17)
(-0.342286 0.255741 3.8841e-17)
(0.748024 -0.276838 0)
(-0.172026 0.674229 0)
(9.93142 0.274925 6.78649e-17)
(8.35455 1.82253 0)
(0.118544 -0.142761 -9.3015e-17)
(-1.64734 -0.169434 -2.58472e-16)
(8.60003 0.424495 1.68956e-17)
(1.85515 7.46244 0)
(-0.16074 0.416487 3.30287e-16)
(0.488319 -0.312678 0)
(-0.533994 0.473623 1.94594e-16)
(8.46573 2.30253 -1.06246e-16)
(-1.1717 1.03583 0)
(-0.254851 0.716635 -1.39144e-16)
(0.00460761 -1.04741 -8.23524e-17)
(9.77419 0.0593132 -8.1941e-17)
(0.144196 0.145985 2.06512e-16)
(-0.892381 0.698745 0)
(-0.469096 0.879071 8.41473e-17)
(-0.746816 0.204081 -8.7425e-17)
(10.5307 0.10523 0)
(-0.107857 0.482174 0)
(0.495935 -0.0022538 2.62572e-16)
(-0.418324 0.75203 -1.35065e-16)
(0.275154 0.882292 0)
(6.81857 0.0737821 1.9384e-16)
(9.34032 0.126425 0)
(-1.13992 6.64127 -1.32316e-17)
(0.972918 0.680915 -1.47794e-16)
(9.72145 0.121912 6.70449e-17)
(-0.0118787 0.511127 -2.28688e-16)
(4.00104 1.59398 -3.13908e-16)
(-0.333345 0.468005 -1.26847e-16)
(0.275705 -0.803352 0)
(0.0279962 -1.37163 -2.46948e-16)
(0.996539 0.698776 3.20085e-17)
(0.298913 -0.961593 0)
(0.392369 -0.887124 -2.00987e-17)
(-0.553597 -0.803718 1.98426e-16)
(-0.418245 -1.06615 7.32611e-17)
(1.26382 0.0721041 0)
(1.58541 -0.00183128 7.94882e-19)
(11.187 0.196413 -5.12981e-17)
(-0.024149 0.488255 4.46899e-17)
(-0.431592 0.63275 5.88493e-16)
(-0.807527 -0.0780127 1.04034e-16)
(-0.00363971 0.554231 3.97434e-16)
(9.78324 0.0881187 6.37869e-17)
(-0.402945 5.08199 0)
(1.53857 -0.348736 2.22008e-18)
(-0.656479 -0.7388 -2.07517e-16)
(0.33468 -0.125081 -3.55856e-16)
(-0.11163 -0.517376 -1.13728e-16)
(9.49164 0.0329292 1.00111e-19)
(0.145841 2.1159 0)
(0.342074 1.05444 5.68248e-18)
(0.0240161 -1.44375 -1.00822e-16)
(9.96158 0.253602 3.0174e-17)
(0.341899 0.0546507 2.77887e-16)
(9.77153 0.0379711 7.45553e-21)
(9.78628 0.147037 0)
(7.83517 0.135081 5.176e-17)
(-0.333734 1.24209 0)
(5.81469 -0.0435783 -2.13055e-16)
(-0.20957 2.98564 -1.8212e-16)
(1.69279 0.0722981 0)
(0.0664725 0.826046 -8.89897e-17)
(8.46299 1.45902 -2.09906e-17)
(0.329281 1.60804 1.0463e-16)
(0.300332 0.747787 -1.00762e-17)
(-0.100866 0.0474774 0)
(0.0456534 0.218613 1.10963e-17)
(0.431094 1.54006 1.99825e-17)
(-0.0819551 0.0187643 4.88434e-17)
(-0.0632591 0.0485567 -1.01576e-16)
(0.101308 -0.441372 2.31273e-16)
(-0.17031 0.00971776 0)
(-1.78339 -0.0587372 3.0245e-16)
(9.74528 0.069897 1.17322e-17)
(-0.0444035 0.106369 -1.17406e-20)
(-0.136616 0.56242 0)
(-0.22241 -0.167258 8.65269e-17)
(0.208996 -2.61875 1.53203e-18)
(-0.122717 1.03836 -2.27051e-16)
(0.915727 0.208095 -4.76379e-18)
(-0.0220761 0.249422 -2.39467e-16)
(-0.423277 1.51371 -9.28427e-17)
(0.0194533 0.89579 -1.30508e-16)
(-0.161788 3.68594 5.27938e-17)
(0.0336914 -0.701693 3.49593e-16)
(1.67752 4.93309 0)
(0.497356 -0.9205 -1.80193e-16)
(-0.0205768 0.158482 -1.45079e-17)
(0.143757 0.853345 4.08405e-17)
(-0.0277134 -0.697124 -1.18352e-16)
(-0.299435 1.04565 -4.33761e-17)
(0.0376239 4.656 1.29599e-16)
(-0.180842 1.20706 8.07594e-17)
(-0.931075 -0.449 1.3362e-16)
(0.951348 -0.060994 2.39186e-18)
(0.841231 -0.21487 -2.61561e-17)
(-0.0109198 0.2398 2.20822e-16)
(-0.0157715 0.196597 -2.78949e-17)
(-1.76521 0.757267 -6.78549e-17)
(0.00341519 1.02905 0)
(0.0896051 -0.254414 4.53372e-17)
(-0.235288 0.478012 1.93421e-16)
(-0.708125 -0.761751 1.07669e-16)
(0.747306 -0.0588815 4.59699e-19)
(4.57185 0.357704 -3.02135e-16)
(-0.0408823 4.02578 1.78093e-17)
(-0.803897 -0.530828 2.70364e-16)
(9.76977 0.0465024 -7.8282e-17)
(-0.00818456 0.220544 -5.58065e-17)
(-0.00993114 0.214308 1.07934e-16)
(-1.30622 0.261947 2.48889e-17)
(0.525395 -0.356449 -1.59156e-16)
(10.8272 0.341513 -7.96525e-20)
(0.0193018 -0.999926 1.39944e-16)
(-0.547476 6.27653 -1.28011e-16)
(0.0551733 4.49746 2.49061e-16)
(-1.46731 2.39052 2.63392e-17)
(0.03496 0.108416 -1.42231e-16)
(2.73604 5.1352 1.51149e-16)
(-0.042365 0.381507 0)
(-1.39931 2.03204 0)
(0.0165344 1.02514 2.52076e-16)
(9.67193 0.048925 3.48712e-17)
(-0.0798228 -1.16516 2.81937e-16)
(0.432482 -0.320804 -1.94834e-16)
(10.4063 0.206773 1.48379e-17)
(0.0585591 -0.503966 1.8392e-16)
(-0.0403361 1.65542 -3.79964e-17)
(5.92447 0.102625 0)
(-1.77797 -1.27323 0)
(-0.034566 1.10591 3.46174e-17)
(0.0523821 3.62627 1.67169e-16)
(-0.397788 3.30054 1.62926e-16)
(10.8645 0.0886179 4.71455e-17)
(-0.95909 1.0782 5.60406e-17)
(0.239778 1.02817 2.26121e-17)
(9.75371 0.576527 2.65148e-16)
(2.38995 -0.0252808 4.23616e-16)
(0.443057 2.20485 -4.02986e-16)
(9.97592 0.132391 -8.73172e-17)
(0.176564 0.381771 -4.05848e-16)
(-0.0312847 0.421749 1.43543e-16)
(-0.562246 0.519032 0)
(9.78334 0.0437105 6.21334e-17)
(10.3325 0.680876 -3.45503e-18)
(1.2723 0.0195535 0)
(-0.757615 6.74255 -3.07224e-18)
(2.02934 3.98845 2.4291e-18)
(0.0392148 4.34532 -3.12945e-17)
(1.3277 0.297418 7.3009e-17)
(-0.329288 2.52417 1.6574e-17)
(0.459368 -0.240605 3.97151e-16)
(0.601419 1.26262 2.03793e-16)
(-0.801081 -0.0179469 1.06397e-16)
(-1.37463 0.131968 2.83788e-16)
(9.70304 0.403732 -1.95723e-18)
(-0.330835 -0.534542 0)
(0.878084 0.217841 -4.68717e-17)
(-0.172313 -0.628329 2.54576e-17)
(0.276028 3.08413 0)
(4.63816 0.0563522 0)
(-0.133665 0.469997 -1.58704e-16)
(-0.58696 0.518974 -2.96042e-16)
(0.250602 -0.668179 -1.4802e-16)
(3.47136 1.26463 0)
(-0.508834 -1.44749 0)
(-0.0565084 4.22799 7.40458e-18)
(2.6579 1.55397 7.01184e-17)
(9.82798 0.241808 8.38992e-17)
(-0.0260817 -1.6027 -3.81034e-17)
(-0.91459 -0.00950639 -1.34932e-16)
(-2.26107 2.4172 0)
(0.0269392 1.1066 -3.333e-16)
(0.157949 -0.0919478 8.35146e-17)
(-1.22042 -0.660736 -1.36787e-16)
(-0.0369746 -1.43444 3.51976e-17)
(-0.747331 -0.503346 1.51373e-16)
(5.06339 0.22569 -1.46783e-16)
(-0.300575 2.53069 2.93881e-16)
(8.73778 1.46214 1.5445e-17)
(0.171147 0.665899 6.14258e-16)
(-0.688165 -0.581123 -1.27526e-18)
(6.99195 0.249642 0)
(-0.185009 3.71596 -8.64964e-17)
(0.378951 0.229389 4.24392e-16)
(-2.064 0.541705 1.37328e-17)
(-1.37904 0.0483327 0)
(0.0464457 0.638163 -8.09535e-16)
(10.8084 0.402647 1.56548e-17)
(-0.0889853 -0.54934 9.8443e-18)
(7.76976 0.934656 -1.96916e-16)
(-0.0808337 -1.42764 -4.89787e-16)
(-0.426005 4.32346 1.4652e-16)
(9.97071 0.236698 -7.67309e-17)
(2.86342 -0.272962 -1.01691e-16)
(7.47456 0.279788 -1.05333e-16)
(-0.106353 0.355795 0)
(0.932756 3.09579 -7.84279e-18)
(10.8193 0.124539 -1.74927e-16)
(9.86727 0.225803 -7.06565e-17)
(-0.21938 3.5773 -1.46355e-17)
(0.109801 0.455376 -2.03599e-16)
(9.83241 0.259938 6.41062e-17)
(-0.456408 3.61029 -5.003e-17)
(2.09632 6.0221 -1.93768e-18)
(9.69163 0.0360788 8.97851e-18)
(0.0875873 -1.40048 1.57022e-16)
(0.0355933 0.0837972 6.30463e-16)
(0.566992 4.6361 0)
(10.9449 0.380419 3.21569e-17)
(10.8277 0.376846 -3.4157e-18)
(0.0288015 0.939864 1.46047e-16)
(-0.161275 -1.5893 0)
(0.0806065 -1.09733 0)
(-0.973902 0.0630892 3.30236e-16)
(8.00185 0.322855 -8.70477e-17)
(0.0264679 1.02325 1.19984e-16)
(-0.874066 3.15812 -8.56765e-17)
(1.41548 0.0147193 2.67401e-16)
(10.916 0.205013 -4.87864e-17)
(0.0328597 1.25322 4.36056e-17)
(-0.579552 -0.501324 -1.55941e-16)
(9.86733 0.130852 -2.65539e-17)
(0.190741 -1.02882 1.41743e-16)
(7.48271 0.623616 1.81359e-16)
(5.58889 0.198837 0)
(-0.00718932 0.273998 -3.16356e-16)
(1.47568 -0.0307987 3.9853e-17)
(10.2625 0.152015 1.45327e-17)
(-0.19124 0.549172 -3.2834e-16)
(3.89343 2.98274 0)
(5.74715 1.09949 5.89119e-17)
(-0.0868194 0.689426 0)
(0.657612 3.21781 1.56957e-18)
(0.221368 -3.96808 4.70893e-17)
(0.117189 0.0996428 -2.28622e-17)
(9.4701 0.0561085 -6.3835e-17)
(0.447513 -0.116928 2.06971e-16)
(0.169105 -0.0677645 -9.72741e-17)
(-1.04908 -0.84766 -1.84664e-16)
(5.41507 0.227289 0)
(-0.982546 0.172437 -3.9324e-16)
(-0.0241666 2.16122 5.84696e-17)
(-0.0477626 -1.58066 -3.67203e-16)
(1.06666 -0.0109161 -2.96706e-16)
(-1.25272 0.0653111 -4.69095e-19)
(1.54192 0.0241735 0)
(0.457585 -0.384884 0)
(-1.14185 0.258571 4.74524e-17)
(7.29979 3.25668 5.02977e-17)
(7.84238 2.33459 1.75489e-18)
(-1.10332 0.196063 -9.17709e-17)
(0.380724 -0.662032 1.47525e-17)
(10.9761 0.39758 -1.49118e-17)
(-0.0534907 0.920427 0)
(-0.960788 -3.93388 0)
(-0.0233878 0.317821 -1.02793e-16)
(-0.205921 -0.865821 8.27677e-17)
(-0.494914 -0.482016 0)
(-0.711223 0.943305 0)
(1.09842 0.542195 2.84681e-16)
(11.0016 0.378017 -2.56618e-17)
(-1.03696 -0.03213 -3.67169e-16)
(-0.0481124 0.371524 2.20521e-17)
(-0.10533 1.75773 0)
(1.33478 0.0528382 5.1804e-16)
(0.195234 1.34854 0)
(1.28912 0.119475 1.78696e-16)
(8.74629 0.799036 -1.26229e-16)
(-1.04845 -0.173381 2.19137e-16)
(-0.0829759 0.205613 0)
(0.273306 -0.575084 0)
(-0.13372 0.673774 -3.83213e-16)
(-0.343458 3.11072 1.14443e-16)
(-0.184881 2.59512 2.45018e-16)
(0.0225306 0.448621 -6.82804e-17)
(9.8204 0.188885 -2.61752e-17)
(-0.703116 4.83658 -9.1796e-17)
(-0.00270878 0.0950852 5.60496e-16)
(1.7178 -0.218751 4.20177e-16)
(9.73595 0.0940275 2.21169e-17)
(0.749706 1.32983 1.45136e-17)
(0.154157 0.0277625 1.52748e-18)
(-0.702693 -0.854664 1.48249e-16)
(0.124773 0.979994 -2.57401e-17)
(0.837031 -0.430708 2.25713e-16)
(1.53719 -0.131919 2.25968e-18)
(-0.538826 5.4411 -4.11531e-17)
(9.50351 0.424078 -8.02189e-18)
(0.802093 0.0357983 2.34384e-16)
(9.59677 0.10185 -4.5429e-17)
(3.47101 0.547865 -4.95227e-17)
(-0.0161988 1.01295 1.19815e-17)
(-0.7399 0.378253 1.32948e-16)
(0.896935 -0.364741 -1.69075e-16)
(-0.350656 2.33944 1.69457e-17)
(7.43538 0.31683 0)
(1.34248 0.0191982 3.18869e-16)
(0.0846779 0.146719 2.47694e-17)
(-0.161674 -0.732712 -2.54005e-18)
(-0.0584522 0.461923 0)
(9.91685 0.101071 2.06853e-17)
(0.526501 0.663212 3.87252e-16)
(-0.250301 2.8561 3.35256e-17)
(-1.58471 -1.61699 6.87387e-17)
(10.6488 -0.0200857 -1.23676e-16)
(10.2404 0.126707 2.47847e-17)
(7.48559 1.53596 0)
(-1.10943 0.00150619 5.24305e-16)
(1.55357 0.0766116 -7.72358e-17)
(-0.470523 -0.908346 -9.09738e-17)
(0.970025 0.105468 2.60786e-16)
(2.54342 1.18398 -2.80629e-16)
(8.18648 1.38488 7.23667e-18)
(-0.306805 0.74036 -1.45547e-16)
(-0.627737 -0.966252 3.71773e-16)
(10.0265 0.160666 4.30391e-19)
(4.12722 2.29675 -1.05615e-16)
(0.134322 0.756293 2.18272e-16)
(7.31359 0.31504 2.1262e-17)
(-0.290677 0.642523 -3.07784e-16)
(0.0913113 -0.812958 4.18855e-16)
(5.81886 3.26904 1.16993e-16)
(6.73143 -0.0778725 1.3486e-16)
(-0.080377 0.81714 0)
(-0.375174 4.57218 -7.7282e-18)
(-0.313369 2.66076 0)
(0.304778 -3.06939 6.55676e-17)
(-0.693001 -0.53946 0)
(1.43233 1.4916 0)
(10.5947 0.209377 0)
(0.265488 0.467262 -4.48464e-16)
(0.229742 4.22682 -1.11446e-16)
(-0.355249 5.09564 4.40833e-16)
(0.0194841 -0.989097 0)
(-0.194926 2.53876 0)
(7.52142 -0.198282 1.27689e-16)
(9.95522 0.357019 2.39592e-16)
(-0.150543 0.665101 -4.9028e-17)
(-0.300912 1.59024 -8.54337e-17)
(10.0185 0.026428 -6.48716e-18)
(10.6129 0.307025 0)
(7.40221 3.0003 6.37155e-17)
(-0.238563 3.42846 -7.59996e-18)
(0.0966912 1.05569 6.69271e-17)
(-0.0564355 -0.864935 0)
(-0.777189 -0.0279519 0)
(0.110235 1.13522 4.89089e-16)
(1.3992 0.132983 1.47498e-16)
(0.878532 -0.0923311 4.43834e-17)
(3.86909 0.032559 -3.74236e-16)
(-0.756826 -0.280893 -3.90425e-17)
(-0.346027 2.46072 0)
(5.77969 0.127481 5.39114e-17)
(-0.446119 0.636652 5.78334e-17)
(0.00208036 3.6508 0)
(7.91646 1.21764 0)
(1.14695 1.82908 2.70627e-17)
(8.25175 0.604185 -2.16258e-16)
(11.2011 -0.0137815 2.35905e-16)
(9.94307 0.126257 1.17211e-16)
(10.6703 -0.0211073 1.06638e-16)
(-1.92102 -0.86213 -1.31823e-16)
(-0.00360985 1.10534 -5.40935e-17)
(-0.491818 -4.52676 -4.8152e-17)
(-0.0325142 0.980467 0)
(-0.212933 0.80539 1.90977e-16)
(-1.96697 6.01898 8.71457e-17)
(-0.0244038 0.644285 -2.60865e-16)
(-1.07892 -0.0314091 -1.57454e-16)
(-0.410883 0.372821 0)
(0.825623 0.469042 2.02924e-17)
(1.48925 0.317617 0)
(1.52489 9.60614 -8.77533e-17)
(-1.07677 0.574098 -1.18193e-16)
(-0.772292 0.573307 3.43966e-17)
(-0.73496 -0.203821 -4.91294e-16)
(0.107941 0.335034 0)
(-1.50181 1.14575 -6.63523e-17)
(0.271662 -0.30646 1.09768e-16)
(8.19042 -0.144124 0)
(0.0693132 0.832433 -4.03784e-16)
(-0.738218 1.82416 0)
(9.79174 0.261411 2.23657e-17)
(1.08018 0.47114 -4.67566e-17)
(2.47717 0.537292 0)
(-0.309199 0.850727 0)
(1.37116 0.00137611 -3.06186e-17)
(6.20374 0.248758 0)
(-0.304666 2.05482 -1.47362e-16)
(0.0412213 1.06543 -9.47444e-19)
(-0.111255 0.0631608 2.65784e-16)
(-0.770075 -0.308512 3.6961e-19)
(-0.0179021 6.04419 1.04359e-16)
(0.223414 3.6848 -3.06717e-16)
(11.0797 -0.0167415 -3.03053e-17)
(9.908 0.247264 1.58873e-16)
(0.314379 -0.36108 -3.53896e-16)
(-1.49721 -1.28402 -1.14507e-16)
(1.2179 -0.228548 -3.42895e-17)
(-0.319252 4.87133 3.58058e-18)
(0.496632 -0.323785 2.10386e-16)
(-0.355327 -0.672804 -7.86553e-17)
(-0.940241 0.238416 1.55114e-16)
(9.6435 0.0627304 -6.3576e-17)
(0.683454 1.36731 -1.70799e-17)
(9.76533 0.0455501 -1.75587e-16)
(9.92807 0.671822 1.22799e-16)
(-0.0193636 0.525838 3.77264e-16)
(10.847 -0.105902 -2.60927e-17)
(9.83005 0.431159 7.49602e-18)
(0.408934 2.37667 -2.35542e-17)
(1.16607 0.0240416 2.86545e-17)
(6.93106 0.607715 1.18176e-16)
(6.3274 0.419652 1.38929e-16)
(-0.0169932 -0.675935 1.68591e-16)
(1.88645 0.209789 0)
(-0.19916 1.00471 2.66322e-16)
(-0.305844 2.52457 1.24634e-16)
(-0.313494 1.48688 4.01498e-16)
(-0.338998 0.586415 -3.89889e-17)
(-1.46497 5.84494 -2.85164e-16)
(1.06799 9.7432 5.61423e-17)
(0.0374648 3.35739 -8.49931e-17)
(1.80407 -0.862676 1.42053e-16)
(-0.0320058 0.348944 5.16501e-20)
(9.98428 0.0832644 4.5609e-17)
(0.767124 0.575139 4.36208e-17)
(0.137896 2.13063 -7.01097e-17)
(-0.798965 0.0962998 0)
(0.154139 -0.165855 -1.42553e-16)
(-0.273077 1.94238 5.07639e-20)
(10.0126 0.149222 0)
(0.416154 1.02688 5.00697e-16)
(0.0030778 0.649961 -4.39003e-21)
(-0.506712 0.878772 9.00763e-17)
(-0.0255058 0.0381147 1.53063e-16)
(-0.653015 0.156847 1.67474e-16)
(11.0443 0.0877594 0)
(-0.0597655 -0.237589 -4.58463e-16)
(-0.440833 1.39976 5.97589e-17)
(9.80891 0.406373 -2.15848e-16)
(10.8694 0.273531 6.76997e-17)
(-0.750635 0.642401 0)
(-0.563129 -0.916987 -1.37311e-16)
(0.593695 -0.0972747 2.09442e-16)
(-0.476675 0.933133 -9.26898e-17)
(0.427526 -0.327234 -1.89609e-16)
(0.019328 0.804947 8.94288e-17)
(0.188216 0.307325 -8.16796e-16)
(-0.421285 -0.721648 0)
(-0.523792 0.770816 1.55261e-16)
(-0.0771936 0.568207 0)
(-1.15327 0.247003 1.7503e-16)
(-0.461608 1.26639 9.9228e-17)
(-1.04261 0.0475051 -1.83462e-16)
(4.95791 2.22253 2.90544e-17)
(8.34706 1.11996 0)
(9.98051 0.255579 -6.51203e-17)
(-0.726087 -0.410935 1.96328e-16)
(0.0769043 0.398231 0)
(-0.473567 -1.18233 1.86398e-16)
(0.109804 -0.416566 -3.62273e-20)
(-0.321212 0.63396 5.17231e-16)
(-1.17939 -0.0298755 1.24973e-16)
(9.91434 0.494397 -1.73389e-16)
(0.31465 -0.392017 -1.03877e-17)
(1.67904 -1.04844 1.45968e-16)
(9.72178 0.030585 -1.32858e-16)
(-1.71336 2.24566 -2.96051e-16)
(0.0465677 1.01844 1.46946e-16)
(7.55878 0.0291423 2.59264e-16)
(0.986166 -0.20565 4.71943e-16)
(0.0923938 -1.31019 0)
(-1.2511 -2.72361 0)
(-0.00482511 1.03128 0)
(-0.394361 -0.362014 2.3146e-19)
(-0.0701483 -1.44723 -3.33958e-19)
(9.80345 0.141943 -1.2697e-17)
(-1.36712 0.0531639 3.71023e-16)
(0.952948 -0.815547 0)
(0.031848 -0.111499 -2.45939e-16)
(5.75162 0.175169 -1.14207e-17)
(-0.116327 -1.56265 0)
(0.632908 -0.344321 2.19666e-17)
(-0.266083 -0.338402 3.86879e-17)
(-1.13746 -0.228282 1.66755e-16)
(0.478089 0.585781 0)
(10.4445 0.11645 5.3304e-17)
(-0.0178225 0.317396 -6.5467e-16)
(0.413572 -0.564971 -9.13575e-17)
(-0.832801 0.592572 3.83228e-17)
(-1.17419 0.218806 0)
(8.71409 0.0422066 -6.88792e-17)
(-0.646146 -0.334231 1.31103e-16)
(2.73935 3.98648 -2.35779e-16)
(-0.299759 -0.755993 0)
(-0.0566 0.277316 -1.61558e-16)
(9.81799 0.685409 0)
(2.25592 -0.472476 -2.87456e-16)
(9.38774 0.305203 -7.439e-18)
(10.2207 0.175548 -1.72268e-17)
(-0.0130432 0.308481 6.38233e-17)
(1.34749 2.38046 -1.36447e-17)
(0.074681 -0.519241 -9.98027e-18)
(0.644299 -0.224444 -3.15796e-16)
(-0.0763407 0.37994 -1.72167e-19)
(0.39625 0.167257 0)
(1.23797 0.116574 -4.01617e-17)
(7.16742 0.205441 0)
(-0.353689 2.14618 1.43719e-16)
(1.01495 2.02492 9.15386e-19)
(4.98507 4.01084 9.82759e-17)
(-1.00839 -0.260634 -2.21054e-16)
(4.49364 -0.0171996 -8.72417e-17)
(9.79119 0.0600902 1.24784e-16)
(10.2213 0.0583333 -2.5258e-18)
(4.61781 0.625306 1.52554e-16)
(9.8863 0.211407 -2.74364e-16)
(1.1612 -0.156363 -6.0114e-19)
(0.0231936 1.08363 1.95712e-16)
(0.00566925 2.98637 -2.69578e-17)
(-0.0353248 0.381824 0)
(4.8316 1.29381 0)
(-0.675723 -0.332215 0)
(-0.26676 1.58697 -1.52947e-16)
(0.570685 0.465961 4.44372e-17)
(6.50733 1.76552 0)
(0.509018 -0.25451 -1.34813e-16)
(-0.0272293 0.304082 4.02077e-16)
(1.08627 2.67947 -1.69271e-18)
(-0.0184343 0.325136 3.56035e-16)
(10.1282 0.0947683 -1.03731e-17)
(9.63168 0.08721 3.31626e-17)
(2.5308 3.4666 0)
(-0.442171 -0.96404 1.81263e-17)
(1.86572 7.57426 0)
(10.3843 -0.0237585 1.98626e-16)
(10.5384 0.111246 0)
(10.5271 -0.128309 -2.41902e-16)
(9.78718 0.197568 -1.39993e-17)
(-0.726153 -0.802311 0)
(-0.763835 -0.660378 9.32421e-17)
(-0.136113 1.57093 -2.77604e-16)
(-0.397448 1.42947 -1.5374e-16)
(10.6436 0.211613 0)
(5.00223 -0.0980651 -4.34984e-16)
(-0.130316 1.72855 -1.43291e-16)
(-0.3622 1.84897 7.72499e-17)
(-0.320105 2.83918 -1.24717e-19)
(-0.218009 2.06274 -2.54049e-16)
(0.382064 0.227537 2.10133e-16)
(10.9717 0.0669492 3.66578e-17)
(9.87328 0.599352 0)
(0.769737 1.93637 0)
(5.82195 -0.0536339 1.16646e-16)
(-0.347109 -0.271043 -9.66735e-17)
(-0.0379919 1.49436 -2.62595e-16)
(0.364495 1.80345 5.35334e-16)
(-0.840653 -0.320765 0)
(0.184817 2.29735 -2.57913e-16)
(0.780851 1.13271 -2.50877e-16)
)
;

boundaryField
{
    frontAndBack
    {
        type            empty;
    }
    wallOuter
    {
        type            noSlip;
    }
    inlet
    {
        type            fixedValue;
        value           uniform (10 0 0);
    }
    outlet
    {
        type            zeroGradient;
    }
    wallInner
    {
        type            noSlip;
    }
    procBoundary0to1
    {
        type            processor;
        value           nonuniform List<vector> 
29
(
(-0.678985 -0.480535 -6.66771e-16)
(0.645329 -0.651818 3.86629e-16)
(-1.60085 0.447361 1.9763e-16)
(-1.60085 0.447361 1.9763e-16)
(-1.41336 0.580212 -1.34034e-16)
(-1.41336 0.580212 -1.34034e-16)
(3.95256 -0.216239 1.01233e-16)
(2.60973 0.0695662 0)
(6.05385 0.0867966 7.50415e-18)
(0.559506 0.25973 -1.16132e-16)
(1.88448 0.194239 -5.25198e-17)
(-2.42713 0.182208 0)
(-2.295 0.067408 0)
(-1.59549 -0.273945 0)
(6.28777 -0.0915473 6.55197e-17)
(8.39447 0.0725862 8.53695e-17)
(-0.297181 0.560101 4.86936e-16)
(1.97962 0.493147 -3.43945e-16)
(-0.275681 0.354025 3.2078e-16)
(1.41406 -0.549119 5.60214e-16)
(8.71334 0.125311 3.8569e-17)
(8.31434 0.0238972 -2.53959e-18)
(5.73816 -0.108422 9.21341e-18)
(7.88975 0.189484 -8.58996e-17)
(5.16412 0.0146667 9.96548e-17)
(1.97962 0.493147 -3.43945e-16)
(8.64295 0.142281 0)
(1.66118 -0.0198099 7.90623e-17)
(7.88975 0.189484 -8.58996e-17)
)
;
    }
    procBoundary0to2
    {
        type            processor;
        value           nonuniform List<vector> 
42
(
(-0.247481 1.41943 2.49734e-16)
(-0.598939 0.429672 -2.54878e-16)
(0.0336413 0.877826 -4.72005e-17)
(-0.000966433 1.07096 3.09365e-16)
(-0.283632 -0.526809 -1.0891e-16)
(-0.247481 1.41943 2.49734e-16)
(0.0336413 0.877826 -4.72005e-17)
(0.0685608 0.41807 0)
(-0.258986 -0.358671 1.89264e-19)
(-0.181967 0.127483 0)
(-0.36698 -0.568492 4.47038e-16)
(-0.493723 -0.589445 6.33481e-16)
(-0.36698 -0.568492 4.47038e-16)
(-0.642724 -0.701779 -1.18963e-16)
(-0.779807 -0.701659 -9.23456e-18)
(0.182268 1.99954 6.00982e-19)
(-0.779807 -0.701659 -9.23456e-18)
(-0.17382 0.415901 -5.68173e-17)
(-0.21846 -0.128349 -2.36029e-17)
(2.11506 0.120478 -8.96068e-16)
(2.11506 0.120478 -8.96068e-16)
(-0.17382 0.415901 -5.68173e-17)
(-0.0727245 0.671124 1.40083e-16)
(1.97819 1.27831 -2.08057e-16)
(1.97819 1.27831 -2.08057e-16)
(-0.197828 0.731243 -9.665e-17)
(2.20149 2.11799 -2.03035e-18)
(-0.142347 0.622489 2.95996e-18)
(1.32877 2.80371 -1.72791e-16)
(-0.707751 0.0784779 4.95808e-19)
(-0.707751 0.0784779 4.95808e-19)
(-0.126589 0.453806 0)
(-0.118185 0.263335 -9.50179e-17)
(-0.0887326 0.0776637 1.01272e-16)
(-0.0317224 -0.0818673 -2.69485e-22)
(0.0336413 0.877826 -4.72005e-17)
(-0.810624 -0.34832 0)
(-0.00101089 0.977436 0)
(1.32877 2.80371 -1.72791e-16)
(0.0685608 0.41807 0)
(0.0749642 -0.0174145 -5.50038e-16)
(0.0536653 -0.14444 -2.39002e-17)
)
;
    }
}


// ************************************************************************* //
