1	-0.0126227
2	-0.0115331
3	-0.0119941
4	-0.0110235
5	-0.010187
6	-0.00948387
7	-0.00938022
8	-0.00885426
9	-0.00812416
10	-0.00759703
11	-0.00731717
12	-0.0066708
13	-0.00611892
14	-0.00642824
15	-0.00620368
16	-0.00609454
17	-0.00616076
18	-0.00697466
19	-0.00757818
20	-0.00809208
21	-0.00816202
22	-0.00798696
23	-0.00775132
24	-0.00772263
25	-0.00770291
26	-0.0079789
27	-0.00812007
28	-0.00836272
29	-0.00833073
30	-0.0082019
31	-0.00808884
32	-0.00797287
33	-0.00795332
34	-0.00769176
35	-0.00774223
36	-0.00782866
37	-0.00792607
38	-0.00791113
39	-0.00808477
40	-0.00824703
41	-0.00811629
42	-0.00804684
43	-0.0082033
44	-0.00797083
45	-0.00795863
46	-0.00783233
47	-0.00777247
48	-0.00783223
49	-0.00792946
50	-0.0080474
51	-0.00795449
52	-0.00789695
53	-0.00766852
54	-0.00766801
55	-0.00790952
56	-0.00823827
57	-0.00822173
58	-0.00791672
59	-0.00765781
60	-0.00735032
61	-0.0074085
62	-0.00765528
63	-0.00776517
64	-0.00783027
65	-0.00771464
66	-0.00759615
67	-0.00767027
68	-0.00811722
69	-0.00834423
70	-0.00826416
71	-0.00762906
72	-0.00748196
73	-0.00735861
74	-0.00775088
75	-0.00797118
76	-0.00796536
77	-0.0076093
78	-0.0075182
79	-0.00776712
80	-0.00723855
81	-0.00770041
82	-0.00733448
83	-0.00721014
84	-0.00674902
85	-0.00766061
86	-0.00706106
87	-0.0077104
88	-0.007094
89	-0.00677439
90	-0.00727006
91	-0.00685259
92	-0.00708041
93	-0.00712458
94	-0.00650976
95	-0.00680883
96	-0.00731354
97	-0.00739314
98	-0.00627424
99	-0.00713772
100	-0.00640046
101	-0.00755918
102	-0.00695749
103	-0.00739615
104	-0.00656464
105	-0.00671855
106	-0.0068728
107	-0.00707444
108	-0.00661889
109	-0.00642226
110	-0.00612721
111	-0.00579103
112	-0.00652586
113	-0.00546736
114	-0.00519709
115	-0.00471545
116	-0.00485405
117	-0.00415213
118	-0.00435884
119	-0.00560608
120	-0.00633183
121	-0.00722141
122	-0.00711678
123	-0.00728735
124	-0.00731587
125	-0.00614231
126	-0.00637746
127	-0.00616036
128	-0.00735258
129	-0.00673099
130	-0.0071774
131	-0.0066762
132	-0.00646853
133	-0.00650239
134	-0.00626091
135	-0.00471967
136	-0.00514214
137	-0.00491986
138	-0.00432033
139	-0.00497446
140	-0.00440666
141	-0.00526684
142	-0.00361504
143	-0.00279345
144	-0.00178575
145	-0.00273161
146	-0.00291186
147	-0.0037936
148	-0.00230744
149	-0.0024057
150	-0.00263823
151	-0.00212987
152	-0.00141034
153	-0.00595173
154	-0.00174547
155	-0.00254735
156	0.00137317
157	-0.00185526
158	0.00215729
159	0.000417746
160	0.00566715
161	0.000578464
162	0.00357027
163	-0.000787486
164	-0.00173651
165	-0.00434933
166	-0.00312769
167	0.000114767
168	-0.00267723
169	-3.78017e-05
170	0.00613672
171	0.00818854
172	0.00501255
173	0.0134774
174	0.0121686
175	0.0108212
176	0.0132765
177	0.0183232
178	0.0120216
179	0.0110771
180	0.015232
181	0.0192735
182	0.0119029
183	0.0233311
184	0.0171927
185	0.0250218
186	0.0222544
187	0.0215957
188	0.0252703
189	0.0217953
190	0.0260329
191	0.0246365
192	0.020347
193	0.0313793
194	0.0213013
195	0.0342587
196	0.0156724
197	0.0406273
198	0.0312822
199	0.033584
200	0.0341766
201	0.0381462
202	0.0295044
203	0.0313254
204	0.0260575
205	0.0377293
206	0.03014
207	0.0593895
208	0.0304343
209	0.045887
210	0.0482787
211	0.0571798
212	0.053352
213	0.0507431
214	0.0402633
215	0.0558564
216	0.0348353
217	0.0727773
218	0.0441112
219	0.0462247
220	0.0376338
221	0.0325508
222	0.0241721
223	0.0514056
224	0.00684994
225	0.0381115
226	0.0257351
227	0.0039382
228	0.0263938
229	0.00550694
230	0.0371975
231	0.0494387
232	0.0384493
233	0.0426128
234	0.0215823
235	0.0328121
236	0.0385589
237	0.0404657
238	0.0471705
239	0.0562348
240	0.080107
241	0.0517692
242	0.0517405
243	0.0687451
244	0.0742547
245	0.0680119
246	0.0858887
247	0.0584806
248	0.0590036
249	0.069126
250	0.102451
251	0.127293
252	0.114661
253	0.0978973
254	0.0953386
255	0.110971
256	0.0885309
257	0.132442
258	0.13164
259	0.187951
260	0.141212
261	0.204384
262	0.137721
263	0.191699
264	0.214011
265	0.232798
266	0.208192
267	0.219776
268	0.1713
269	0.325687
270	0.258905
271	0.327159
272	0.224601
273	0.222652
274	0.340801
275	0.471434
276	0.472916
277	0.405543
278	0.418022
279	0.460704
280	0.534857
281	0.454252
282	0.516416
283	0.501378
284	0.51551
285	0.56009
286	0.515655
287	0.613431
288	0.581902
289	0.573747
290	0.459397
291	0.567642
292	0.468547
293	0.459481
294	0.407044
295	0.519959
296	0.339423
297	0.607905
298	0.384205
299	0.539228
300	0.774246
301	0.618874
302	0.868424
303	0.581262
304	0.916153
305	0.969592
306	0.991537
307	1.05346
308	0.980548
309	1.13628
310	1.24636
311	1.32692
312	1.16153
313	1.44996
314	1.83883
315	1.59836
316	1.63123
317	1.78766
318	2.08537
319	1.74204
320	1.97101
321	2.10965
322	2.12853
323	1.92192
324	2.03084
325	2.00761
326	2.22821
327	2.13284
328	1.05293
329	1.48392
330	1.56201
331	2.4447
332	1.70886
333	2.55222
334	1.99724
335	2.1788
336	1.73666
337	0.637787
338	2.04958
339	2.04835
340	2.81832
341	1.60259
342	3.12039
343	2.4786
344	2.89614
345	3.69626
346	1.94941
347	2.09463
348	3.4267
349	3.52714
350	4.26708
351	3.98922
352	4.21736
353	4.06178
354	5.43205
355	5.51616
356	5.20017
357	5.23979
358	5.87936
359	6.9302
360	6.68532
361	7.87289
362	6.70166
363	7.81608
364	5.95747
365	6.43428
366	7.13241
367	8.78005
368	8.56244
369	5.14947
370	6.27536
371	4.36279
372	7.58335
373	6.38723
374	8.94277
375	5.19159
376	9.15924
377	6.53207
378	5.79282
379	9.54069
380	11.4858
381	14.6255
382	15.8174
383	18.8729
384	22.1837
385	23.6523
386	20.5179
387	20.5344
388	24.9164
389	34.0242
390	29.7494
391	33.5982
392	30.055
393	41.8417
394	29.0617
395	38.5847
396	31.3419
397	39.9695
398	29.954
399	45.4314
400	35.7779
401	30.4305
402	38.6126
403	26.3664
404	39.5976
405	33.5442
406	37.8127
407	34.2007
408	15.1449
409	22.0496
410	32.0689
411	26.3189
412	34.9797
413	60.2896
414	44.8268
415	37.7455
416	41.5328
417	44.1668
418	56.7037
419	85.9425
420	59.0941
421	101.617
422	88.7107
423	124.637
424	104.603
425	107.529
426	91.3898
427	135.742
428	148.515
429	129.143
430	177.619
431	143.578
432	118.862
433	95.2096
434	124.562
435	128.117
436	191.196
437	234.248
438	217.539
439	212.216
440	236.89
441	247.814
442	271.593
443	298.78
444	297.737
445	323.1
446	289.498
447	277.322
448	392.083
449	328.915
450	384.124
451	309.387
452	317.449
453	350.39
454	349.33
455	373.864
456	381.439
457	408.378
458	408.767
459	390.155
460	428.732
461	410.959
462	409.574
463	340.398
464	313.559
465	306.248
466	284.254
467	215.208
468	258.203
469	317.251
470	314.921
471	397.491
472	477.338
473	393.779
474	626.371
475	565.239
476	454.397
477	285.737
478	460.217
479	555.202
480	599.942
481	435.645
482	652.773
483	811.182
484	988.031
485	1059.92
486	1006.16
487	1272.89
488	1462.37
489	853.512
490	700.845
491	603.974
492	1131.1
493	919.005
494	1273.37
495	1194.5
496	1652.48
497	1561.58
498	1369.15
499	1862.85
500	1582.12
501	1714.59
502	2252.61
503	2549.84
504	2459.75
505	2660.72
506	1522.37
507	1977.79
508	2293.84
509	3180.44
510	3706.74
511	4024.42
512	4050.76
513	3301.2
514	3282.06
515	4236.81
516	4406.63
517	4885.66
518	5847.31
519	5945.31
520	6277.44
521	5747.91
522	6859.56
523	7287.39
524	7174.4
525	5732.64
526	7665.94
527	7150.33
528	7271.22
529	7405.95
530	8712.65
531	7280.37
532	11133.5
533	9893.66
534	13150.8
535	13071.5
536	13174.8
537	13073.5
538	13990.9
539	14030.6
540	13717.7
541	14622.4
542	13118.3
543	14892.9
544	14153.2
545	12935.8
546	15709.8
547	14289.5
548	14059.7
549	14084.2
550	16426.3
551	16277.4
552	13408.9
553	13761.6
554	17092.7
555	20244.1
556	16697.4
557	18328.7
558	19025.5
559	19662.3
560	15475.2
561	20380.7
562	15365.1
563	17993.4
564	26167.3
565	21015.3
566	29039
567	14221.2
568	23789.5
569	19483.7
570	28784.2
571	18053.6
572	16538.7
573	12843.3
574	21281
575	19622.3
576	20473.1
577	25843.1
578	17468.7
579	18112
580	17779
581	19205.8
582	27109.8
583	29227.1
584	34737.6
585	30939.1
586	37907.6
587	32562.7
588	21888.1
589	34291.2
590	29300.8
591	43667.8
592	42380.6
593	50876.6
594	47595.6
595	46334.8
596	31779.4
597	41106.7
598	43904.1
599	43188.9
600	19900
601	41156.3
602	53550.8
603	32149.8
604	35910.6
605	30789.8
606	45613.2
607	25299.7
608	30074.7
609	37762.3
610	43556.9
611	54296.1
612	48815.6
613	63353.4
614	49161.6
615	55589
616	62171.6
617	14347.3
618	79049.1
619	7545.06
620	79864.3
621	135057
622	149731
623	126692
624	114653
625	111462
626	212151
627	173672
628	290453
629	192281
630	300686
631	173832
632	226592
633	229363
634	237002
635	285583
636	295307
637	337899
638	307916
639	321556
640	395882
641	424563
642	503538
643	528324
644	580398
645	479839
646	636088
647	644593
648	807244
649	674045
650	789339
651	530877
652	736585
653	620390
654	723738
655	846602
656	770666
657	875707
658	761473
659	843391
660	895422
661	1.15792e+06
662	1.04908e+06
663	1.05929e+06
664	1.10045e+06
665	1.08192e+06
666	1.25812e+06
667	1.23482e+06
668	1.09197e+06
669	1.10566e+06
670	1.00602e+06
671	1.32151e+06
672	1.49223e+06
673	1.39007e+06
674	1.25402e+06
675	1.59286e+06
676	1.6299e+06
677	1.92729e+06
678	1.81189e+06
679	1.74708e+06
680	1.57564e+06
681	1.10154e+06
682	1.47289e+06
683	1.49429e+06
684	2.02604e+06
685	1.90895e+06
686	1.73395e+06
687	1.75422e+06
688	1.43385e+06
689	2.05147e+06
690	2.07036e+06
691	2.32333e+06
692	2.14186e+06
693	2.60298e+06
694	2.67473e+06
695	2.48876e+06
696	2.44853e+06
697	2.62325e+06
698	1.87907e+06
699	2.33763e+06
700	2.6873e+06
701	2.68625e+06
702	1.40949e+06
703	1.5506e+06
704	2.508e+06
705	2.526e+06
706	2.6128e+06
707	2.32837e+06
708	1.818e+06
709	1.85614e+06
710	2.28473e+06
711	2.80937e+06
712	3.91951e+06
713	3.60568e+06
714	1.37486e+06
715	840183
716	694493
717	2.18464e+06
718	616891
719	220781
720	668836
721	1.47426e+06
722	3.86809e+06
723	5.70655e+06
724	4.5946e+06
725	6.48518e+06
726	4.28251e+06
727	5.31909e+06
728	5.00991e+06
729	5.46802e+06
730	2.63642e+06
731	4.4749e+06
732	3.554e+06
733	1.5846e+06
734	6.73864e+06
735	6.78463e+06
736	8.10226e+06
737	4.09492e+06
738	6.07029e+06
739	1.01787e+07
740	1.17242e+07
741	9.84026e+06
742	1.01034e+07
743	9.7564e+06
744	9.97058e+06
745	1.08888e+07
746	1.27383e+07
747	1.09028e+07
748	1.02986e+07
749	6.78345e+06
750	1.19113e+07
751	1.14847e+07
752	5.16631e+06
753	1.05194e+07
754	8.36625e+06
755	5.83859e+06
756	9.63083e+06
757	1.48407e+07
758	2.13789e+07
759	2.01527e+07
760	2.49677e+07
761	2.84284e+07
762	2.96653e+07
763	2.48158e+07
764	2.10542e+07
765	2.43641e+07
766	2.70755e+07
767	2.45881e+07
768	3.25107e+07
769	1.27935e+07
770	7.77977e+06
771	2.33499e+07
772	4.92727e+07
773	4.65987e+07
774	5.59029e+07
775	5.59214e+07
776	6.45667e+07
777	7.3542e+07
778	6.50714e+07
779	6.6653e+07
780	8.13332e+07
781	8.03231e+07
782	6.22278e+07
783	5.87478e+07
784	6.13852e+07
785	8.7614e+07
786	9.44124e+07
787	9.16136e+07
788	7.3395e+07
789	9.49965e+07
790	1.04771e+08
791	1.24913e+08
792	1.15708e+08
793	1.40728e+08
794	1.52984e+08
795	1.42804e+08
796	1.45487e+08
797	1.3146e+08
798	1.61873e+08
799	1.38717e+08
800	1.51338e+08
801	1.37335e+08
802	1.79145e+08
803	1.61827e+08
804	2.40458e+08
805	2.32667e+08
806	2.55737e+08
807	2.052e+08
808	1.86114e+08
809	1.68709e+08
810	2.02529e+08
811	2.02613e+08
812	4.96796e+07
813	2.3229e+08
814	2.07582e+08
815	2.48612e+08
816	1.02744e+08
817	6.09578e+07
818	1.87235e+08
819	1.2586e+08
820	2.8893e+08
821	2.15739e+08
822	4.18594e+08
823	3.38343e+08
824	5.06232e+08
825	3.5981e+08
826	4.87191e+08
827	1.39564e+08
828	2.89151e+08
829	2.74023e+08
830	4.5018e+08
831	2.44545e+08
832	4.30284e+08
833	2.11486e+08
834	4.55542e+08
835	3.12498e+08
836	6.27426e+08
837	7.0543e+08
838	8.61708e+08
839	7.37802e+08
840	6.63572e+08
841	7.06236e+08
842	7.40861e+08
843	8.24826e+08
844	1.17064e+09
845	9.15817e+08
846	7.55746e+08
847	9.78332e+08
848	1.27585e+09
849	1.10553e+09
850	1.20322e+09
851	1.18474e+09
852	1.67609e+09
853	1.60758e+09
854	1.59837e+09
855	1.64731e+09
856	1.8852e+09
857	1.68305e+09
858	1.19136e+09
859	1.73697e+09
860	2.00558e+09
861	2.34509e+09
862	1.75868e+09
863	1.36121e+09
864	1.65051e+09
865	1.27714e+09
866	1.58836e+09
867	1.82308e+09
868	2.35386e+09
869	2.07318e+09
870	2.82361e+09
871	1.85258e+09
872	2.64092e+09
873	2.70797e+09
874	3.62048e+09
875	3.35132e+09
876	3.94692e+09
877	3.56074e+09
878	4.96132e+09
879	4.72463e+09
880	4.91992e+09
881	4.79215e+09
882	5.28241e+09
883	5.59161e+09
884	5.8325e+09
885	6.75554e+09
886	7.38326e+09
887	6.06583e+09
888	5.08303e+09
889	5.9113e+09
890	6.20134e+09
891	6.618e+09
892	8.27473e+09
893	5.33861e+09
894	1.04498e+10
895	7.92128e+09
896	6.48499e+09
897	7.12272e+09
898	8.56974e+09
899	5.97622e+09
900	8.30061e+09
901	7.79657e+09
902	9.69569e+09
903	9.25228e+09
904	1.1128e+10
905	1.23949e+10
906	6.24455e+09
907	1.3486e+10
908	9.64907e+09
909	1.52878e+10
910	1.27291e+10
911	1.4318e+10
912	1.35253e+10
913	1.15289e+10
914	1.06424e+10
915	1.63582e+10
916	6.72107e+09
917	1.69232e+10
918	1.42418e+10
919	1.7475e+10
920	2.14095e+10
921	1.59684e+10
922	1.569e+10
923	9.31659e+09
924	1.87234e+10
925	1.87676e+10
926	3.24467e+10
927	2.50639e+10
928	1.98384e+10
929	2.4755e+10
930	2.41266e+10
931	3.45143e+10
932	3.35265e+10
933	3.45604e+10
934	3.02801e+10
935	3.63964e+10
936	2.85547e+10
937	3.88785e+10
938	1.76764e+10
939	3.25021e+10
940	2.84326e+10
941	3.16869e+10
942	3.70137e+10
943	2.92652e+10
944	4.48953e+10
945	1.82986e+10
946	2.95617e+10
947	2.07255e+09
948	3.34115e+10
949	2.05357e+10
950	2.0184e+10
951	3.23647e+10
952	2.87937e+10
953	5.75322e+10
954	4.81975e+10
955	5.37991e+10
956	4.92769e+10
957	8.62892e+10
958	3.86671e+10
959	2.85623e+10
960	9.20211e+09
961	2.1752e+10
962	1.30301e+10
963	1.0847e+10
964	-2.57539e+10
965	2.91952e+10
966	2.01389e+10
967	1.86284e+10
968	5.0517e+10
969	8.96582e+09
970	5.41263e+10
971	6.83834e+10
972	5.77818e+10
973	4.04947e+10
974	1.08008e+11
975	1.15479e+11
976	2.06707e+11
977	2.2247e+11
978	7.85354e+10
979	2.36926e+11
980	3.11652e+11
981	3.22567e+11
982	1.86387e+11
983	2.71418e+11
984	2.27728e+11
985	3.11114e+11
986	3.79062e+11
987	4.11322e+11
988	5.49151e+11
989	4.93255e+11
990	4.68866e+11
991	3.7292e+11
992	5.62979e+11
993	3.8907e+11
994	6.72812e+11
995	4.87263e+11
996	6.1739e+11
997	5.0171e+11
998	5.89665e+11
999	5.95054e+11
1000	7.21188e+11
