/*--------------------------------*- C++ -*----------------------------------*\
| =========                 |                                                 |
| \\      /  F ield         | OpenFOAM: The Open Source CFD Toolbox           |
|  \\    /   O peration     | Version:  v1912                                 |
|   \\  /    A nd           | Website:  www.openfoam.com                      |
|    \\/     M anipulation  |                                                 |
\*---------------------------------------------------------------------------*/
FoamFile
{
    version     2.0;
    format      ascii;
    class       volVectorField;
    location    "0.29";
    object      U;
}
// * * * * * * * * * * * * * * * * * * * * * * * * * * * * * * * * * * * * * //

dimensions      [0 1 -1 0 0 0 0];


internalField   nonuniform List<vector> 
1466
(
(0.0669779 2.2249 0)
(0.0274951 3.17608 -9.00675e-17)
(0.675082 -0.0965089 -1.51098e-16)
(0.0612735 2.03361 1.26499e-16)
(-0.18842 -0.0762756 -7.32278e-16)
(-4.78697 -0.231071 -2.43974e-16)
(-0.251057 -0.14581 3.06658e-16)
(-1.07297 -0.832857 3.99811e-16)
(-1.40827 -0.338802 1.40253e-16)
(-0.658978 0.210463 7.35679e-16)
(0.370005 -0.374199 -1.65392e-16)
(2.22916 2.49191 1.06936e-16)
(-0.0961382 -0.0701955 1.03142e-17)
(0.691281 1.78145 -1.02308e-16)
(1.82028 0.258918 -2.24214e-18)
(0.0558803 0.99825 -6.35368e-21)
(0.670566 -0.0146733 6.84026e-17)
(-0.0122041 1.89767 -1.26121e-16)
(0.66195 -0.575836 -1.57827e-16)
(0.089704 1.78176 0)
(0.193497 -0.463712 1.49951e-16)
(1.10602 0.454018 -3.24254e-16)
(2.5343 0.0800659 0)
(0.111988 3.01131 5.58687e-17)
(0.840089 1.72776 -1.54452e-16)
(0.175386 -0.140991 2.00646e-16)
(0.211157 0.0430652 2.21797e-16)
(1.59261 0.550092 2.4883e-16)
(0.0401284 -0.0862979 0)
(-1.85683 -0.346428 3.79406e-16)
(-0.231176 -0.670157 0)
(-5.42389 -0.466433 4.06842e-16)
(0.59737 0.499936 -3.03234e-16)
(-1.99685 -0.343633 -9.01037e-17)
(0.239059 1.77765 0)
(1.36278 0.251128 2.46923e-17)
(-0.670054 0.226923 -1.35793e-19)
(1.1329 -0.141507 0)
(-4.80374 -1.19892 -3.04461e-16)
(1.44779 0.289115 2.81422e-16)
(2.61529 2.193 -1.21456e-16)
(0.670272 0.296242 -1.85839e-16)
(-1.35314 -0.411866 -3.87798e-16)
(-1.07146 -0.641767 2.20399e-18)
(2.86898 1.05379 0)
(-1.76942 -0.556186 3.24105e-19)
(1.08691 -0.278326 -1.64712e-16)
(-0.00152771 1.59163 9.13411e-17)
(0.568155 0.238129 -2.66437e-16)
(0.336314 -0.411195 -8.37391e-17)
(-0.151006 -0.399647 0)
(-0.873579 0.0457278 -2.93262e-16)
(-0.124176 -0.283785 4.50935e-16)
(-3.37372 0.0489209 2.88831e-16)
(1.61004 0.226005 3.68508e-16)
(0.501601 1.18303 -1.15398e-16)
(1.44602 -0.236455 0)
(0.504335 -0.471699 3.06008e-16)
(0.724142 0.0958994 1.43084e-17)
(0.330116 0.81301 0)
(0.0283664 1.10075 -2.28799e-18)
(-2.39198 -0.259975 9.20759e-17)
(-0.0343436 -0.275243 1.48559e-16)
(-6.26204 -0.513704 -2.20009e-16)
(-0.112835 2.53518 1.50767e-16)
(0.194935 1.73884 -3.08371e-17)
(0.745456 1.58144 -3.29873e-17)
(0.0360107 -0.472763 -1.94107e-16)
(-0.023463 2.04527 -1.13844e-17)
(0.874512 0.486132 0)
(0.248197 -0.177894 0)
(0.0372443 2.14884 -5.22075e-17)
(0.901012 -0.0461434 -5.12086e-16)
(0.161303 2.02987 -1.77988e-16)
(0.437922 0.0751566 3.94424e-17)
(1.20796 0.259103 -1.74018e-16)
(0.117979 1.96724 4.39767e-17)
(-0.0222643 1.9954 1.58051e-16)
(-0.283018 0.0802826 0)
(0.208496 0.951134 0)
(0.542385 -0.307677 -3.39782e-17)
(0.240481 1.81714 1.79795e-16)
(1.77088 -0.192513 0)
(0.509868 0.177149 1.6711e-18)
(0.840731 -0.0399283 1.88545e-16)
(0.525945 -0.275608 -9.44856e-17)
(0.804428 -0.0487567 -2.50228e-16)
(-0.322524 1.523 1.28606e-16)
(0.328138 1.86648 -3.36229e-17)
(0.280884 2.2557 5.41891e-18)
(0.157186 2.09242 9.133e-17)
(0.153245 -0.117979 0)
(-0.0542443 0.691354 -6.48036e-17)
(0.0336792 2.05407 1.67996e-16)
(-0.364 -0.288782 0)
(0.183954 -0.25862 -2.09252e-16)
(0.123188 2.10411 5.37848e-16)
(0.870417 0.153906 0)
(0.172787 2.2164 1.28511e-16)
(0.186648 1.98007 -1.44514e-16)
(-0.149091 0.0344589 0)
(1.69895 0.864858 -7.5884e-17)
(0.798004 0.084245 3.86068e-16)
(-0.0544101 1.2279 -1.46982e-16)
(1.52977 -0.453781 0)
(-2.10746 -0.625903 -2.09408e-16)
(-0.118471 -0.402382 1.75159e-16)
(1.69593 -0.354622 -6.2379e-18)
(0.175404 2.75046 4.20103e-17)
(1.1977 1.31852 5.40289e-18)
(0.650951 0.0549708 1.96292e-17)
(0.168524 -0.179381 5.24331e-16)
(-1.17387 0.356771 -3.02155e-16)
(1.06243 -0.135647 -3.9858e-20)
(-0.0920996 -0.186056 -2.05481e-17)
(0.0644541 -1.45567 0)
(0.315201 1.79412 -7.14276e-17)
(0.454619 1.87864 4.94e-16)
(0.248227 2.29164 2.69103e-17)
(0.546865 -0.227994 -4.58174e-16)
(-0.21588 -0.301232 1.88156e-16)
(0.100382 2.1657 0)
(0.17209 0.723254 -7.39644e-17)
(-0.360604 1.34308 -6.767e-17)
(0.320445 1.65575 2.68174e-16)
(-0.153989 -0.37472 -1.23833e-16)
(0.0362531 0.0974337 2.87855e-17)
(0.0107083 1.2701 0)
(-0.0852899 0.3141 6.5122e-17)
(1.30152 1.71953 -2.49301e-16)
(0.459838 0.0419798 1.23644e-16)
(0.0423944 1.94134 -1.74646e-20)
(0.406326 1.34125 2.07909e-17)
(1.04307 2.00792 -4.96823e-17)
(-0.0502026 -0.326339 -1.08393e-17)
(0.0872809 1.0474 1.48217e-16)
(0.801188 0.369693 0)
(0.753727 -0.0812565 0)
(3.33735 0.619926 2.56912e-17)
(0.0693452 1.28826 8.49731e-17)
(-0.592009 0.326351 -9.9163e-17)
(-0.049503 -0.150135 -1.71008e-16)
(-0.111889 0.000638065 7.8423e-17)
(-0.0340907 1.37306 -4.07712e-16)
(3.12244 0.7968 1.03159e-16)
(0.514188 0.679602 0)
(-0.564231 0.442195 0)
(0.121531 1.52252 0)
(0.797939 2.3433 5.71864e-17)
(0.871297 -0.0380814 2.4576e-16)
(-0.112675 -0.0336365 -1.55896e-16)
(0.191057 0.309942 4.28302e-18)
(0.30043 2.15811 1.0375e-16)
(0.0986762 2.49035 -1.69485e-17)
(0.217697 2.13059 -1.43868e-16)
(0.192664 -0.105864 -9.10501e-17)
(0.00136119 2.12903 -3.023e-16)
(-0.544714 1.7204 1.64889e-16)
(0.0472062 -0.456475 -7.58798e-17)
(0.204618 1.63912 0)
(2.00838 0.86101 8.61074e-17)
(0.217349 1.81352 -2.13796e-17)
(0.0348672 2.55885 2.18858e-16)
(-0.00389979 -0.294021 1.89566e-16)
(1.36713 0.797203 -4.15582e-18)
(-0.0117068 1.11357 -2.94453e-19)
(0.60577 0.561549 0)
(0.419433 0.535668 9.13491e-17)
(0.122526 1.55408 4.15891e-18)
(0.235691 0.250088 3.61795e-16)
(0.450987 -0.187098 2.59753e-16)
(0.577546 -0.237111 2.46829e-16)
(0.155438 0.213334 0)
(0.385412 2.46903 7.06359e-17)
(0.134372 -0.0852162 -8.43201e-16)
(-0.0525049 2.52319 1.41149e-16)
(1.08359 0.684552 1.4344e-16)
(0.110621 0.565525 -2.28472e-17)
(1.74549 0.474984 -1.16445e-16)
(0.0173439 0.641015 2.24927e-17)
(-0.0231371 2.0852 -1.6681e-16)
(1.27084 -0.531461 1.86142e-16)
(0.392295 0.0002483 -3.14462e-16)
(0.242161 1.80296 -4.49934e-16)
(-0.212646 1.99977 -3.00589e-16)
(0.638498 1.7488 4.89916e-16)
(1.35506 -0.426537 0)
(0.11508 -0.86194 0)
(1.37564 -0.0104093 -4.71481e-17)
(-0.0118405 1.2607 0)
(-0.211475 1.34903 0)
(0.0910911 1.20038 1.14613e-16)
(0.227107 1.83697 1.85838e-17)
(-0.0967593 2.43931 -6.04733e-17)
(1.24096 -0.454466 2.44865e-19)
(0.00749296 2.10405 0)
(3.53673 0.490233 -3.2561e-17)
(1.38693 0.979072 -1.12112e-17)
(1.32937 1.11651 -1.07836e-17)
(1.10178 1.42718 -5.10901e-18)
(-0.754011 0.904688 -8.93326e-17)
(0.295873 -0.215004 3.1931e-16)
(1.61153 -0.44286 -5.12898e-17)
(0.158225 1.6459 2.21848e-16)
(0.361762 0.51912 0)
(0.534949 0.341806 3.44258e-16)
(1.31205 -0.523415 1.40336e-16)
(-2.08475 -0.537732 1.07495e-16)
(1.34259 0.51825 4.31793e-17)
(0.93077 0.375375 9.53279e-18)
(1.1728 0.691837 4.58132e-17)
(-0.835415 1.17796 1.00703e-19)
(0.225125 -0.254149 -1.10075e-16)
(0.791475 -0.147547 -6.69902e-20)
(0.20998 2.26981 -6.28317e-17)
(1.3783 -0.246496 2.35745e-17)
(0.172248 0.329793 -8.28731e-17)
(-0.482318 0.103583 0)
(0.251289 1.9672 0)
(0.115891 2.16365 -4.13938e-20)
(0.252027 2.07449 1.33116e-16)
(0.182503 2.31283 0)
(0.125472 1.55204 5.26714e-17)
(0.957604 -0.238639 3.5951e-17)
(0.199117 2.51817 -3.83223e-17)
(0.823609 -0.241501 0)
(0.835733 1.33232 7.06238e-17)
(0.323892 1.0964 1.11065e-16)
(-0.68453 -0.0277494 2.64265e-18)
(-0.330658 0.207043 -3.77914e-16)
(0.712386 -0.116428 2.69205e-16)
(-0.440585 0.949774 0)
(0.347171 1.7668 -1.06412e-16)
(0.5925 0.0521082 8.52301e-20)
(1.8173 0.0214788 0)
(0.711285 0.883294 0)
(0.543755 0.0215681 0)
(-1.60284 -0.530167 -4.9898e-16)
(0.497133 -0.00552574 -1.16256e-16)
(0.919681 1.50926 0)
(-0.90227 -0.0829891 1.47506e-16)
(0.444078 -0.0482336 3.32636e-16)
(0.323383 -0.0825468 -3.96787e-17)
(0.985123 0.466362 -7.20579e-16)
(0.844669 0.597338 0)
(-0.860713 -0.0952522 -1.63422e-16)
(0.130482 -0.035097 -5.63815e-19)
(-0.286566 -0.173267 3.38755e-16)
(-0.786075 0.0522665 0)
(-0.727329 -0.148564 -5.59885e-18)
(0.27666 2.01788 -5.88932e-16)
(1.48133 2.16769 -7.13206e-17)
(0.457747 0.219436 -1.33848e-16)
(-0.501503 0.834459 4.4337e-16)
(0.422395 1.47013 0)
(1.19441 2.23241 1.24987e-16)
(0.997352 1.04602 -1.07142e-17)
(1.12207 0.742458 -5.58989e-17)
(-0.853646 -1.18416 1.18272e-16)
(-0.0608237 0.329397 -1.18765e-16)
(0.722836 -0.15263 -7.08599e-20)
(0.86835 -0.14664 2.60185e-16)
(1.17947 2.11173 9.51553e-19)
(0.282433 1.66178 -2.12781e-17)
(-3.10655 -0.115588 -1.43838e-16)
(1.88269 0.118241 -2.1979e-16)
(-2.03749 -0.722869 9.21986e-17)
(-0.662243 0.663897 1.53879e-19)
(0.376319 -0.217111 -6.7225e-17)
(0.068764 2.16233 -4.74411e-17)
(0.645097 2.44005 -7.15763e-17)
(0.0127217 2.06061 5.08873e-17)
(0.670869 -0.089812 3.00472e-17)
(0.518422 0.813525 2.79888e-18)
(0.957745 -0.126289 -3.88638e-16)
(0.697657 0.137312 6.14903e-17)
(-0.470665 0.645464 1.32582e-16)
(0.473251 1.07457 0)
(0.0509382 1.37601 -5.30547e-18)
(0.663973 0.471237 1.95788e-16)
(1.09151 1.05083 2.30992e-17)
(-0.88498 -0.0222306 0)
(-0.523702 -0.174609 -5.02378e-19)
(-0.10686 0.00581618 4.96971e-18)
(0.336709 -0.664953 -8.61224e-17)
(0.657834 -0.0318357 -9.66703e-17)
(0.34644 -0.446658 0)
(0.434166 -0.0612209 0)
(0.523574 2.20237 2.36096e-16)
(0.134745 1.26096 1.17914e-16)
(0.74579 -0.223737 -2.10957e-16)
(-2.09301 -1.28102 -4.21853e-17)
(0.418459 -0.431553 -4.22196e-17)
(0.684487 0.264117 0)
(0.352584 0.106386 -1.869e-16)
(0.363217 -0.329509 0)
(0.303388 -0.374831 8.51539e-17)
(-1.01459 -1.25861 1.32245e-18)
(0.264397 -0.353561 0)
(0.277251 0.544678 -2.04894e-16)
(0.324014 -0.385285 -6.1641e-17)
(-1.01244 1.24762 3.4905e-16)
(0.122026 0.127971 -4.02953e-17)
(0.34081 -0.436228 7.77963e-17)
(1.684 0.400068 2.14829e-16)
(0.80393 0.383006 -3.6923e-16)
(-0.533461 -0.135101 -1.64023e-16)
(0.51659 0.0638053 -1.32977e-16)
(-0.277834 0.00786591 5.06568e-18)
(-4.63975 -2.70881 1.68713e-16)
(-0.347318 0.472947 3.13418e-16)
(-0.387877 -0.159223 3.94181e-17)
(0.377654 -0.257262 -1.31258e-16)
(1.05736 3.03323 -1.63298e-16)
(0.437954 0.117574 6.71586e-17)
(0.261932 -0.130717 -2.48286e-17)
(-0.788558 0.725052 -6.09323e-20)
(0.0812139 -0.128576 1.93254e-16)
(3.74019 0.690256 0)
(-0.00115852 0.146313 -3.8154e-17)
(0.809478 -0.313109 -2.94315e-17)
(0.187142 1.48803 -1.4901e-16)
(0.357859 -0.0561493 5.92917e-16)
(1.65609 0.0113855 -1.47444e-16)
(-0.127895 0.00172827 1.77377e-16)
(-0.961122 0.0315459 -1.14635e-16)
(0.0688763 -0.0499671 2.08955e-17)
(-0.363733 -0.0922003 0)
(0.290294 -0.0761452 0)
(0.589459 -0.161551 -1.40665e-16)
(-0.650238 -0.134613 0)
(1.59087 -0.114137 3.13827e-16)
(0.154948 -0.0455926 1.95264e-17)
(1.14541 -0.0941665 0)
(-0.312777 0.00593665 -1.18894e-17)
(1.76038 -0.0292385 0)
(-0.0341401 -0.0440427 -4.87121e-17)
(0.022515 -0.0354087 -1.26418e-16)
(-0.986306 0.170401 -1.36939e-17)
(0.344175 -0.0967948 1.50356e-16)
(-1.2219 -0.206833 0)
(1.28026 -0.272849 -2.47405e-16)
(-0.6623 0.132467 0)
(-0.195347 -0.0661132 0)
(-0.88817 -0.0517533 -1.2461e-16)
(0.16721 -0.0151366 0)
(-1.46114 0.030122 -7.1712e-17)
(0.250142 -0.166353 8.24245e-17)
(0.0348686 -0.398314 1.05493e-16)
(0.375295 2.05736 -2.62646e-16)
(0.386411 0.275496 5.20624e-17)
(0.660501 -0.146853 5.16642e-16)
(0.490709 0.479284 -4.91326e-17)
(0.620174 0.110774 -4.07552e-16)
(0.567443 0.0831994 2.3615e-16)
(0.216621 -0.158991 -4.57677e-18)
(-0.77564 0.962518 -3.3139e-16)
(-0.107887 1.24868 3.20755e-16)
(-4.78959 -2.61946 -1.97962e-19)
(0.413224 -0.386787 -1.93406e-16)
(0.565699 1.82197 0)
(0.344261 1.36771 1.54145e-16)
(0.061001 1.56743 1.64313e-16)
(1.13709 -0.0208866 -2.38557e-16)
(-0.0815241 2.69919 2.56282e-17)
(-0.607211 -0.131822 0)
(-0.0482886 -0.061001 -2.15958e-17)
(0.248456 -0.0464892 -1.41011e-17)
(0.774857 -0.281001 1.17291e-16)
(-1.56778 -0.166013 0)
(0.220907 -0.024698 1.87523e-17)
(0.060221 -0.0223313 -8.96102e-17)
(-1.35666 0.105673 -2.23969e-16)
(1.76571 -0.0806784 0)
(0.82884 -0.0518556 -3.82468e-16)
(-0.430586 -0.0130133 0)
(-0.881995 0.102325 7.9505e-17)
(-2.13996 0.477284 -7.4687e-18)
(0.825219 -0.113445 3.52424e-16)
(-0.067357 -0.003128 -2.14823e-16)
(0.699371 -0.0523404 2.56284e-17)
(0.577056 3.0967 -1.7861e-17)
(0.259098 -0.329026 -7.50828e-18)
(-0.227495 -0.198778 -8.20419e-17)
(0.339439 3.02645 -1.56622e-17)
(0.427865 -0.459335 3.75105e-16)
(0.549461 -0.0958731 9.63763e-17)
(0.408081 -0.287796 0)
(0.532925 -0.0443853 0)
(-0.222637 -0.551836 0)
(-0.163521 -0.500267 3.38309e-16)
(1.63321 1.26504 0)
(0.0804418 2.52271 9.24103e-18)
(-0.00630866 -0.358321 7.80543e-17)
(-0.206537 0.0765918 -4.09423e-17)
(1.33732 0.811125 -6.51215e-17)
(0.00930193 2.08529 1.36647e-18)
(0.193442 -0.104247 -1.3348e-16)
(1.45453 -0.401173 -7.72066e-17)
(-0.0580518 -0.0427361 5.13306e-17)
(-0.488228 0.360167 3.45102e-17)
(0.223933 -0.107308 -3.94989e-18)
(-0.0119735 2.47112 -1.23094e-16)
(0.628481 -0.123121 -2.50674e-17)
(2.64285 0.986665 0)
(0.253825 -0.807539 2.47444e-16)
(-0.0160234 0.828135 -1.24082e-16)
(-2.94392 -1.68063 -2.02568e-16)
(0.868937 -0.558597 -8.36259e-17)
(-1.20105 -0.604122 -8.97971e-17)
(0.397561 -0.443016 2.04033e-17)
(-0.125412 2.88624 -2.49807e-16)
(0.288955 -0.238714 5.41555e-17)
(0.0778928 2.9801 2.72393e-17)
(-0.40434 0.117023 -4.56153e-17)
(-0.0314181 -0.196147 1.5251e-16)
(0.11768 0.881636 -3.03532e-17)
(1.22056 1.07816 2.26113e-19)
(-0.0716191 -0.468327 0)
(-0.0237175 -0.37547 0)
(0.865441 0.582545 6.35235e-16)
(-0.155169 -0.496823 8.31562e-17)
(0.526043 0.648555 -1.52571e-16)
(-0.309797 0.287659 5.79834e-16)
(0.121833 0.581601 -3.4096e-16)
(0.0660037 0.681364 7.10505e-16)
(-0.146859 0.59077 -1.62744e-16)
(0.11536 0.405188 -4.43537e-16)
(-0.249334 0.0698692 -3.2084e-16)
(-0.141496 0.154713 -3.39644e-16)
(-0.629705 0.517852 -1.92592e-17)
(0.435855 -0.376995 -4.12329e-17)
(0.0944633 0.365771 3.87093e-17)
(-0.10133 1.85485 -1.46004e-18)
(0.402806 0.0302939 -1.19e-16)
(-0.328056 1.45298 -1.54431e-16)
(-0.205337 0.641839 2.7067e-16)
(-0.831097 -0.798781 2.26562e-16)
(0.661993 0.709946 4.03404e-16)
(1.34458 1.93288 -1.47529e-16)
(0.347274 2.08375 -4.07732e-17)
(-0.16879 -0.531424 0)
(0.129858 1.96253 3.14467e-16)
(0.374248 -0.0679614 4.32529e-17)
(1.16094 1.30641 -2.0312e-16)
(-0.12872 1.05593 -2.48797e-16)
(1.2201 2.09235 0)
(0.815819 1.73078 2.50429e-16)
(-1.17587 -0.101515 0)
(1.08418 0.725621 6.07632e-17)
(-1.88194 -0.803036 1.89884e-16)
(-0.350747 0.69479 0)
(0.139543 -0.227782 -4.99893e-17)
(0.653738 0.614181 -3.33604e-16)
(-0.0256742 1.18116 -8.61992e-17)
(0.30799 0.310023 -3.17523e-16)
(0.498463 1.56379 -6.56295e-19)
(-0.0109793 1.29179 0)
(0.0732575 -0.0795713 0)
(0.765399 0.274985 -1.08251e-16)
(0.0244992 1.43814 1.71339e-16)
(0.226025 0.333108 3.29227e-18)
(0.454371 0.362459 3.14882e-16)
(0.767847 0.265553 3.52114e-16)
(0.0945495 2.08901 -5.82007e-17)
(0.118121 1.76809 0)
(-0.000351688 1.53149 1.80794e-16)
(0.482804 -0.668743 -1.05408e-17)
(-0.617863 0.43257 0)
(0.355206 -0.47189 1.07848e-16)
(0.0951636 1.85039 3.08973e-17)
(0.521272 0.279608 -3.19635e-17)
(0.628689 -0.00720897 -2.60159e-16)
(0.24629 0.0115065 6.64449e-17)
(-4.02006 -0.290659 -5.74966e-16)
(-0.219832 -0.694603 -6.69553e-16)
(0.00609621 -0.149996 0)
(0.0446135 -0.19578 -4.67506e-17)
(0.52764 -0.623237 -1.17194e-16)
(-5.68907 -1.06326 1.37138e-16)
(-0.659069 0.269758 -4.97596e-17)
(0.5379 -0.930745 -4.78731e-17)
(-5.13886 -0.721775 2.54234e-16)
(0.278243 -0.828453 -1.50309e-16)
(-0.0993164 -0.511168 0)
(-0.891009 -0.163422 1.20711e-16)
(0.540974 -0.794401 -4.95046e-16)
(0.2611 -0.594585 6.07767e-17)
(-4.05286 -0.74645 -1.28196e-16)
(3.74641 0.522336 -3.17133e-17)
(-0.408854 -0.579919 -1.57931e-16)
(-0.794182 -0.542301 -8.21492e-17)
(0.352259 -0.610555 8.83456e-17)
(0.228825 -0.535411 -4.18159e-17)
(-0.66616 2.72202 0)
(0.186745 -0.695327 1.53421e-16)
(-5.22406 -1.30391 -1.214e-18)
(0.064299 1.56193 1.41625e-16)
(0.0936818 1.91165 -1.10409e-17)
(0.156 2.05517 9.90818e-18)
(-1.16431 -0.78365 1.6358e-16)
(0.727444 -0.241718 1.11758e-17)
(-0.371652 2.67755 3.76747e-17)
(0.110877 3.00533 -3.81035e-17)
(0.224999 -0.370038 4.45211e-17)
(-0.0912705 2.3064 -9.00549e-17)
(3.42905 0.538513 2.34475e-16)
(0.672176 0.259911 -1.83756e-17)
(1.82703 1.69784 -2.796e-16)
(0.90115 0.70486 -8.93549e-18)
(1.5027 2.11353 -3.34786e-16)
(-0.515805 -0.665905 0)
(1.68189 2.11306 2.10136e-16)
(0.523246 -0.0707701 7.18226e-17)
(0.124576 -0.447618 -6.03471e-18)
(1.58029 1.7005 -6.42532e-17)
(-0.83349 -0.791808 2.46019e-18)
(0.241859 -0.180458 -9.17095e-17)
(0.640922 0.245402 -5.18612e-16)
(0.599584 -0.0310871 -1.85176e-16)
(0.489808 0.0307933 8.88786e-16)
(-0.245349 -0.197217 5.36764e-17)
(0.00560509 2.0328 1.16719e-18)
(0.365843 0.0848901 3.06391e-16)
(0.44883 0.817958 0)
(-0.240521 -0.544092 2.54455e-16)
(-0.00242774 2.08141 0)
(0.0789492 2.00322 7.71299e-17)
(-0.185365 -0.296998 8.47757e-17)
(0.128904 -0.333984 -4.88614e-17)
(-0.118537 -0.653781 3.23927e-16)
(-0.0263141 1.6344 -4.19305e-17)
(1.02579 0.674992 -5.49319e-17)
(1.43058 1.18324 1.05169e-16)
(0.307515 -0.349614 0)
(0.10935 1.85399 0)
(1.87351 1.26782 1.38853e-16)
(0.111573 1.8687 -3.08543e-17)
(0.446203 -0.336957 -4.24391e-17)
(-0.171086 -0.450682 -4.21028e-16)
(0.0985759 1.85778 3.83754e-17)
(0.0277141 1.02614 4.64136e-17)
(0.855026 1.9444 2.03548e-16)
(0.090562 1.48313 -1.27423e-16)
(1.322 1.16064 8.61612e-17)
(0.323127 -0.600085 -4.63211e-17)
(-0.344033 -0.0531144 0)
(-0.196436 -0.901052 0)
(-0.109549 0.501088 0)
(-0.983027 -0.677487 8.83406e-17)
(0.726321 0.0637023 2.643e-16)
(1.75489 -0.370465 -7.08666e-18)
(0.126238 1.40446 7.48387e-17)
(-0.0677443 0.364294 8.27601e-17)
(-0.0717189 1.16975 -1.2591e-16)
(0.35113 1.60011 0)
(-0.875881 0.528405 -1.32726e-16)
(0.332613 -0.250001 -5.64237e-17)
(0.285779 0.7982 -1.30361e-16)
(1.31807 2.22031 -5.17945e-17)
(0.222387 -0.2262 4.9678e-16)
(0.254072 -0.434258 1.25101e-17)
(-0.0897567 0.72765 8.54432e-17)
(-0.363369 -1.26553 0)
(2.96402 0.727519 -3.91371e-16)
(0.21144 0.464897 -9.16341e-17)
(0.884028 -0.394911 0)
(0.496047 0.762738 4.23182e-17)
(1.70702 1.60043 -8.82676e-18)
(-0.0138358 -0.998269 2.13045e-17)
(1.97983 -0.157081 0)
(0.482403 1.21167 0)
(2.00185 1.96288 7.03339e-17)
(2.57482 1.16258 1.48139e-16)
(-0.0231184 0.433068 -7.193e-17)
(2.04826 2.01122 8.59235e-17)
(0.615382 0.251553 1.3142e-16)
(0.220495 -0.232563 0)
(1.85351 1.92621 -9.70427e-17)
(2.09897 2.08398 6.98553e-17)
(0.365582 -0.300714 -1.05065e-16)
(1.24701 0.345389 7.57624e-17)
(0.142257 1.39877 0)
(-0.0535111 2.13281 2.06048e-16)
(1.2373 -0.306223 0)
(-3.47677 -1.56186 -1.19654e-18)
(-1.10864 -0.570875 -1.71602e-16)
(-0.296521 0.163239 8.63371e-17)
(-0.15197 -0.616559 0)
(1.17338 0.308486 9.82061e-17)
(-0.134597 0.20987 -2.10668e-17)
(1.1026 0.264239 1.54733e-16)
(3.58013 0.892675 3.19507e-16)
(0.535957 0.132653 0)
(-0.831022 -0.712783 0)
(0.223114 0.128821 -8.40199e-17)
(0.528227 1.82567 -6.79664e-17)
(-0.0907042 -0.0664179 -1.20121e-17)
(0.0101381 -0.306915 0)
(-0.0592173 1.72693 -1.46638e-16)
(-0.862509 -0.427385 1.51446e-16)
(-0.835242 -0.456548 -1.69035e-16)
(0.650744 0.29099 -3.35927e-16)
(0.146437 0.248151 3.86371e-16)
(0.208832 -0.155581 2.20313e-16)
(0.739332 2.23718 2.10577e-16)
(0.350716 1.47496 0)
(0.339872 -0.292198 -1.58353e-16)
(-0.588958 0.163049 -3.76434e-20)
(-0.0696703 -1.36069 3.92064e-16)
(-0.0376935 0.270291 -1.17426e-17)
(-0.839945 -0.577551 7.24157e-17)
(0.876058 -0.106129 2.54951e-16)
(-0.597701 -0.754255 -3.50117e-16)
(0.0951566 0.0203357 0)
(0.215756 -0.1693 -2.03049e-16)
(-0.496402 -0.687433 -8.91747e-18)
(0.34889 1.70273 -4.46314e-16)
(0.399265 1.92768 -2.99596e-19)
(-0.733776 -0.0989839 -1.78628e-16)
(0.439741 0.510021 -1.76214e-16)
(0.942815 -0.490016 -1.32171e-16)
(0.496581 -1.38649 -3.26157e-19)
(0.247471 0.103321 0)
(-0.265264 0.380675 0)
(1.72506 1.69523 -1.18871e-16)
(0.63455 0.0737788 -1.04508e-16)
(0.819843 0.676221 -4.83713e-17)
(0.907708 -0.576699 -8.33577e-17)
(-0.0331996 0.917064 -1.20781e-16)
(1.43713 1.96339 0)
(-0.0888597 -1.39449 -1.65097e-17)
(0.174278 0.139406 -2.25021e-17)
(0.935922 0.0884261 2.08907e-17)
(0.3082 1.95691 6.426e-17)
(0.0397118 0.209599 2.49634e-17)
(0.132204 2.03237 0)
(0.104378 0.912896 8.14724e-18)
(-0.837333 -0.482732 -7.85459e-17)
(0.188558 0.365907 8.06984e-17)
(0.893119 -0.569854 0)
(0.166367 1.90702 1.35737e-19)
(1.65219 -0.261152 -5.47232e-17)
(0.943595 1.51945 -1.9476e-16)
(0.298315 -0.151254 3.77106e-17)
(1.47967 1.20689 0)
(0.101913 0.195768 -3.71771e-16)
(0.615741 2.19014 -2.58045e-16)
(-0.837017 -1.5518 1.5014e-16)
(0.870781 -0.462781 0)
(0.507039 0.405544 -4.04336e-17)
(-0.31005 0.0150199 0)
(0.140375 0.151601 0)
(0.084335 1.52905 0)
(0.278399 -0.440499 -7.32165e-17)
(1.09161 1.2798 2.0643e-16)
(-0.882487 -0.276823 9.59059e-17)
(-0.162365 2.57435 6.669e-16)
(0.829759 -0.265534 -4.73916e-17)
(-0.171925 0.0954018 -2.92957e-18)
(0.07923 0.902937 7.07108e-21)
(-0.0129569 0.468113 -6.9364e-18)
(2.25251 1.24273 -1.46608e-16)
(0.556528 -0.448296 1.3195e-16)
(-0.34949 -0.199567 1.16325e-16)
(0.0721677 1.21356 -9.40905e-17)
(1.8885 1.85693 1.24386e-16)
(0.505191 -0.140835 -4.10624e-16)
(0.0335528 0.316652 0)
(0.247942 -0.0423286 -8.71693e-18)
(0.777965 -0.0285803 3.68668e-17)
(-0.115898 0.28668 9.46362e-17)
(0.637373 0.0259325 9.85415e-17)
(-0.0607169 0.221342 1.59214e-16)
(-0.0546558 0.067136 -2.08447e-16)
(1.47385 0.080149 -7.44876e-19)
(0.923097 -0.418348 -2.67642e-19)
(0.106086 0.629697 0)
(-0.207387 0.506823 0)
(-0.200654 -0.551638 4.11664e-17)
(-0.859074 -0.0619272 3.65941e-21)
(0.118589 0.561052 1.78754e-16)
(0.489708 0.0634203 0)
(0.273584 0.229804 1.34839e-16)
(0.599022 0.158051 0)
(0.163608 -0.108435 0)
(-1.14229 -0.524096 6.40119e-17)
(0.395874 -0.246298 -1.53404e-16)
(-0.362826 0.0374266 -4.50284e-17)
(-0.207885 1.65789 -3.29056e-17)
(0.258066 2.07347 7.0678e-17)
(0.74338 0.199885 -1.19611e-17)
(0.650897 0.859606 2.75721e-16)
(-0.0187662 -0.503139 1.19391e-16)
(-0.41145 1.7819 -1.5896e-16)
(0.821816 0.689809 3.40066e-17)
(0.652214 0.68861 8.82832e-17)
(0.584695 -0.14934 -1.7866e-16)
(0.305386 -0.143386 9.95412e-17)
(-0.0478681 0.0478344 -2.30919e-16)
(1.87486 2.13421 1.89282e-16)
(0.347869 0.233759 -1.69007e-16)
(0.304207 0.358545 9.46242e-17)
(0.106871 1.67594 2.86675e-19)
(-0.100299 -0.200739 1.3356e-16)
(0.198134 2.44287 -2.25701e-17)
(-0.00266829 0.372578 0)
(-0.409284 0.786734 0)
(1.99791 2.0907 -1.87341e-16)
(-0.847738 -0.277351 8.27998e-17)
(0.170796 0.505991 -1.71956e-16)
(-0.378163 0.112888 1.04369e-17)
(3.2712 0.310542 1.71011e-17)
(-0.746621 -0.297433 0)
(0.56186 0.432126 1.70972e-16)
(-0.0346293 1.93932 0)
(0.426523 0.646243 0)
(-0.0613442 -1.02244 -1.29342e-16)
(0.744512 0.423657 0)
(0.18917 0.231622 -4.33938e-16)
(0.023192 1.97527 3.89719e-16)
(0.471416 0.815937 8.78762e-17)
(-0.280492 -0.120803 -8.53615e-17)
(-0.0970303 0.34278 -8.46768e-17)
(-0.696257 -0.352333 -1.82007e-16)
(0.677826 -0.201052 -2.43696e-16)
(0.0522389 1.60965 1.53168e-16)
(0.874665 1.21862 -1.18341e-17)
(0.336378 2.1316 -2.37323e-16)
(2.75237 0.573185 -8.20885e-17)
(1.45825 0.972649 5.36629e-17)
(0.277011 2.032 0)
(-0.22233 -0.503239 -2.37444e-16)
(0.468065 0.0342483 9.5096e-18)
(0.440998 0.0343033 -3.56877e-17)
(-0.700904 0.383874 1.43686e-19)
(0.513679 0.0380299 -9.74576e-18)
(0.432979 0.03131 0)
(-0.0692354 -0.0531657 -2.7193e-16)
(-2.4864 -0.531677 0)
(1.1348 -0.0317454 3.4388e-16)
(0.572298 0.0431541 -7.80814e-17)
(0.398182 0.00731137 0)
(0.074798 0.675077 7.00897e-16)
(0.0147295 2.35368 1.19162e-16)
(0.50141 -0.351326 -2.97198e-16)
(0.277833 0.157465 -4.05215e-16)
(0.591673 0.282338 2.47621e-17)
(0.229966 1.84888 0)
(1.14265 1.06173 2.10481e-16)
(-0.248338 0.139978 8.17686e-17)
(1.30675 0.0603935 1.31601e-16)
(-0.473789 0.287224 1.32061e-16)
(-0.136173 -0.345075 4.90956e-17)
(-0.0798408 0.765766 3.97062e-17)
(0.147959 2.15668 -3.0649e-20)
(-3.16446 -1.9854 -1.31707e-18)
(0.196257 0.567231 0)
(0.124075 0.638225 4.47087e-17)
(0.0498435 0.534228 0)
(0.97007 0.0593813 -2.38432e-19)
(0.732927 0.404104 -4.46213e-20)
(0.215019 -0.238692 5.31058e-17)
(-0.405351 0.308115 -1.26797e-16)
(0.776281 0.578313 0)
(0.386571 -0.0883938 -6.67198e-17)
(0.0660983 0.604477 -3.48481e-16)
(1.12233 0.0576529 -2.72885e-16)
(-0.0452752 0.233879 0)
(-0.48468 0.0403144 -1.70745e-20)
(0.420702 2.45876 -1.31403e-16)
(-3.62299 -0.559748 3.07721e-16)
(-0.238423 0.270282 5.45394e-16)
(0.506815 0.0655274 -4.31694e-16)
(0.129731 -0.0963853 -2.20925e-17)
(0.492805 -0.18676 1.85191e-16)
(0.237676 0.365014 -2.99652e-17)
(0.870806 0.887466 -1.56475e-16)
(0.205185 0.300819 6.4313e-21)
(0.490193 -0.775765 1.02873e-16)
(-5.22361 -1.66415 4.22223e-16)
(0.198642 1.87157 9.74901e-20)
(-0.22754 -0.048036 0)
(-0.0387305 0.14301 8.5538e-17)
(-0.00723399 -0.105524 4.03502e-20)
(0.495915 0.113423 -1.07153e-16)
(-0.6963 0.178516 -8.18618e-17)
(0.334995 -0.214027 4.16369e-17)
(0.308366 1.15619 -2.61972e-16)
(0.0347628 1.42131 1.01681e-16)
(0.14671 0.871003 -7.87857e-17)
(0.689226 0.471536 1.42861e-16)
(-0.537696 0.114476 1.99759e-16)
(0.188303 1.45167 2.61977e-16)
(-0.605828 1.1064 -1.82634e-16)
(0.891623 -0.685215 -3.79925e-16)
(-0.365881 -0.407087 -2.09346e-20)
(0.357132 -0.180929 -1.10339e-19)
(0.659143 1.13957 2.67268e-16)
(0.111092 1.01986 -2.3475e-16)
(0.0376794 2.76264 0)
(-0.0384116 1.83388 2.37455e-16)
(-0.697993 -0.0447327 -8.99547e-17)
(-0.475092 -0.0610609 3.77845e-17)
(0.264175 0.763186 2.39087e-17)
(-0.368604 0.0219518 4.10733e-17)
(0.997968 2.14336 1.04102e-16)
(1.50604 -0.305268 -9.46427e-17)
(-0.627638 0.348793 8.13702e-17)
(0.929297 2.24518 2.14204e-16)
(-4.7493 -2.23764 -2.59955e-16)
(-0.213516 0.0605886 -2.09108e-17)
(-0.421138 -0.257786 -3.28682e-16)
(0.9266 2.23939 0)
(0.0970582 1.57784 -5.93998e-17)
(-0.366648 -0.695423 1.81401e-19)
(-0.0146195 2.01718 -5.4206e-17)
(-0.465822 0.0210382 -3.97923e-17)
(0.0428469 1.79652 -2.16733e-16)
(-0.35455 -0.611618 6.2945e-17)
(-5.18496 -2.16985 -1.20665e-16)
(-0.150111 0.523365 -2.68268e-18)
(1.05789 1.90496 -6.00875e-17)
(0.0334149 0.0344479 9.00302e-17)
(1.23608 -0.0891589 0)
(1.39847 -0.0729758 0)
(0.109963 2.81211 -3.08502e-18)
(0.636785 -0.181554 -4.01897e-16)
(0.614892 -0.191651 2.2397e-16)
(0.749168 -0.431133 0)
(0.28222 0.531476 0)
(-0.120936 -0.382526 -1.87914e-17)
(-0.351353 0.414589 -8.2581e-17)
(0.539603 -0.112561 1.29251e-16)
(-0.790374 -0.243134 1.38979e-16)
(-0.0464201 0.232364 9.85032e-17)
(0.77843 1.81553 -7.19943e-16)
(0.0153513 -0.327887 0)
(0.522786 1.06749 -9.17846e-17)
(0.421015 0.677529 -6.47352e-17)
(-0.217517 -0.199112 0)
(0.583242 -0.219828 -1.6241e-16)
(3.39028 1.18583 -1.76251e-16)
(1.28696 1.43032 5.59487e-16)
(0.652141 0.0122307 -1.0798e-16)
(0.257167 0.00998802 -2.39415e-16)
(0.606871 0.94144 0)
(0.855211 1.23511 0)
(1.92373 2.04423 1.23601e-16)
(0.148821 0.00117107 -7.86502e-17)
(0.168396 1.74799 1.56769e-16)
(0.128638 -0.42745 0)
(-0.0808772 1.24408 7.98563e-17)
(0.362727 1.90603 3.21123e-19)
(0.415034 0.0709077 0)
(0.0287716 -0.476937 0)
(0.267735 -0.428024 4.91995e-17)
(-0.106393 -0.0957305 0)
(-0.152022 0.210467 2.76111e-17)
(0.841865 0.0578298 1.46172e-16)
(-0.939221 -0.509654 1.47274e-16)
(0.668185 0.00264989 3.47708e-16)
(-1.67687 1.00309 -9.38657e-17)
(0.0238941 2.46562 -1.49962e-16)
(0.951928 0.291193 1.69441e-16)
(-0.602363 -0.263329 0)
(0.002692 2.03313 -6.06721e-17)
(-0.590378 -0.160314 1.73884e-16)
(0.157326 1.99112 0)
(-0.384519 0.237731 -1.40678e-16)
(-0.602934 -0.446831 0)
(0.560409 -0.0474534 -2.33669e-16)
(0.771973 2.16102 0)
(-1.10417 -0.54727 -1.74699e-16)
(-0.394291 0.0847306 4.61538e-18)
(0.657598 -0.259359 1.27193e-16)
(0.300213 1.76064 5.81459e-16)
(-0.436647 0.805086 0)
(-4.44292 -1.71451 2.46211e-18)
(1.27054 1.41184 1.58241e-16)
(0.25463 1.31229 -1.50231e-16)
(-0.419319 -0.101099 3.80289e-17)
(0.240739 0.303404 -1.40211e-16)
(0.0701337 -0.563093 1.62621e-16)
(0.0397544 2.13736 3.33889e-17)
(-0.371252 0.0622215 5.03852e-18)
(0.125835 2.2393 -4.1578e-16)
(0.9094 1.59021 -1.3049e-16)
(1.56741 1.96509 2.14305e-16)
(0.292675 -0.390434 3.19206e-16)
(0.409973 -0.169901 -1.0041e-16)
(0.662917 -0.311454 -8.39284e-17)
(-0.362914 0.2694 -6.99595e-17)
(0.523125 0.278475 3.56431e-16)
(-0.61753 -0.286369 1.70106e-16)
(0.27194 -0.638877 1.07174e-16)
(0.227122 -0.155982 0)
(0.229083 -0.132517 0)
(0.338316 0.650688 -1.64425e-16)
(1.54917 0.327253 2.24011e-16)
(0.201454 2.55123 -2.33034e-17)
(-0.204936 -0.681333 -2.77153e-16)
(-0.0303829 -0.511284 7.39047e-18)
(0.387617 -0.499113 -8.00751e-17)
(0.367884 2.22475 4.23173e-16)
(0.425153 -0.112182 1.0168e-16)
(0.639178 -0.402249 4.16085e-17)
(1.89451 -0.184135 0)
(1.15144 1.50325 1.23179e-16)
(0.586369 0.185272 0)
(0.581789 1.00161 0)
(0.237026 -0.0860712 -3.88595e-18)
(1.3488 0.795054 0)
(1.39434 0.04528 0)
(-0.106067 -0.497796 0)
(0.0397242 0.063573 0)
(1.83811 1.82495 -4.43759e-16)
(0.300923 1.9936 -1.72248e-16)
(-0.222536 1.57606 -1.222e-16)
(0.475154 0.560872 -3.73696e-18)
(-0.586431 0.559799 -4.56992e-16)
(0.450207 1.18638 -3.34306e-16)
(1.72088 2.03311 2.46502e-16)
(-0.909229 1.49027 -4.92528e-16)
(0.337211 1.73763 2.78506e-16)
(0.0813047 1.608 5.93615e-17)
(0.343038 -0.457968 0)
(0.139153 -0.401285 0)
(-0.216635 -0.505494 2.29044e-16)
(0.0670143 0.00499827 8.9023e-16)
(0.34353 1.45614 2.66831e-16)
(-0.563298 0.643938 0)
(0.545065 0.13251 0)
(2.01077 1.98386 1.49298e-16)
(-0.449791 0.0632395 2.18324e-17)
(-1.56329 -1.32808 -1.26172e-16)
(0.601027 -0.496291 -1.20414e-16)
(1.69931 1.87565 -2.58128e-16)
(-0.307498 -0.0698736 -2.89373e-18)
(-0.00192371 0.334476 3.36364e-17)
(0.00770136 0.349616 -1.16081e-17)
(0.0790808 0.448779 0)
(0.0394959 0.384934 -4.85768e-17)
(-0.0185458 2.31179 0)
(0.00518558 2.2289 0)
(-0.00340456 2.31523 0)
(0.0278796 2.20263 0)
(-0.0105646 0.335693 0)
(0.0402322 2.09161 0)
(0.0353925 2.05325 0)
(-0.00547696 0.330465 -2.23506e-17)
(0.000739602 0.311243 -2.18572e-17)
(0.0161849 0.275682 2.23103e-17)
(0.193564 2.64097 1.14423e-17)
(0.0373628 0.211006 1.16927e-17)
(0.0335382 0.134997 3.00478e-18)
(2.97554 1.74642 4.14936e-16)
(-0.00431207 -0.0543978 -9.41614e-17)
(1.58574 2.49849 0)
(0.488267 -0.00378354 0)
(0.0235478 2.02095 0)
(-1.53249 0.928717 7.4156e-18)
(0.174811 -0.405324 0)
(0.315489 0.866363 1.292e-17)
(0.0194893 2.07046 -6.47442e-17)
(-0.183638 0.0323908 -2.08424e-17)
(0.68096 1.93648 0)
(-0.00215976 2.04536 1.42324e-16)
(0.289099 -0.442958 0)
(0.201884 -0.0279643 -1.37379e-16)
(-0.00709689 1.70432 -1.4383e-17)
(-0.0529882 2.15329 -2.40583e-16)
(0.0957914 1.03598 -2.46884e-16)
(0.462851 -0.462528 1.51001e-17)
(0.410792 -0.31919 2.07782e-16)
(-0.00674357 1.66605 2.47438e-17)
(1.05613 0.160607 1.06747e-17)
(-0.777002 -0.334704 0)
(0.0120425 1.9765 0)
(0.20058 1.23823 2.00629e-17)
(0.668719 2.07738 -2.97471e-16)
(0.391772 -0.864517 -9.60234e-17)
(-2.59518 -1.26746 5.01907e-16)
(-0.274803 0.714975 8.42962e-17)
(0.432297 -0.557967 -1.74602e-16)
(-0.170372 -0.125853 -4.03763e-17)
(-0.630988 -0.488313 2.53253e-16)
(-1.52203 -0.162621 1.14604e-16)
(0.993302 -0.624591 2.05257e-16)
(0.521517 -0.382376 5.32042e-16)
(0.161056 2.85347 -9.3641e-17)
(0.745938 3.33807 -4.07236e-17)
(-0.00697022 1.75808 0)
(0.00481445 1.92396 -6.42566e-17)
(1.04738 2.09659 0)
(0.331934 -0.298283 0)
(0.0260495 1.39053 0)
(-1.38635 -0.971688 -4.36374e-16)
(1.0736 1.76279 9.4607e-17)
(-1.09291 -1.34636 4.07352e-17)
(-0.00502806 1.81081 0)
(-0.00113754 1.86485 6.32933e-17)
(0.284034 1.23841 1.96405e-16)
(0.2585 -0.266089 9.56058e-17)
(1.57429 1.73551 -6.33753e-19)
(0.501393 1.59095 -5.32949e-16)
(0.179846 1.47801 -2.47948e-17)
(-2.41673 -1.05573 0)
(0.601841 1.1946 -5.67003e-17)
(-0.0129734 1.29615 -8.32744e-17)
(-0.242647 -0.255621 0)
(0.00100709 1.56052 6.41505e-17)
(0.0528518 1.4739 0)
(-0.191201 -0.306261 -1.68617e-16)
(0.617175 0.00156204 -1.45729e-16)
(3.0488 0.37236 0)
(1.18817 -0.0416025 2.20123e-16)
(-1.03949 -0.517163 3.87893e-17)
(0.619294 0.0477686 1.97509e-16)
(1.02522 0.385574 2.73883e-16)
(1.63717 -0.365455 4.07785e-18)
(0.0438509 2.04113 1.40439e-16)
(-1.71952 -0.413147 0)
(0.603627 0.870669 0)
(-1.09275 -0.491166 1.11457e-16)
(2.27838 0.807271 0)
(-0.470821 0.0677071 4.76454e-16)
(0.826498 0.244392 -2.74706e-17)
(0.0593172 0.0775085 -7.27812e-16)
(-5.46233 -0.739271 -1.65437e-18)
(0.519228 -0.560596 3.32786e-16)
(0.367038 0.348096 -3.45958e-20)
(-0.517884 0.535374 0)
(2.0839 0.0779548 1.87901e-16)
(0.0332804 1.3661 2.09399e-16)
(1.36715 1.17242 -7.16165e-16)
(0.160696 -0.399881 -3.29158e-16)
(0.454058 -0.0342269 -3.30197e-16)
(0.477985 -0.0925781 -2.27697e-16)
(0.994276 -0.893231 5.08937e-17)
(-3.79128 -1.19876 -9.93785e-17)
(0.402438 -0.0202341 2.09278e-17)
(0.446299 -0.543396 -6.73107e-17)
(-0.919078 0.420505 -8.90935e-18)
(0.748974 0.184871 0)
(-0.0293459 2.41356 7.57895e-17)
(0.135202 2.10443 -2.5151e-16)
(-0.0510049 -0.257129 1.03288e-17)
(0.709968 2.3663 -6.64364e-17)
(1.12518 -0.292256 -2.19944e-16)
(-1.3484 -0.620148 0)
(0.762544 -0.410571 8.70307e-17)
(0.198264 -0.160191 4.46035e-16)
(0.11946 1.15826 -5.0523e-16)
(0.733425 0.0537132 0)
(0.0687922 -0.380468 0)
(-0.809986 1.34583 -2.9834e-17)
(0.0849414 -0.232781 0)
(-0.206016 -0.536089 0)
(0.463202 1.74076 2.26758e-17)
(-0.26259 -1.19055 -1.84471e-16)
(0.0923871 2.06216 0)
(-0.615785 0.29457 7.89194e-17)
(0.0487388 -0.0190891 1.19326e-17)
(0.856762 -0.901149 2.26126e-16)
(-1.18244 0.035925 0)
(1.84021 -0.231601 5.55447e-17)
(-0.165085 -1.40324 -3.12794e-16)
(2.05466 0.478976 0)
(2.53709 1.71205 0)
(0.613037 0.0261164 4.69987e-16)
(2.78603 0.0809781 -4.20389e-17)
(1.20647 -0.546948 -4.08832e-16)
(-1.49876 -0.458344 -1.30941e-16)
(-0.103948 -1.19858 0)
(0.630586 -0.288239 0)
(2.52025 0.708668 7.94188e-17)
(-1.81288 -0.452176 0)
(0.512939 0.211643 0)
(-0.0874464 0.0128076 0)
(-0.774923 0.76333 5.19849e-16)
(1.51668 0.0890743 0)
(1.73082 0.0796515 -2.65243e-16)
(0.769941 1.75167 2.5297e-16)
(0.55204 0.617071 -3.42639e-17)
(2.85103 1.53147 -8.98334e-17)
(0.128568 -1.18106 0)
(3.10164 1.45407 -1.50787e-17)
(-0.278084 0.150943 -3.15464e-17)
(0.202366 0.360204 -4.2142e-17)
(0.351092 1.08472 2.19152e-16)
(-0.0410395 2.15673 -2.69843e-16)
(0.591101 -0.136322 3.91681e-17)
(-0.55749 -1.48735 7.94656e-17)
(0.00613162 1.19893 0)
(0.0906705 1.1842 -9.4261e-17)
(0.0894448 0.136537 0)
(0.145052 -0.0374434 2.32513e-16)
(1.34619 3.28579 1.15764e-16)
(0.0429338 -0.305448 -2.83851e-16)
(0.0761014 1.39635 8.71631e-20)
(2.31885 0.0703581 3.18522e-18)
(0.536194 -0.184559 -1.80838e-16)
(1.95668 2.07726 2.40152e-16)
(0.438655 -0.284933 3.09686e-16)
(0.718966 -0.0285143 -2.38041e-16)
(0.0400064 -0.103006 4.6127e-17)
(1.52599 0.0536004 0)
(2.24303 0.425654 -1.14662e-16)
(-0.00323148 1.64033 0)
(0.212959 -0.056992 -2.78644e-16)
(0.112028 2.31003 0)
(0.600752 -0.179192 -1.77485e-16)
(0.136368 2.23609 -1.91727e-16)
(0.609692 1.13445 8.56903e-20)
(-0.00295776 1.57308 -6.36881e-17)
(0.119433 1.23984 -2.61437e-18)
(0.0594062 3.13896 -1.14665e-16)
(-0.695215 0.110423 -8.63561e-17)
(2.49065 0.352916 1.63868e-16)
(0.435912 0.0476905 0)
(-0.440386 -0.0196627 4.00706e-17)
(0.950393 1.4391 2.76305e-16)
(-0.499853 0.432672 -9.92852e-18)
(0.785401 -0.0923196 5.70601e-20)
(0.0146831 -0.0170994 0)
(-1.20382 0.220612 3.63184e-16)
(0.0725997 -0.131108 -5.26688e-18)
(3.14219 0.0425429 5.26168e-18)
(0.373749 0.544301 -3.28227e-16)
(0.00221813 -0.057928 -1.07749e-16)
(-0.717619 0.592251 -2.11483e-16)
(0.63334 -0.0643723 4.00908e-18)
(1.73802 2.10254 0)
(0.0176214 -0.0407341 -2.00397e-17)
(-0.977899 0.436972 1.5261e-17)
(0.149945 -0.247066 8.18698e-17)
(0.0326624 1.56327 3.37086e-17)
(-1.65266 0.225749 0)
(0.22126 -0.150677 2.21182e-16)
(0.000704295 1.5983 -6.60945e-17)
(0.786216 0.120864 0)
(0.515475 -0.316735 -7.9025e-17)
(0.564014 -0.324382 2.25126e-16)
(0.189665 0.184671 1.24045e-16)
(-0.402947 -0.583346 0)
(0.0297814 -0.174842 -4.46796e-17)
(0.112577 2.9518 0)
(0.49912 2.01585 -4.30276e-16)
(0.270334 -0.0824226 0)
(0.0834151 2.32098 0)
(0.0393516 1.40112 2.52732e-16)
(1.26934 -0.181732 0)
(0.141382 0.381836 -1.96007e-17)
(0.916585 0.150838 -9.97069e-18)
(0.493363 -0.223444 -1.53637e-16)
(0.577348 0.16619 8.2159e-17)
(-0.0763586 -0.113806 0)
(-0.363004 0.904172 -2.67285e-16)
(-0.913836 -0.0355292 4.12188e-17)
(-0.368023 0.0983059 -3.18455e-17)
(2.03775 1.9144 -6.95944e-17)
(-1.75031 -0.581582 -1.96907e-16)
(3.0043 0.0696873 2.08319e-17)
(0.553145 1.32953 3.10433e-16)
(0.350529 1.56833 -8.41602e-17)
(-0.034387 1.34605 8.32034e-17)
(0.0437167 1.05506 -6.12891e-18)
(-0.836866 0.264998 -2.42854e-18)
(0.351423 -0.15454 -1.3856e-17)
(0.0424062 1.44742 7.99625e-17)
(-0.491771 -0.373966 0)
(-1.54794 -0.872604 0)
(-0.940257 0.147757 0)
(-0.00102505 1.54935 6.92044e-17)
(0.0804938 -0.42763 1.57326e-16)
(-5.57757 -0.601728 -2.47952e-16)
(0.166683 2.77838 2.7655e-18)
(0.0435684 1.13615 -1.83743e-17)
(0.490187 -0.274749 -5.81852e-17)
(0.104235 -0.090002 0)
(1.32218 0.494203 7.32335e-17)
(0.065454 2.10847 1.71407e-16)
(0.0588359 1.18387 0)
(1.30752 -0.0297938 0)
(0.0394018 -0.0594935 0)
(0.470361 -0.456419 -3.98897e-16)
(0.107472 3.04561 0)
(1.4656 1.36872 -2.47378e-16)
(0.125412 3.0711 -1.1294e-16)
(-0.14718 -0.473714 0)
(0.603954 -0.0911614 -1.30625e-17)
(0.557426 1.34228 -3.78572e-17)
(0.00737684 1.5979 1.57258e-17)
(-0.14 0.421294 4.7312e-17)
(-1.32271 -1.4203 2.1763e-16)
(0.857144 1.05664 0)
(2.08882 2.01991 0)
(-0.0400214 -0.104395 -4.3326e-22)
(0.358491 1.49305 8.98786e-16)
(0.599234 -0.0409713 -6.81678e-17)
(0.237928 -0.125778 0)
(-2.97059 -0.771761 3.94409e-16)
(0.596026 -0.186113 3.20949e-16)
(0.302717 0.982959 0)
(-0.699982 0.394558 -4.58395e-16)
(1.01487 -0.0704282 5.54563e-20)
(-0.265744 -1.20443 2.46051e-16)
(0.223769 -0.148783 0)
(-0.204419 -1.46913 0)
(0.658217 0.103778 -2.49034e-16)
(0.236489 -0.415197 -4.00847e-17)
(0.163747 -0.168413 -4.3938e-16)
(0.107551 2.72584 0)
(-0.0946433 -1.50508 -1.37145e-16)
(1.84159 -0.308242 8.4641e-18)
(0.236303 2.43051 -2.23484e-16)
(1.34844 1.99329 1.01434e-16)
(0.122357 2.41425 1.28046e-16)
(-0.00539447 1.35705 0)
(-0.757513 0.441504 6.62901e-17)
(-0.11214 1.73494 -1.13977e-16)
(0.15206 2.94774 -5.1645e-17)
(0.566336 -0.112521 5.30004e-16)
(0.213861 -0.141407 0)
(0.0480993 2.00069 -6.27794e-17)
(0.043886 1.51021 -3.68368e-17)
(-2.24212 -1.32547 4.2835e-16)
(0.673424 1.44552 -3.57575e-16)
(-0.0148847 1.92351 -6.29093e-17)
(0.335015 -0.432965 9.05589e-17)
(-1.17053 0.31809 2.58476e-17)
(-0.144684 -0.117483 -2.85576e-21)
(0.436161 0.943392 -2.14566e-17)
(0.0970319 1.92998 -1.77824e-16)
(0.350673 0.149193 3.17297e-19)
(0.620389 -0.531725 0)
(-2.09818 -0.395378 5.0479e-17)
(0.197716 1.50961 -1.36516e-16)
(0.883858 -0.16119 2.77895e-16)
(-0.598341 0.507006 -3.7317e-16)
(0.196913 2.12094 1.92703e-16)
(-0.761765 -1.008 -1.8549e-16)
(-0.527669 -0.953456 -3.77151e-16)
(1.92618 1.76533 -1.23556e-16)
(-0.54173 -1.35591 -1.37715e-16)
(0.177299 0.540722 0)
(-0.828045 0.195333 -1.99105e-17)
(0.259108 -0.0943669 1.80377e-17)
(0.531529 -0.181173 2.04186e-16)
(0.914855 -1.39371 6.40735e-17)
(-1.9995 -0.851817 -4.85355e-16)
(0.0877753 -0.468672 -7.80033e-17)
(-0.733696 1.6149 0)
(0.929337 0.974045 -1.58347e-16)
(0.30174 0.691937 7.40844e-17)
(0.0857839 -0.29147 -5.11551e-20)
(-0.698708 1.34897 -1.48849e-16)
(0.714835 1.10324 8.18146e-17)
(0.257883 -0.211405 1.77097e-16)
(1.41113 0.296107 -5.08468e-16)
(0.636551 0.0381483 -1.12036e-16)
(-0.189298 -0.381202 -7.58173e-17)
(1.11366 0.388533 2.52731e-19)
(0.512523 2.3607 0)
(0.28187 0.531266 2.95529e-17)
(-0.30119 0.118705 -1.06361e-16)
(0.931863 0.426449 0)
(0.0351178 2.03213 0)
(0.0957434 0.489103 0)
(0.697028 -0.212675 0)
(1.75774 1.53616 -6.90905e-17)
(0.425258 0.263293 -4.90932e-16)
(0.680158 -0.0430849 3.00552e-16)
(-3.37235 -1.82518 -1.81912e-16)
(0.2025 1.10001 5.20226e-16)
(-0.862905 0.122836 0)
(0.680019 0.0725343 0)
(1.36981 -0.271555 2.7787e-16)
(1.47908 0.587032 0)
(-0.0755125 -0.53829 -6.10698e-17)
(0.822345 -1.74884 -1.91026e-16)
(0.627604 1.34267 4.64112e-16)
(-0.602328 -0.285716 -6.0646e-17)
(1.2076 0.252387 1.75956e-16)
(-0.321 -0.148861 -1.17353e-17)
(0.281266 2.32689 1.42567e-16)
(-0.132131 2.53956 -2.63988e-16)
(0.097241 2.52871 -7.9838e-18)
(0.0116851 0.505012 9.88124e-17)
(2.77505 0.40349 0)
(-3.35838 -2.07745 0)
(0.187839 0.869837 0)
(1.17653 -0.207324 3.56438e-16)
(-0.869472 0.0173422 1.51591e-16)
(-0.100093 1.079 0)
(0.54131 2.43067 0)
(-0.0131138 -0.274144 0)
(0.935954 2.34382 1.03458e-16)
(0.107492 1.48537 -9.02954e-17)
(1.80596 1.7643 -1.10765e-16)
(-1.23818 1.42389 -1.6665e-16)
(0.419723 0.00391118 0)
(-0.000837195 1.90188 0)
(0.23261 -0.149311 -4.0202e-17)
(0.258986 1.33969 -2.26211e-16)
(0.50736 -0.452334 -7.83875e-17)
(-1.15966 1.39852 5.09385e-16)
(0.308905 -0.0140632 -3.06974e-17)
(0.1792 -0.451259 1.19595e-17)
(2.09059 1.79975 -1.24657e-16)
(-0.0111418 3.17539 0)
(0.0836679 1.9661 -5.03674e-17)
(-0.00380981 1.55619 7.82704e-20)
(0.631546 -0.0175167 1.27476e-16)
(0.790449 1.95255 7.34698e-19)
(0.910958 0.0856333 -2.82346e-16)
(-0.677878 0.98814 1.65244e-16)
(0.0897066 -0.140076 -3.47413e-20)
(-1.02661 -0.499572 1.52896e-16)
(0.117512 -0.0805663 2.07394e-16)
(-0.816263 0.700634 3.2571e-16)
(0.344775 1.73916 4.78118e-16)
(1.92175 -0.0307368 -2.03468e-16)
(1.97195 2.64145 -2.13052e-16)
(0.38624 -0.109794 -6.10327e-16)
(0.400425 0.745269 -1.18038e-17)
(-0.341786 -0.08525 3.37464e-16)
(-0.123735 -0.511411 4.91638e-16)
(-0.199477 1.75717 -3.35404e-16)
(0.146121 2.12013 1.67364e-16)
(-1.12614 -0.881264 2.06835e-16)
(0.250947 -0.287794 7.27278e-17)
(-1.33665 0.224069 -2.38549e-16)
(0.14905 1.03138 -6.56081e-16)
(0.644891 0.0495738 8.10445e-17)
(0.429677 -0.0982683 2.87711e-16)
(1.48929 0.0152878 1.54807e-16)
(-0.664137 -0.172213 -3.71678e-16)
(0.129197 2.1325 1.58868e-16)
(0.163609 2.80395 0)
(0.230476 0.483235 1.21692e-19)
(0.0315664 1.42406 -1.995e-17)
(1.52315 -0.384543 5.36385e-16)
(-1.48523 -0.49444 -1.77998e-16)
(1.01189 -0.102322 1.48038e-16)
(0.574123 -0.00568717 2.88839e-18)
(-0.0570168 -0.173316 5.87413e-17)
(1.35012 0.159884 0)
(-0.472562 -0.167655 1.98059e-16)
(1.26432 1.70192 -3.28464e-16)
(0.0833003 1.2203 7.94234e-17)
(1.61733 1.34307 0)
(1.5916 -0.156091 -4.12354e-16)
(-0.97095 -0.332381 3.5393e-16)
(0.274067 0.392853 3.07315e-16)
(0.330713 -0.340174 4.53572e-17)
(-0.187092 0.850675 1.43165e-16)
(0.185304 -0.227108 0)
(0.674861 0.200976 0)
(0.519251 -0.493665 -9.03929e-17)
(-1.46226 0.0927372 2.03488e-17)
(0.0230476 1.74243 -1.12607e-16)
(1.10114 -0.0811986 -4.24611e-16)
(0.717024 -0.034721 0)
(0.112829 2.88817 0)
(-0.223921 -0.375677 2.00724e-17)
(0.0461781 -0.218828 -4.60326e-17)
(-0.912573 0.534794 7.92399e-17)
(0.0141872 -0.237019 0)
(0.154305 -0.0914689 -3.60315e-16)
(-0.987436 0.494873 4.43857e-16)
(0.676719 -0.861358 2.32182e-17)
(-0.906273 0.288303 3.61943e-17)
(0.603103 -0.0531847 -1.59282e-16)
(0.752257 -0.39126 1.7044e-16)
(1.18372 0.131076 -1.06552e-16)
(1.65385 1.82809 -3.06417e-16)
(1.03361 0.345106 -2.09088e-16)
(-0.316834 0.0131795 2.08223e-16)
(1.17045 -0.137457 -6.11169e-17)
(1.57584 0.774486 1.34586e-16)
(1.13814 0.230884 1.26733e-16)
(0.572064 -0.181237 3.18027e-20)
(0.394467 1.1352 2.24885e-16)
(0.118039 0.648789 -1.87521e-18)
(0.186683 1.64229 -4.18276e-17)
(1.84948 0.58941 -6.42226e-17)
(0.563815 -0.0780852 7.01804e-17)
(1.32415 0.287071 -9.83682e-17)
(2.04128 -0.0727704 6.29347e-17)
(-0.103583 2.58237 0)
(0.855314 0.191236 2.88768e-16)
(0.122028 0.194364 -2.0126e-16)
(0.607225 -0.197186 1.42658e-16)
(0.58439 0.0281275 6.36053e-16)
(0.53958 0.744604 1.07139e-16)
(-0.539766 0.396313 -2.82738e-17)
(0.23462 1.90732 -1.69556e-16)
(0.695582 -0.0216862 5.08092e-17)
(2.33425 1.33466 -3.59469e-18)
(3.68864 0.370522 0)
(-1.03748 -1.25137 2.22423e-16)
(0.596179 -0.711821 9.334e-17)
(-1.23031 0.174831 2.88079e-17)
(0.137044 1.43507 -3.51522e-16)
(0.668374 0.00655503 -6.39609e-16)
(1.13333 0.242316 0)
(0.20118 1.90263 1.00834e-16)
(0.986402 0.189607 -1.31897e-16)
(0.120316 0.768055 -2.92993e-17)
(0.0929668 1.80855 0)
(0.185561 2.70667 -5.70564e-17)
(0.619113 -0.21939 -1.33125e-16)
(0.0652505 3.15899 -1.09769e-16)
(0.276204 1.21751 -1.44737e-16)
(0.472878 -0.186845 -2.76605e-16)
(-0.630688 2.34934 5.24853e-17)
(-1.86185 -1.48385 1.32202e-16)
(0.721493 1.26515 0)
(-4.45852 -0.226724 -1.17309e-16)
(0.422007 0.741821 2.82463e-16)
(-0.687227 0.382136 1.74352e-16)
(0.156572 1.72381 -3.63304e-16)
(1.99405 -0.00815435 7.55328e-17)
(0.514665 2.05806 -5.44042e-16)
(0.604481 1.80525 -5.73922e-16)
(0.136173 0.529907 -1.02988e-17)
(0.416049 0.523765 2.0399e-16)
(-0.72682 0.158171 2.01876e-16)
(0.100227 3.05841 0)
(0.0916505 2.4232 1.29797e-17)
(-0.261917 0.301103 4.0638e-17)
(0.100939 1.27277 4.2702e-17)
(0.0117222 3.22776 -5.42118e-17)
(0.103466 2.63242 0)
(-0.187399 1.84488 2.00488e-16)
(0.0601208 1.42429 -1.35759e-16)
(0.614188 -0.510839 0)
(-0.373389 1.5445 -9.39998e-17)
(0.101628 3.13925 3.59063e-16)
(3.44734 0.222566 0)
(0.133056 0.244023 0)
(0.362049 1.74102 0)
(0.384752 2.13544 1.5301e-16)
(0.917314 -0.25336 1.02268e-16)
(1.48685 0.256777 -1.26015e-19)
(1.80694 0.331141 -6.06367e-17)
(1.73192 0.21873 1.9669e-16)
(-0.0506998 -0.379332 -1.82339e-16)
(-0.268038 1.52376 6.4526e-16)
(0.627136 -0.0171987 5.48201e-16)
(0.305681 -0.190074 -6.24692e-17)
(-1.11062 -0.0715504 -1.54137e-16)
(-1.36938 -0.507447 -1.64392e-16)
(0.0970262 1.73592 -1.19092e-16)
(0.963448 0.288277 3.67758e-17)
(-1.30447 -0.202045 1.47642e-16)
(0.866274 -0.372919 6.46316e-17)
(-2.03067 -0.508222 0)
(-2.67254 -0.0736282 2.20931e-16)
(-3.25105 -0.481694 -5.8189e-16)
(0.716982 -0.473631 6.03958e-17)
(-0.0388673 -0.0266365 0)
(-0.316957 0.435664 0)
(0.98147 0.78794 2.01231e-16)
)
;

boundaryField
{
    frontAndBack
    {
        type            empty;
    }
    wallOuter
    {
        type            noSlip;
    }
    inlet
    {
        type            fixedValue;
        value           nonuniform 0();
    }
    outlet
    {
        type            zeroGradient;
    }
    wallInner
    {
        type            noSlip;
    }
    procBoundary2to0
    {
        type            processor;
        value           nonuniform List<vector> 
42
(
(-4.52315 -2.59072 -1.71498e-19)
(-4.52315 -2.59072 -1.71498e-19)
(-0.226321 1.5285 -1.90564e-16)
(-0.0102749 2.46366 1.3347e-16)
(-0.723633 0.761018 0)
(-4.67606 -2.85312 8.28967e-17)
(-0.361776 1.00614 3.97627e-16)
(-0.361776 1.00614 3.97627e-16)
(-0.526172 0.542889 -1.5161e-16)
(-0.337728 0.398377 1.794e-16)
(-1.35772 1.19061 -1.38199e-16)
(-1.35772 1.19061 -1.38199e-16)
(-0.961534 0.925746 2.21915e-16)
(-1.79313 0.892253 -7.21818e-17)
(-2.31571 0.352677 7.68102e-17)
(-4.72768 -2.65963 4.16283e-17)
(-2.71995 -0.330068 2.04296e-16)
(-0.341019 0.303806 -3.04571e-17)
(-0.407412 0.44199 3.42516e-19)
(-1.9545 0.219489 -4.88722e-19)
(-2.78933 -0.327299 1.73702e-16)
(-0.559232 0.0623414 -1.6032e-16)
(-0.559232 0.0623414 -1.6032e-16)
(-3.26063 -0.934497 -9.97275e-17)
(-2.78933 -0.327299 1.73702e-16)
(-0.408256 -0.547258 -2.90255e-16)
(-4.50182 -1.50342 0)
(-0.530284 -0.716066 3.81941e-18)
(-4.50182 -1.50342 0)
(-4.35908 -2.37985 -1.94353e-16)
(-3.50369 -1.3329 -3.37626e-16)
(-0.669244 -0.614331 -8.13925e-17)
(-0.794162 -0.398762 8.29229e-17)
(-0.867017 -0.206916 -8.26168e-17)
(-0.893206 -0.0348627 8.88998e-17)
(-0.0102749 2.46366 1.3347e-16)
(-2.71995 -0.330068 2.04296e-16)
(0.01597 2.53567 -8.87246e-17)
(-4.48041 -2.11235 -3.07064e-17)
(-0.619203 0.410055 1.76122e-16)
(-0.619203 0.410055 1.76122e-16)
(-0.818744 0.166427 -1.21113e-16)
)
;
    }
    procBoundary2to1
    {
        type            processor;
        value           uniform (-2.78963 -0.0163628 3.87263e-16);
    }
    procBoundary2to3
    {
        type            processor;
        value           nonuniform List<vector> 
29
(
(-1.07038 -0.727653 -3.17898e-16)
(-0.603639 -1.07274 1.29543e-16)
(-0.49592 0.284585 -9.41924e-17)
(1.95632 0.133794 -2.0782e-16)
(-4.56919 -0.304924 -1.57998e-16)
(-0.62838 -0.190152 -9.11868e-17)
(-1.1324 0.128518 1.19674e-16)
(-0.332901 -0.734322 7.49493e-17)
(0.465763 0.674264 -4.41904e-16)
(1.24137 0.472022 2.36427e-16)
(-0.440722 -0.560041 1.0222e-16)
(-6.17095 -0.521513 -1.76189e-16)
(-1.17511 -0.29502 -1.84275e-16)
(2.44394 0.305391 -1.55651e-16)
(3.83062 0.273115 -1.15099e-17)
(-0.321422 0.205143 -9.43689e-17)
(-0.648398 0.973769 -9.23744e-17)
(-0.648398 0.973769 -9.23744e-17)
(-0.603639 -1.07274 1.29543e-16)
(2.44394 0.305391 -1.55651e-16)
(3.89095 0.397917 -3.0989e-17)
(-1.09562 0.945781 3.6205e-16)
(3.22825 -0.0111446 5.36396e-18)
(0.260325 0.868389 -2.26746e-16)
(3.61106 0.127558 3.81613e-17)
(-1.17152 0.721736 7.66624e-20)
(0.465763 0.674264 -4.41904e-16)
(-4.1381 -0.167773 4.03446e-17)
(-6.17095 -0.521513 -1.76189e-16)
)
;
    }
}


// ************************************************************************* //
