/*--------------------------------*- C++ -*----------------------------------*\
| =========                 |                                                 |
| \\      /  F ield         | OpenFOAM: The Open Source CFD Toolbox           |
|  \\    /   O peration     | Version:  v1912                                 |
|   \\  /    A nd           | Website:  www.openfoam.com                      |
|    \\/     M anipulation  |                                                 |
\*---------------------------------------------------------------------------*/
FoamFile
{
    version     2.0;
    format      ascii;
    class       volVectorField;
    location    "0.03";
    object      U;
}
// * * * * * * * * * * * * * * * * * * * * * * * * * * * * * * * * * * * * * //

dimensions      [0 1 -1 0 0 0 0];


internalField   nonuniform List<vector> 
1466
(
(-0.0172131 1.71534 0)
(-0.231502 2.63287 -1.03571e-16)
(0.352152 0.0430933 -1.77748e-16)
(0.146203 1.72331 1.43991e-16)
(0.913628 0.139552 -6.5438e-16)
(0.743564 0.0620379 -5.44734e-16)
(0.519393 -0.675566 2.84103e-16)
(0.996645 -0.308916 4.54311e-16)
(0.735165 2.19625 1.40151e-16)
(1.62552 -0.214466 6.6136e-16)
(0.201495 0.170923 -1.84088e-16)
(2.38122 0.969523 1.36798e-16)
(0.0297094 0.0275643 1.10278e-17)
(0.521898 0.536902 -1.39431e-16)
(0.464866 0.0298153 -2.94433e-18)
(0.073901 0.964013 1.9782e-22)
(0.143654 -0.0983301 7.68787e-17)
(-0.12594 2.0766 -1.31962e-16)
(0.789628 0.443537 -1.86877e-16)
(0.0820998 1.00484 0)
(0.466825 0.0253901 1.62619e-16)
(1.60833 0.117438 -3.1961e-16)
(2.11219 -0.0620787 0)
(0.0226234 2.72937 6.37352e-17)
(0.481401 0.405088 -1.98937e-16)
(0.448529 0.305941 1.98375e-16)
(0.374112 0.633378 2.15034e-16)
(1.91702 0.236285 2.81595e-16)
(0.952133 -0.0519941 0)
(0.15311 -0.442773 4.77097e-16)
(1.07093 0.0146379 0)
(0.88269 0.0241143 9.04633e-16)
(1.74164 0.000153748 -2.86594e-16)
(0.955039 -0.137725 -1.09888e-16)
(-0.256828 1.43424 0)
(0.474643 0.0307444 3.06551e-17)
(0.503608 -0.0354005 -3.06539e-21)
(0.504901 0.0229021 0)
(0.509456 0.926374 -6.20719e-16)
(1.70242 -0.0672034 2.93216e-16)
(2.59383 0.649355 -1.40267e-16)
(1.314 0.432263 -1.78492e-16)
(0.946963 2.07618 -3.82003e-16)
(1.33013 -0.314215 2.33987e-18)
(2.28708 0.1972 0)
(1.36537 2.28017 3.86193e-19)
(0.491998 0.029967 -1.89252e-16)
(0.088182 1.4911 9.85026e-17)
(1.1972 0.472092 -2.54351e-16)
(0.460588 0.0318958 -9.17987e-17)
(0.348209 0.00787065 0)
(1.56909 -0.0913842 -2.89917e-16)
(0.879165 0.0330787 4.50806e-16)
(0.704005 0.0267522 5.14043e-16)
(1.49353 0.0255725 3.96516e-16)
(1.12749 1.04424 -1.26251e-16)
(0.487712 0.0131972 0)
(0.017015 1.65119 2.86098e-16)
(1.269 0.150805 1.33131e-17)
(0.995496 0.982966 0)
(0.0223781 0.983311 -2.48133e-18)
(-0.894586 -0.0395358 1.1808e-16)
(0.995615 0.0355641 1.47603e-16)
(0.837934 0.00318745 -5.29658e-16)
(-0.131981 2.49228 1.72297e-16)
(-0.00643113 0.949129 -3.84495e-17)
(1.29895 1.12727 -3.71321e-17)
(0.47206 0.0215125 -2.12188e-16)
(-0.0223755 1.91541 -1.24007e-17)
(1.42014 0.169294 0)
(0.369654 0.0931161 0)
(0.188656 1.90121 -5.86974e-17)
(0.51538 0.0221951 -5.78079e-16)
(0.447799 1.44501 -2.04882e-16)
(0.496322 -0.0150018 4.07451e-17)
(2.38888 -0.234824 -1.69178e-16)
(0.516139 1.67249 4.7346e-17)
(0.0672814 1.98554 1.71228e-16)
(0.966464 -0.312918 0)
(0.895923 1.07795 0)
(0.375354 0.0274901 -3.87606e-17)
(0.514159 1.15637 2.13888e-16)
(0.469991 0.0165413 0)
(1.09614 0.484423 1.53578e-18)
(0.541256 0.0371288 2.05951e-16)
(0.446734 0.0615706 -1.04321e-16)
(0.566744 0.0465583 -2.74221e-16)
(0.0746958 2.24613 1.35945e-16)
(0.0639574 0.881323 -4.06297e-17)
(0.411957 1.63678 6.30699e-18)
(0.226005 1.43768 1.07811e-16)
(0.423085 0.0301913 0)
(0.728366 1.14762 -6.43326e-17)
(0.102698 1.94047 1.84126e-16)
(0.347953 -0.0095421 0)
(0.454927 0.00643173 -2.20488e-16)
(0.164341 2.65613 5.62595e-16)
(1.47666 0.172232 0)
(0.651792 2.37201 1.31886e-16)
(0.181256 1.31946 -1.71997e-16)
(0.148598 -0.311339 0)
(1.93768 0.404385 -8.88436e-17)
(0.325204 0.0853153 4.75275e-16)
(-0.101179 1.6776 -1.49504e-16)
(0.482189 0.0149451 0)
(1.06061 2.31427 -2.4515e-16)
(0.47718 0.0187755 1.9253e-16)
(0.475283 0.0139894 -8.31357e-18)
(0.405135 2.36874 4.71804e-17)
(0.427562 0.167361 7.4993e-18)
(1.08525 0.127512 1.84376e-17)
(0.53959 0.117231 5.07882e-16)
(0.484511 0.151813 -3.90587e-16)
(0.505991 0.0236517 3.32978e-20)
(0.0346751 0.0765136 -2.20371e-17)
(0.274716 2.3754 0)
(0.391248 1.07919 -8.3314e-17)
(0.448822 0.860875 6.18849e-16)
(0.564116 1.83977 3.01997e-17)
(0.235233 1.69915 -4.01722e-16)
(0.466435 -0.00534555 2.06301e-16)
(-0.103827 1.6936 0)
(0.473667 0.542683 -7.85861e-17)
(-0.222736 2.13817 -7.05091e-17)
(-0.0611621 0.822165 3.20929e-16)
(0.627703 1.30825 -1.13189e-16)
(0.173163 0.14787 2.98296e-17)
(0.46843 1.97203 0)
(0.682763 1.14603 6.19681e-17)
(0.495665 1.87798 -2.9754e-16)
(0.882566 0.496549 1.13657e-16)
(0.414537 1.84343 -5.2465e-20)
(0.104248 1.05428 2.34902e-17)
(1.50527 1.24729 -5.74806e-17)
(0.319924 0.0189351 -1.19363e-17)
(0.811481 1.13724 1.54977e-16)
(1.43908 0.414401 0)
(0.590276 0.0887715 0)
(2.33148 0.0331215 3.2036e-17)
(0.503893 1.67933 8.20185e-17)
(1.00364 -0.0956884 -9.62713e-17)
(0.440549 0.0241308 -1.7546e-16)
(0.66161 1.21484 7.04539e-17)
(0.797285 1.2126 -4.46975e-16)
(2.32026 0.0937018 1.23904e-16)
(-0.266451 0.287986 0)
(-0.94862 0.757848 0)
(0.910229 1.91635 0)
(1.33238 1.43745 6.42329e-17)
(0.528189 0.0256868 2.72038e-16)
(0.628476 1.17404 -1.44023e-16)
(0.243573 0.132096 4.76151e-18)
(0.22837 1.48882 1.24211e-16)
(-0.0368099 2.82232 -1.84774e-17)
(0.267306 1.24389 -1.8227e-16)
(-0.130698 0.187074 -9.47983e-17)
(0.0978637 2.00131 -3.30532e-16)
(0.496377 1.59829 1.97643e-16)
(0.716473 0.892335 -7.00724e-17)
(0.829659 1.67529 0)
(2.0613 0.320252 1.01501e-16)
(0.0991606 1.09206 -2.53948e-17)
(0.148754 2.6679 2.48407e-16)
(0.461552 -0.00123548 2.01206e-16)
(1.78336 0.461932 -4.65904e-18)
(0.760707 1.16565 2.14303e-19)
(0.520213 1.83169 0)
(-0.780793 0.421613 9.35267e-17)
(-0.0218906 0.999464 4.97389e-18)
(0.531691 0.86512 3.51277e-16)
(0.433888 0.0423499 2.80171e-16)
(0.435253 0.0946314 2.71996e-16)
(0.182779 0.214947 0)
(0.893452 1.51298 8.11997e-17)
(0.57081 0.411492 -8.18253e-16)
(-0.296262 2.62466 1.52587e-16)
(1.62187 0.489646 1.50763e-16)
(0.811591 1.02669 -2.28282e-17)
(0.457774 0.029166 -1.50586e-16)
(0.754122 1.09656 2.23276e-17)
(-0.055618 2.06999 -1.78692e-16)
(0.482969 0.0151658 2.35256e-16)
(0.813919 0.598928 -2.88621e-16)
(-0.0520379 0.916355 -5.47332e-16)
(-0.293212 2.43768 -3.22762e-16)
(0.644502 0.692702 5.87921e-16)
(0.476849 0.0102885 0)
(0.126815 2.36703 0)
(0.474922 0.0205967 -5.7003e-17)
(0.090859 1.76436 0)
(-0.532737 2.27543 0)
(-0.191908 0.76791 1.31553e-16)
(0.0268207 1.00316 2.17203e-17)
(-0.0344714 2.55782 -6.92313e-17)
(0.478312 0.0221573 -3.56379e-20)
(0.195145 1.94719 0)
(2.32655 -0.000405913 -4.18248e-17)
(0.423707 0.0914387 -1.54417e-17)
(0.45898 0.110198 -1.47798e-17)
(0.489471 0.203422 -6.86878e-18)
(0.0718261 0.467524 -1.13011e-16)
(0.35586 0.413 3.22092e-16)
(0.479462 0.0133611 -6.84259e-17)
(-0.038901 0.965998 2.55451e-16)
(0.260309 0.192865 0)
(1.17459 0.593926 3.41787e-16)
(0.478796 0.0108896 1.79546e-16)
(1.62964 2.13399 1.12393e-16)
(0.472436 0.0440045 5.51573e-17)
(0.390597 0.0264016 1.21877e-17)
(0.396753 0.0644414 6.07532e-17)
(0.127523 0.831139 -2.02481e-20)
(0.45204 0.551371 -1.1271e-16)
(0.532879 0.0844725 6.58901e-20)
(0.665417 2.0997 -6.72239e-17)
(0.475089 0.01385 2.94507e-17)
(0.792184 0.436789 -8.31722e-17)
(0.337142 -0.0531492 0)
(0.223616 1.04354 0)
(0.335707 1.65672 -9.62638e-20)
(-0.335464 2.0356 1.47231e-16)
(0.0138777 1.63471 0)
(0.0856249 0.996145 6.19877e-17)
(0.490988 0.042935 4.12984e-17)
(0.710505 1.3847 -4.47817e-17)
(0.50641 0.0714653 0)
(0.594076 0.244364 8.77596e-17)
(0.221131 0.692272 1.29476e-16)
(0.480272 -0.0121206 2.94379e-18)
(0.638886 1.92585 -3.72726e-16)
(0.575217 0.141013 2.86937e-16)
(0.564965 2.22127 0)
(0.269151 0.884493 -1.35728e-16)
(0.924607 0.253692 -1.83643e-19)
(0.466616 0.0236249 0)
(0.330785 0.165601 0)
(0.8649 0.324391 0)
(0.602046 -0.423725 -6.4039e-16)
(0.807494 0.418535 -1.09432e-16)
(0.416165 0.29392 0)
(0.716176 2.04769 1.46434e-16)
(0.753045 0.503878 3.02108e-16)
(0.3977 0.0442865 -4.14657e-17)
(1.55977 0.395796 -7.08926e-16)
(1.4558 0.555055 0)
(0.464026 0.0110984 -1.83994e-16)
(0.508503 0.0637077 -5.77631e-19)
(0.450859 0.0204239 3.5845e-16)
(0.439701 -0.0234034 0)
(0.460795 0.0155244 -5.70951e-18)
(0.333718 1.09934 -7.42964e-16)
(0.766164 1.91539 -9.30043e-17)
(1.05884 0.590204 -1.25962e-16)
(0.324852 1.82939 4.43497e-16)
(0.160521 0.699856 0)
(0.889709 1.86583 1.5089e-16)
(0.510128 0.118253 -1.3869e-17)
(0.434792 1.86042 -6.59398e-17)
(0.253531 2.19861 1.24712e-16)
(2.07502 -0.240827 -1.02126e-16)
(0.541793 0.118303 7.98669e-20)
(0.536365 0.0553449 2.91728e-16)
(0.946221 2.08094 -5.71816e-19)
(0.646696 1.44484 -2.30279e-17)
(0.404025 0.107272 -2.50199e-16)
(0.461214 0.0100948 -2.92391e-16)
(0.70152 2.38839 9.51728e-17)
(0.242293 0.291393 1.95503e-19)
(0.403692 0.260634 -7.17132e-17)
(0.280885 1.80815 -5.30452e-17)
(1.32546 1.48332 -8.91802e-17)
(-0.131275 1.89382 5.47081e-17)
(0.609749 0.177081 3.11787e-17)
(0.590939 0.110503 3.30299e-18)
(0.509573 0.0313092 -4.32516e-16)
(1.23696 0.224074 5.76299e-17)
(-0.137563 1.35557 1.35005e-16)
(-0.0182706 0.51287 0)
(0.798253 2.06468 -4.88443e-18)
(1.30775 0.579688 1.99735e-16)
(0.38652 0.130936 3.13594e-17)
(0.468199 0.00123066 0)
(0.457692 0.0178276 3.70217e-20)
(0.166234 0.0879255 5.12013e-18)
(0.370134 0.083761 -1.02024e-16)
(0.68302 0.153201 -9.66695e-17)
(0.189536 1.09147 0)
(0.335033 0.0459337 0)
(-0.0655868 1.83004 2.82324e-16)
(0.73176 1.54783 1.16788e-16)
(0.497015 0.0899169 -2.27732e-16)
(0.6021 2.50143 -4.70859e-17)
(0.254484 1.37419 -4.17093e-17)
(2.32456 -0.22778 0)
(0.90518 0.665271 -1.74093e-16)
(0.108297 0.582546 0)
(0.0127079 2.48385 7.57239e-17)
(0.355677 2.26043 -3.97909e-19)
(0.318127 0.725635 0)
(0.739697 0.218551 -2.17455e-16)
(0.0429546 0.629454 -6.33144e-17)
(-0.103234 1.13316 4.21645e-16)
(0.112781 0.389744 -4.13953e-17)
(0.345751 1.26051 7.64921e-17)
(0.434633 0.03765 2.80208e-16)
(0.372839 0.133268 -4.35571e-16)
(0.562419 0.10343 -1.78904e-16)
(0.945121 0.401386 -1.23432e-16)
(0.159017 0.0323136 5.39814e-18)
(0.45872 2.26819 2.53877e-16)
(0.585888 1.96684 3.08913e-16)
(0.325034 -0.0266285 4.42122e-17)
(0.220774 0.356338 -1.45145e-16)
(1.50897 1.7846 -1.8049e-16)
(0.963028 0.558549 6.12357e-17)
(0.49356 0.277887 -2.51117e-17)
(0.377031 0.3669 6.40662e-21)
(0.54662 0.201806 1.94271e-16)
(2.36262 -0.00256071 0)
(0.231183 0.0784158 -4.05866e-17)
(0.483092 0.0650738 -3.35829e-17)
(0.860644 1.20631 -1.6244e-16)
(0.730999 0.656677 5.49261e-16)
(0.320559 -0.00493853 -1.87397e-16)
(0.381173 -0.0208526 1.89978e-16)
(0.373044 -0.0099745 -1.32697e-16)
(0.277259 0.00217064 2.21892e-17)
(0.328473 -0.0104497 0)
(0.189384 -0.0455801 0)
(0.34275 0.00377634 -1.61578e-16)
(0.39094 -0.0337586 0)
(0.400118 -0.0281923 3.92289e-16)
(0.264619 0.00445335 2.09912e-17)
(0.304518 -0.00442182 0)
(0.400319 -0.040402 -1.28475e-17)
(0.364503 -0.0208148 0)
(0.626245 0.0593451 -4.6332e-17)
(0.615366 0.140071 -1.2525e-16)
(0.656889 0.0755751 -1.55034e-17)
(0.355056 0.0209109 1.65236e-16)
(0.390411 -0.0160472 0)
(0.419426 -0.0165851 -2.91908e-16)
(0.260417 -0.0880793 0)
(0.279219 -0.00711881 0)
(0.362173 -0.00662463 -1.41013e-16)
(0.429537 0.0407792 0)
(0.430254 -0.00706494 -9.08244e-17)
(0.457818 -0.0220357 8.90416e-17)
(-0.0310583 0.794625 1.02303e-16)
(0.00541155 2.0314 -3.02627e-16)
(1.01593 0.703814 4.99429e-17)
(0.53646 0.177126 5.38218e-16)
(1.13848 0.721448 -5.00026e-17)
(1.06738 0.283086 -3.8667e-16)
(1.00187 0.320263 2.21718e-16)
(0.490245 0.422057 -4.55206e-18)
(0.290403 0.591175 -4.42682e-16)
(-0.245991 1.87154 3.2539e-16)
(0.550051 2.14115 1.26334e-18)
(0.0194821 0.891175 -1.95846e-16)
(-0.0387984 1.50766 0)
(0.993352 1.15676 1.67918e-16)
(0.776341 1.20541 1.78943e-16)
(0.240925 0.034333 -2.92661e-16)
(0.295035 1.69048 3.03306e-17)
(0.358012 -0.00776239 0)
(0.282768 -0.00191806 -2.29404e-17)
(0.278292 -0.00440506 -1.53215e-17)
(0.44518 -0.0244601 1.36969e-16)
(0.414809 -0.0134069 0)
(0.387747 0.0302896 1.99215e-17)
(0.48434 0.00311602 -9.00308e-17)
(0.468555 0.0216295 -2.7519e-16)
(0.388089 -0.027084 0)
(0.292542 -0.016938 -4.64553e-16)
(0.39721 -0.0401259 0)
(0.351795 -0.034971 9.18241e-17)
(0.217972 2.15923 -8.74249e-18)
(0.560071 0.0783489 3.77006e-16)
(0.0109749 0.0976304 -2.2008e-16)
(0.633393 0.126262 2.63679e-17)
(0.859045 1.85003 -2.10773e-17)
(0.509898 1.26988 -7.18189e-18)
(0.320667 -0.00270364 -9.08833e-17)
(0.558028 1.53546 -1.90773e-17)
(0.0978307 1.23623 3.7512e-16)
(0.352083 0.06645 1.06108e-16)
(0.299669 0.210028 0)
(0.731424 0.356893 0)
(0.76317 1.36097 0)
(0.707311 1.36095 3.02545e-16)
(0.447627 1.98974 0)
(0.625888 1.24778 1.11273e-17)
(0.39173 2.34289 6.64333e-17)
(0.221881 0.0270491 -4.32833e-17)
(0.469399 0.068244 -8.63824e-17)
(0.705384 1.2025 1.58191e-18)
(0.459802 0.118147 -1.39279e-16)
(0.483149 0.0166396 -1.01766e-16)
(0.803487 0.138167 4.83543e-17)
(0.94578 0.206945 3.56084e-17)
(0.254041 0.0159687 -4.31124e-18)
(0.651803 1.14704 -1.57503e-16)
(0.572414 0.214241 -2.661e-17)
(2.64805 0.123363 0)
(0.38837 0.0574711 3.07837e-16)
(0.753346 1.24928 -1.22834e-16)
(0.331487 2.06161 -2.59438e-16)
(0.408061 0.0271645 -1.06717e-16)
(0.375757 -0.00833048 -1.15952e-16)
(0.344015 0.134168 2.33553e-17)
(0.569527 1.04984 -3.25675e-16)
(0.0167705 0.203139 5.80724e-17)
(0.269481 2.355 3.07613e-17)
(0.328474 2.2604 -4.4625e-17)
(0.683705 1.2292 1.35535e-16)
(0.751022 1.30998 -3.06038e-17)
(0.478137 1.80341 -4.22054e-20)
(0.813355 1.19333 0)
(0.698848 1.20361 0)
(0.467101 1.6937 6.36447e-16)
(0.748553 0.988291 8.14576e-17)
(1.66618 0.292878 -1.37559e-16)
(2.02863 0.209621 4.7407e-16)
(1.808 0.420282 -2.90122e-16)
(2.02617 0.597136 6.06272e-16)
(1.8239 -0.0142256 -1.43517e-16)
(1.81958 0.165985 -3.75219e-16)
(2.24144 0.358272 -2.41728e-16)
(2.28972 0.756127 -2.523e-16)
(0.283297 0.187888 -2.37202e-17)
(0.403517 0.178293 -4.59434e-17)
(0.694772 1.31158 3.63395e-17)
(0.725816 2.1193 6.64632e-19)
(-0.426103 2.24217 -1.04937e-16)
(0.556904 2.17754 -1.65126e-16)
(0.274764 2.28391 2.74311e-16)
(1.19769 -0.230751 2.26925e-16)
(0.796344 1.87636 4.00878e-16)
(0.586457 1.81675 -1.7373e-16)
(1.16016 1.73965 -4.5534e-17)
(1.11538 1.15368 0)
(1.34795 2.13098 3.13378e-16)
(0.3216 2.22057 3.84519e-17)
(0.608849 1.89014 -2.24314e-16)
(0.24433 2.19188 -2.45598e-16)
(0.472836 1.88875 0)
(0.456328 1.91289 3.14685e-16)
(0.390829 2.24281 0)
(0.392286 1.82426 6.41493e-17)
(0.345616 2.24596 2.35161e-16)
(0.338889 2.14031 0)
(0.401193 1.94333 -4.33835e-17)
(0.576509 1.58622 -3.34284e-16)
(0.186514 2.35585 -8.44643e-17)
(1.32477 1.85824 -2.52929e-16)
(0.428859 1.93431 1.39959e-20)
(0.31117 2.05533 0)
(0.822418 1.5072 0)
(0.314279 1.88921 -1.07618e-16)
(0.137744 2.24756 1.75228e-16)
(0.665009 1.38242 2.83481e-18)
(0.602955 1.48604 3.03081e-16)
(0.372928 1.72216 3.41323e-16)
(1.16175 2.58368 -5.70646e-17)
(-0.359854 0.506138 0)
(0.58074 2.33869 1.86049e-16)
(0.406657 0.120488 -1.24585e-17)
(0.316139 0.10761 0)
(-0.199953 0.446859 1.12439e-16)
(0.659226 2.48031 3.22496e-17)
(0.607966 2.14731 -2.88662e-17)
(0.292254 1.77518 -2.46021e-16)
(0.912457 2.16294 5.45607e-17)
(1.07774 -0.0816451 -1.1093e-15)
(1.21841 -0.130868 -6.92755e-16)
(0.20958 0.398083 0)
(-0.0898401 0.200244 -4.81919e-17)
(1.14354 0.415254 -1.24581e-16)
(0.77787 0.642574 3.05226e-16)
(0.32767 0.0481496 -5.9341e-17)
(0.407496 0.0768252 -5.77371e-17)
(1.07686 0.301496 5.51216e-16)
(0.410654 0.0442016 -1.7912e-16)
(1.48248 0.258994 0)
(0.355984 0.021192 1.4591e-16)
(0.416531 0.043974 -5.70617e-16)
(0.349888 0.0302843 7.01507e-17)
(1.45469 0.577783 -2.43218e-16)
(2.33746 -0.0229247 -4.49147e-17)
(1.65036 0.543478 -1.6128e-16)
(0.350523 -0.0147002 -1.04325e-16)
(0.408396 0.0470773 1.02095e-16)
(0.344115 0.0398084 -4.76525e-17)
(0.493073 0.831487 0)
(1.25034 0.734127 1.61427e-16)
(1.05203 1.04067 5.2692e-19)
(0.0947739 2.48937 1.43604e-16)
(-0.17473 0.260015 -1.4522e-17)
(0.322381 0.719625 1.23233e-17)
(0.385488 -0.0171426 2.15278e-16)
(0.414767 0.0378002 1.31728e-17)
(0.279911 1.23927 4.75722e-17)
(0.464727 1.2831 -4.86869e-17)
(0.337847 0.0572764 4.92276e-17)
(0.743054 1.12919 -1.26513e-16)
(2.39274 -0.0498354 2.9347e-16)
(0.355531 2.0973 -1.77293e-17)
(0.491886 1.91781 -3.78055e-16)
(0.513297 2.03372 -9.16283e-18)
(0.489389 1.91033 -3.94099e-16)
(1.44836 1.1702 0)
(0.554015 1.90253 2.51196e-16)
(0.227986 2.01802 6.76094e-17)
(0.00246169 1.74364 -5.55997e-18)
(0.558069 1.91845 -7.6977e-17)
(0.375536 -0.040111 3.11004e-18)
(0.418997 0.0334083 -1.00875e-16)
(0.475666 1.60045 -4.91842e-16)
(0.363891 1.63207 -1.73742e-16)
(0.483542 1.51473 8.27158e-16)
(0.351558 2.32442 5.04899e-17)
(0.240275 2.31494 1.24727e-18)
(-0.163419 2.30648 2.7381e-16)
(0.0744409 2.19537 0)
(0.535819 1.39343 2.27323e-16)
(0.705616 2.48965 0)
(-0.142968 2.17262 8.27006e-17)
(0.217156 0.288049 8.76967e-17)
(0.318007 0.0447999 -5.35941e-17)
(0.38698 0.0416632 3.71183e-16)
(0.743255 1.17927 -4.63118e-17)
(0.393525 1.95944 -5.90613e-17)
(0.440192 1.89894 1.25434e-16)
(0.0936214 2.10563 0)
(-0.0460305 2.58323 0)
(2.00848 0.556155 1.68652e-16)
(0.466254 2.70441 -3.04139e-17)
(0.45238 0.0432714 -4.66786e-17)
(0.128772 1.03865 -4.03417e-16)
(0.176339 2.7206 3.89867e-17)
(0.259023 2.43086 4.39947e-17)
(0.42196 1.90194 2.56627e-16)
(0.222344 2.58328 -1.24831e-16)
(0.494173 1.96154 9.87408e-17)
(-0.194394 1.56349 -4.47238e-17)
(0.263948 -0.0172728 0)
(0.382426 2.36098 0)
(0.299468 2.35489 0)
(0.407281 -0.0327903 1.10959e-16)
(0.414107 0.0420869 3.02273e-16)
(0.479001 0.000630613 -9.57593e-18)
(0.401148 2.55894 7.17543e-17)
(0.706849 1.21869 7.75052e-17)
(0.744518 1.17481 -1.30957e-16)
(0.374781 1.95661 0)
(0.379203 0.214399 -1.62342e-16)
(0.474459 0.175088 -5.93828e-17)
(0.732196 1.40277 -1.32396e-16)
(0.4704 1.83923 -6.47443e-17)
(0.283885 0.0462643 5.49258e-16)
(0.2287 0.839725 1.22362e-17)
(0.728331 1.18145 8.43379e-17)
(0.382909 2.39046 0)
(2.51088 -0.00874624 -4.38478e-16)
(0.886053 0.938692 -9.09399e-17)
(0.484734 0.0346441 0)
(0.281535 0.25936 5.14556e-17)
(0.495844 1.93448 -1.13193e-17)
(0.372284 2.34711 2.10334e-17)
(0.466261 0.0201235 0)
(0.0928386 1.22853 0)
(0.515759 1.93773 9.99806e-17)
(2.23789 0.290126 1.83006e-16)
(0.991297 1.02397 -6.51933e-17)
(0.519733 1.92619 1.27466e-16)
(0.297756 2.46175 1.12854e-16)
(0.32575 0.0842953 0)
(0.536566 1.93464 -1.28582e-16)
(0.517729 1.92171 1.02889e-16)
(0.493679 0.748539 -9.96731e-17)
(0.411653 0.0178979 9.99002e-17)
(0.826292 1.32185 0)
(0.712106 1.15064 2.53154e-16)
(0.497911 0.0224822 0)
(0.312245 2.272 -2.01255e-21)
(1.30686 1.78638 -1.78019e-16)
(0.430184 0.0243349 9.46459e-17)
(0.391951 2.30971 0)
(0.348696 1.89719 1.07626e-16)
(-0.0211772 0.342926 -2.25439e-17)
(0.0885779 0.133231 1.86616e-16)
(2.3941 0.0442656 3.91273e-16)
(0.392876 0.0763705 0)
(0.396986 -0.0717203 0)
(0.424755 0.0378658 -9.05517e-17)
(1.10736 1.28387 -7.60813e-17)
(0.622857 1.08885 -1.10002e-17)
(0.376374 2.35139 0)
(0.76085 1.15867 -1.65685e-16)
(0.388974 2.26937 1.39674e-16)
(0.449515 -0.0462898 -1.99971e-16)
(0.415411 0.0584069 -3.90557e-16)
(0.630712 0.207099 4.0286e-16)
(0.41822 0.18592 2.27022e-16)
(1.49304 1.75992 2.46739e-16)
(0.836933 1.41782 0)
(0.258802 0.120335 -1.78785e-16)
(0.363419 2.20492 -2.22067e-20)
(0.320785 2.3211 4.07518e-16)
(0.692261 1.08033 -1.11094e-17)
(0.506305 2.69774 6.87207e-17)
(0.409165 1.77219 2.63465e-16)
(0.0831583 2.15702 -3.39538e-16)
(0.108488 0.306472 0)
(0.303854 0.129411 -2.15635e-16)
(0.389661 2.33949 -9.26261e-18)
(0.273667 0.885531 -5.52953e-16)
(-0.281832 1.59708 -7.18669e-19)
(0.737415 0.0457496 -1.94419e-16)
(0.442494 0.165397 -1.99911e-16)
(0.480251 0.0164794 -1.57009e-16)
(-0.0825917 1.87987 -3.30901e-19)
(0.854998 0.7853 0)
(0.455599 0.0240639 0)
(0.515995 1.89808 -1.34989e-16)
(1.07027 0.191485 -9.84685e-17)
(0.360343 0.0787166 -6.12037e-17)
(0.479463 0.0211574 -1.00534e-16)
(0.469779 2.35147 -1.09057e-16)
(0.753528 2.07236 0)
(0.348844 2.363 -1.69991e-17)
(0.407725 0.044774 -2.43533e-17)
(-0.113135 0.223589 2.44214e-17)
(0.899543 1.31904 7.1879e-17)
(0.73385 0.996663 2.33779e-17)
(0.766188 1.27236 0)
(0.349624 2.44598 7.31235e-18)
(0.451427 -0.128529 -9.17787e-17)
(0.439577 0.0503692 8.92449e-17)
(0.477811 0.0177166 0)
(-0.129725 2.40536 -2.10317e-19)
(0.482672 0.0120936 -7.19851e-17)
(0.573795 1.61701 -2.18236e-16)
(0.224309 -0.0672055 4.20109e-17)
(1.81692 0.651795 0)
(0.507933 0.0490768 -3.81541e-16)
(0.146835 1.8794 -3.12956e-16)
(0.400739 2.44874 1.57371e-16)
(0.478132 0.0164363 0)
(0.331292 0.067199 -4.87188e-17)
(0.424731 2.30048 0)
(0.790793 0.905031 0)
(0.207253 2.09625 0)
(0.334774 1.00438 -7.50581e-17)
(0.650144 2.30253 2.30848e-16)
(0.852572 1.94015 9.45353e-17)
(0.787912 0.990577 9.83122e-16)
(0.478892 0.0167247 -5.53496e-17)
(0.450494 -0.0394763 -3.12834e-18)
(0.100724 0.928264 1.32285e-20)
(0.356647 2.38187 -6.38043e-18)
(2.15336 0.419676 -1.78828e-16)
(0.124164 2.10928 1.15755e-16)
(0.738246 1.82201 1.10675e-16)
(0.523502 2.43001 -8.64385e-17)
(0.544613 1.99182 1.5119e-16)
(0.593493 0.431351 -4.11991e-16)
(0.410754 2.35388 0)
(0.763318 0.745002 -8.07483e-18)
(0.480998 0.0196764 4.1315e-17)
(0.90002 0.273149 9.65832e-17)
(0.905866 0.116803 9.64131e-17)
(0.689546 0.00631009 1.64419e-16)
(0.288451 0.0664324 -2.23683e-16)
(0.23685 0.0398118 -1.63622e-19)
(0.202724 1.95559 2.17981e-19)
(0.422282 2.40941 0)
(0.525023 0.0293119 0)
(0.264465 1.27334 3.83294e-17)
(0.912502 -0.0856957 -1.84094e-20)
(0.553329 0.155911 1.9438e-16)
(0.510102 -0.0206218 0)
(0.478072 0.155869 1.44241e-16)
(1.14933 0.358449 0)
(0.282492 0.0230323 0)
(1.6796 1.56205 6.24985e-17)
(0.158132 0.18088 -1.72591e-16)
(-0.18497 -0.278142 -4.83954e-17)
(0.40352 2.83343 -3.41202e-17)
(0.226959 1.14204 8.98493e-17)
(0.485079 0.0263983 -1.37225e-17)
(0.776377 1.56878 2.72659e-16)
(0.745694 1.05781 1.08692e-16)
(0.635236 1.86464 -1.84213e-16)
(0.501607 0.0675421 4.18535e-17)
(1.27903 0.726294 9.42184e-17)
(0.533707 0.283668 -1.90247e-16)
(0.665665 0.714722 8.74119e-17)
(0.683389 1.22884 -2.05957e-16)
(0.538771 1.93326 2.34886e-16)
(0.486439 0.261359 -1.81092e-16)
(0.962084 0.8252 9.24835e-17)
(0.0460617 2.34405 2.40661e-19)
(0.655905 1.25168 1.20506e-16)
(0.162096 1.70363 -2.72498e-17)
(0.706716 1.25364 0)
(0.478056 2.26139 0)
(0.534706 1.93487 -2.79111e-16)
(0.615632 -0.205433 9.16473e-17)
(0.476975 0.0791112 -1.90056e-16)
(0.0987017 -0.154204 1.15682e-17)
(2.33242 0.0166441 2.13661e-17)
(0.550419 -0.0549517 0)
(0.424035 0.0925928 1.98333e-16)
(0.145636 1.91646 0)
(1.08376 0.858645 0)
(0.357905 2.31811 -1.22749e-16)
(0.491242 0.0403917 0)
(0.142572 0.752549 -4.31046e-16)
(0.863399 1.18199 5.14377e-16)
(0.697909 1.48931 9.00118e-17)
(0.421246 0.0267504 -9.19617e-17)
(0.694415 1.18994 -7.98006e-17)
(0.384761 2.27845 -1.81787e-16)
(0.49199 0.127836 -2.60543e-16)
(0.8466 1.23963 1.86968e-16)
(0.366571 0.222118 -1.57971e-17)
(-0.229442 2.04081 -2.67826e-16)
(2.23443 0.0872814 -9.96925e-17)
(0.405178 1.92632 6.84666e-17)
(0.00885593 1.41081 0)
(0.589445 1.39705 -2.21429e-16)
(0.952995 0.0114988 9.02846e-18)
(0.890001 0.0152396 -3.42742e-17)
(0.527234 2.07421 -6.70801e-20)
(1.04077 0.0230206 -9.19281e-18)
(0.842082 0.0328875 0)
(0.871242 0.296172 -2.60628e-16)
(0.306933 2.24653 0)
(0.110705 0.0781793 4.24862e-16)
(1.13929 0.0348424 -7.29655e-17)
(0.70756 0.0416241 0)
(-0.0152941 0.754344 7.41345e-16)
(0.0133083 1.52944 1.51826e-16)
(-0.146866 0.797356 -3.07561e-16)
(0.309784 0.00196856 -4.32654e-16)
(0.301173 0.384072 2.8014e-17)
(-0.309767 1.07672 0)
(1.62142 0.692201 2.39919e-16)
(0.929866 0.111466 8.25131e-17)
(1.82604 -0.0179208 1.27146e-16)
(0.529157 -0.0824736 1.43628e-16)
(0.53206 1.10984 4.5894e-17)
(0.740913 1.20818 3.90219e-17)
(0.507559 2.55905 -1.48527e-19)
(0.403291 2.16996 5.91851e-19)
(0.58704 1.87731 0)
(1.02633 0.991218 4.19944e-17)
(0.6673 0.081171 0)
(1.60051 0.0126401 -5.24611e-19)
(-0.016464 0.476874 -1.34211e-20)
(0.60161 0.822952 4.84008e-17)
(0.212348 0.774154 -1.36165e-16)
(0.148224 0.334825 0)
(0.537122 1.75087 -6.89221e-17)
(2.15185 1.42901 -2.75829e-16)
(1.71216 -0.00133533 -2.58493e-16)
(0.985953 0.301692 0)
(0.281156 -0.236779 -1.09697e-19)
(1.26909 1.20228 -1.7389e-16)
(0.391951 0.439193 6.08275e-16)
(0.598472 -0.144009 5.65922e-16)
(0.505443 -0.0118441 -4.49993e-16)
(0.699359 0.872727 -1.98251e-17)
(0.488984 0.522229 1.85373e-16)
(0.194367 0.288486 -3.32035e-17)
(1.44003 0.71624 -1.73575e-16)
(0.28915 0.0672066 -8.48288e-21)
(0.79474 0.95211 1.17102e-16)
(0.675229 1.31944 8.32806e-16)
(-0.0377931 2.23645 -3.43271e-20)
(0.089227 0.0356195 0)
(0.28184 0.0180847 8.98441e-17)
(0.651312 0.979416 -3.54505e-21)
(1.01338 0.470628 -9.50545e-17)
(0.428362 0.00847085 -9.42311e-17)
(0.446574 0.0212311 4.43451e-17)
(-0.206922 0.889693 -2.98222e-16)
(-0.00293039 0.795716 1.18312e-16)
(0.847879 0.993557 -8.22242e-17)
(0.344299 0.252743 1.64492e-16)
(0.648144 0.405407 2.10645e-16)
(-0.316234 0.837704 2.94199e-16)
(-1.13747 1.82099 -1.67925e-16)
(0.169516 1.74079 -4.39655e-16)
(-0.288778 2.15065 9.42244e-19)
(0.193568 0.0351547 -1.14679e-19)
(1.47399 0.37144 2.62081e-16)
(0.0174817 0.902701 -2.52742e-16)
(0.0400777 1.91801 0)
(0.795821 1.17158 2.8413e-16)
(0.412194 0.016753 -1.0182e-16)
(0.3156 -0.0919726 4.19218e-17)
(0.831323 0.92544 2.40182e-17)
(-0.845564 -0.160501 4.32205e-17)
(0.405658 1.86103 1.34221e-16)
(0.486426 0.00341107 -1.24987e-16)
(0.462525 -0.012906 9.44955e-17)
(1.20578 1.98902 2.36234e-16)
(0.515325 1.90573 -4.24056e-16)
(-0.31127 -0.00247377 -2.29617e-17)
(0.470906 -0.00723708 -3.67667e-16)
(0.330379 1.79889 0)
(0.0478731 1.03026 -7.05155e-17)
(1.06276 1.38009 -3.13627e-19)
(-0.0676764 1.81791 -5.91271e-17)
(0.0364835 -0.136836 -4.45508e-17)
(-0.0942835 2.60708 -2.19388e-16)
(0.838825 1.6439 6.39185e-17)
(0.802305 1.74749 -2.15213e-16)
(0.662854 0.0983483 -2.94034e-18)
(0.797399 1.75469 -7.22533e-17)
(0.668302 1.24399 8.03506e-17)
(0.460447 -0.0134466 0)
(0.468014 -0.00155179 0)
(0.210954 2.50837 -3.47309e-18)
(0.47148 0.180048 -4.29219e-16)
(0.312459 0.200162 2.50192e-16)
(0.35484 0.0187619 0)
(0.542708 0.0495926 0)
(0.68774 1.2944 -1.64646e-17)
(0.728559 -0.0602391 -9.02829e-17)
(0.516412 -0.10497 1.43682e-16)
(0.389766 0.0268722 1.60936e-16)
(0.798104 0.60024 9.41418e-17)
(1.46782 2.27891 -7.37166e-16)
(0.546494 0.957083 0)
(0.708715 0.291538 -1.0959e-16)
(1.52478 0.392457 -6.2218e-17)
(1.14205 0.255644 0)
(0.35744 0.357661 -1.73996e-16)
(2.42159 0.137827 -2.01762e-16)
(0.499796 1.86533 6.72131e-16)
(0.824589 0.117668 -1.08684e-16)
(0.604829 1.34002 -2.12031e-16)
(1.22625 0.890077 0)
(1.39815 0.9158 0)
(0.57192 1.92731 1.50987e-16)
(0.636224 1.27871 -7.22721e-17)
(0.0893375 2.14968 1.70222e-16)
(0.405818 0.914174 0)
(0.758463 1.18409 8.41672e-17)
(0.172104 1.99835 1.22279e-19)
(0.493258 -0.0137071 0)
(0.328497 0.0298471 0)
(0.447519 1.18173 4.84178e-17)
(0.309961 -0.0191812 0)
(0.628765 0.922012 2.56318e-17)
(1.48412 0.026186 1.35873e-16)
(0.981919 1.86007 1.5933e-16)
(0.76128 0.106732 3.48281e-16)
(0.132468 2.01347 -1.1466e-16)
(-0.152344 2.73782 -1.64432e-16)
(0.385921 0.0675093 2.03369e-16)
(0.474392 0.00462027 0)
(-0.07633 1.73817 -6.70842e-17)
(0.47471 -0.00903226 1.95256e-16)
(0.91501 1.2497 0)
(0.664852 -0.0436802 -1.50136e-16)
(0.398881 0.0275154 0)
(0.251722 0.0555473 -2.61165e-16)
(0.18286 1.70111 0)
(1.59683 -0.0313446 -1.87233e-16)
(0.312903 -0.375518 4.83664e-18)
(0.468563 0.0736809 1.38002e-16)
(0.399805 0.950707 7.44284e-16)
(0.781401 2.36588 0)
(0.337634 1.56669 6.55913e-19)
(0.570198 1.79428 1.79149e-16)
(0.659774 0.921018 -1.74898e-16)
(0.366853 -0.0395372 4.20893e-17)
(-0.223391 0.564148 -1.50774e-16)
(0.358832 0.0574638 1.86656e-16)
(-0.0502178 1.68661 3.89551e-17)
(0.422791 -0.0434284 5.33899e-18)
(0.0449282 2.72258 -4.27339e-16)
(0.903985 2.39089 -1.39422e-16)
(0.650553 1.87041 2.6918e-16)
(1.01399 0.26152 3.24024e-16)
(0.586381 0.614861 -9.47348e-17)
(0.474214 0.0475937 -9.50698e-17)
(0.611187 -0.079241 -7.3276e-17)
(0.370208 0.0302791 4.13685e-16)
(0.401923 0.0196879 1.98884e-16)
(0.176267 2.58996 8.53531e-17)
(0.327265 0.211435 0)
(0.326473 0.319557 0)
(0.290528 1.03035 -1.71106e-16)
(1.92919 0.174043 2.39531e-16)
(0.263109 1.82699 -2.77923e-17)
(0.402469 0.0346878 -3.08522e-16)
(0.165629 1.07357 6.96737e-18)
(0.0253747 1.86774 -7.80539e-17)
(1.01593 1.32116 5.41099e-16)
(0.35223 -0.108452 1.11312e-16)
(0.475352 0.0359108 4.70333e-17)
(0.467352 -0.000932164 0)
(1.5991 0.932522 1.42723e-16)
(0.352745 0.227851 0)
(0.301963 0.339603 0)
(0.411747 0.0740776 -4.08155e-18)
(0.377821 2.00855 0)
(0.425263 0.0167082 0)
(0.39148 1.11847 0)
(0.0340305 0.542359 0)
(2.80012 0.76761 -4.52963e-16)
(0.174809 1.0092 -2.13131e-16)
(0.318265 2.56147 -1.291e-16)
(0.308081 0.112264 -4.52271e-18)
(0.603014 1.63996 -4.45843e-16)
(0.289062 0.625609 -4.00341e-16)
(0.505874 1.91267 2.92811e-16)
(0.202802 1.44013 -6.01664e-16)
(0.287519 1.97323 3.19974e-16)
(0.00606184 1.0256 7.04501e-17)
(0.476484 0.00622117 0)
(0.532751 0.827136 0)
(0.472682 1.30047 2.18117e-16)
(0.782165 0.589076 8.42883e-16)
(0.383791 0.797295 3.33643e-16)
(0.816163 2.0405 0)
(1.07038 0.405925 0)
(0.519743 1.93152 1.86144e-16)
(0.267236 0.0433922 2.32836e-17)
(0.503485 2.39859 -1.36557e-16)
(0.47325 0.0199099 -1.37827e-16)
(0.620554 2.03536 -3.09657e-16)
(0.488751 0.0148005 -3.06639e-18)
(-0.0262813 0.927547 3.18339e-17)
(-0.0524506 0.904648 -1.10167e-17)
(-0.0505051 0.795725 0)
(-0.0627173 0.867313 -4.67121e-17)
(-0.129976 1.81167 0)
(-0.072065 1.60502 0)
(-0.154694 2.00842 0)
(-0.118716 2.16073 0)
(0.000302921 0.932698 0)
(-0.0729913 2.26843 0)
(-0.0326762 2.34614 0)
(0.0190701 0.908615 -2.12047e-17)
(0.0308864 0.8584 -2.08006e-17)
(0.0377717 0.78987 2.13737e-17)
(0.348521 1.98821 1.33957e-17)
(0.0403267 0.707295 1.12319e-17)
(0.0376289 0.62213 2.8895e-18)
(2.54504 0.370367 4.75512e-16)
(0.354001 0.443805 -9.53718e-17)
(1.92012 1.25652 0)
(0.470628 -0.00854632 0)
(-0.00104741 2.37766 0)
(0.330528 2.13282 8.14769e-18)
(0.554454 1.1485 0)
(0.212038 0.576707 1.49452e-17)
(-0.0600478 1.69348 -7.35324e-17)
(-0.0256716 0.427957 -2.10374e-17)
(0.362384 1.909 0)
(0.0277834 1.9598 1.54648e-16)
(0.356267 0.0316024 0)
(0.484265 0.0100819 -1.42795e-16)
(0.0875189 1.54982 -1.59435e-17)
(0.807772 1.13876 -2.9763e-16)
(0.0415083 0.902544 -2.68961e-16)
(0.355975 0.0386753 1.74835e-17)
(0.385612 1.41719 2.01674e-16)
(0.037 1.4471 2.78189e-17)
(0.395998 0.0357681 1.28815e-17)
(0.425203 -0.0207146 0)
(0.0261159 2.356 0)
(0.174183 0.888316 2.35451e-17)
(0.285155 1.89424 -3.62982e-16)
(0.602083 1.51745 -1.04942e-16)
(0.148922 1.88836 6.38219e-16)
(0.518315 1.98936 8.98628e-17)
(0.47545 0.00773691 -1.98472e-16)
(0.373726 -0.0114809 -4.34623e-17)
(1.58176 -0.0383845 2.15045e-16)
(0.394473 0.0283148 1.44664e-16)
(0.440348 0.0377981 2.52071e-16)
(0.216423 1.59071 5.14027e-16)
(0.140174 2.77102 -1.05491e-16)
(1.35549 2.65061 -4.40813e-17)
(0.116623 1.72413 0)
(0.0563931 2.26395 -6.66024e-17)
(0.427727 1.69005 0)
(0.364365 0.0608528 0)
(0.0226044 1.36681 0)
(0.359201 2.25173 -4.29835e-16)
(0.478326 1.89839 1.1324e-16)
(0.431385 2.55472 4.19656e-17)
(0.113228 1.92306 0)
(0.0877017 2.11394 6.61313e-17)
(1.60827 0.53437 1.90246e-16)
(0.478809 0.00697248 1.03469e-16)
(1.85589 0.905123 -8.68344e-19)
(0.380597 0.67844 -6.9048e-16)
(0.14425 0.957661 -2.88281e-17)
(0.656005 2.76739 0)
(0.318912 0.44032 -7.02532e-17)
(0.168992 1.49825 -8.45582e-17)
(0.482298 0.0170563 0)
(-0.0573928 1.46257 7.05711e-17)
(0.0736687 1.32107 0)
(0.572017 1.23955 -1.60037e-16)
(0.820808 0.20197 -1.43497e-16)
(2.30122 0.0391352 0)
(0.403886 0.024122 2.70571e-16)
(0.403837 -0.0224122 4.80167e-17)
(0.986572 0.207429 1.84775e-16)
(0.350181 2.12711 2.67796e-16)
(0.482215 0.00421528 5.46784e-18)
(0.108644 1.89632 1.53503e-16)
(0.33536 2.63097 0)
(0.606757 2.94726 0)
(1.80189 0.61465 1.14244e-16)
(2.14478 0.232822 0)
(1.90497 -0.280647 4.03803e-16)
(1.43869 0.281445 -2.68704e-17)
(0.8675 0.138921 -7.09496e-16)
(0.598789 0.340071 -2.86162e-20)
(0.47381 0.011666 3.80861e-16)
(0.527737 0.458189 -4.72821e-20)
(0.434928 2.09181 0)
(2.11092 -0.0649964 1.97593e-16)
(0.0498152 0.880713 2.44976e-16)
(0.487583 2.16349 -7.39716e-16)
(0.340136 2.68623 -2.7779e-16)
(0.522371 0.0293478 -3.34368e-16)
(0.682286 0.445213 -2.24031e-16)
(0.354134 0.619529 6.12028e-17)
(-0.0107002 1.17378 -1.70785e-16)
(0.574832 0.0502946 2.11622e-17)
(0.452657 0.102694 -7.76845e-17)
(0.381708 0.122256 -1.13445e-17)
(1.33504 0.278581 0)
(0.872123 1.04396 9.23462e-17)
(0.32316 2.62188 -2.58683e-16)
(0.0349777 0.135777 1.1031e-17)
(1.10279 1.57614 -7.79886e-17)
(0.415771 0.0369624 -2.7378e-16)
(0.391544 -0.00133137 0)
(0.365262 0.0286223 1.04409e-16)
(0.27079 0.0831447 4.75e-16)
(0.456203 1.96936 -5.73994e-16)
(1.36288 0.035976 0)
(0.652203 1.14264 0)
(0.477779 2.09847 -3.15988e-17)
(0.309797 0.0311061 0)
(1.35086 0.811269 0)
(1.84038 1.49191 2.25271e-17)
(0.339738 2.57026 -1.68917e-16)
(0.176475 1.61695 0)
(0.529495 -0.203711 8.65012e-17)
(0.0333365 0.469293 1.16134e-17)
(0.440895 0.0459303 2.72147e-16)
(0.378261 0.0319372 0)
(0.4748 0.013266 7.42419e-17)
(0.3007 2.29686 -3.3591e-16)
(2.09586 0.142375 0)
(2.3013 0.588841 0)
(0.908647 0.183796 4.58285e-16)
(2.15118 -0.0634142 -4.91357e-17)
(0.421093 0.028376 -5.26831e-16)
(0.381934 0.00435737 -1.73802e-16)
(0.21872 2.30799 0)
(0.227632 0.462547 0)
(2.20098 0.159096 9.16298e-17)
(0.944858 -0.445794 0)
(0.394772 0.160527 0)
(1.62763 0.466222 0)
(1.73633 -0.272693 4.89249e-16)
(0.430957 0.0215344 0)
(1.98218 -0.0397158 -2.69997e-16)
(0.292888 1.49731 2.99502e-16)
(0.225286 0.67212 -3.83754e-17)
(2.35111 0.411248 -1.09197e-16)
(0.234508 2.46852 0)
(2.40076 0.269885 -1.98731e-17)
(0.651781 -0.197008 -3.25807e-17)
(0.509649 0.0267697 -4.61783e-17)
(-0.255567 1.07961 2.44238e-16)
(1.13022 0.728337 -3.37532e-16)
(0.347363 0.113882 4.37631e-17)
(0.378359 2.40669 8.44627e-17)
(-0.103822 1.11971 0)
(0.07068 1.01016 -1.03446e-16)
(1.6979 1.37949 0)
(-0.0698556 0.398338 2.45374e-16)
(1.91011 2.06866 1.44325e-16)
(0.333977 0.0399172 -3.10236e-16)
(0.0817499 1.21144 3.79744e-20)
(2.11831 -0.0692418 3.50957e-18)
(0.422157 0.0765461 -1.99039e-16)
(0.520724 1.91153 3.44133e-16)
(-0.0153275 0.362128 3.39094e-16)
(0.687543 0.0825896 -2.40918e-16)
(0.0342322 0.39654 4.59902e-17)
(1.92321 -0.0440993 0)
(2.15458 0.110301 -1.29229e-16)
(-0.0101122 1.41103 0)
(0.198212 0.476035 -2.78119e-16)
(0.951393 1.10499 0)
(0.453593 0.240348 -1.9376e-16)
(-0.0356477 1.65022 -2.34876e-16)
(0.466303 1.31829 4.18159e-19)
(-0.0600134 1.65387 -6.74127e-17)
(-0.0210159 1.05285 -2.82062e-18)
(-0.0528528 2.38845 -1.41059e-16)
(0.489952 -0.017808 -9.60318e-17)
(2.20831 0.0715397 1.95271e-16)
(0.481552 -0.0104253 0)
(0.209042 -0.0512471 4.4625e-17)
(0.693282 1.68243 3.16197e-16)
(0.552815 -0.0707189 -1.12523e-17)
(0.460961 -0.0153295 -4.30516e-20)
(0.582652 0.0526629 0)
(0.550774 0.0838296 4.51666e-16)
(0.301595 0.0184662 -5.66592e-18)
(2.08819 -0.0706259 6.36026e-18)
(0.720442 1.17095 -3.24564e-16)
(0.723994 0.224442 -9.92068e-17)
(0.760596 0.374541 -2.44932e-16)
(0.656264 0.205625 4.03195e-18)
(0.659919 1.92646 0)
(0.643331 0.126889 -1.83369e-17)
(0.637374 0.200302 1.83996e-17)
(0.591403 1.24657 7.67477e-17)
(0.0183072 1.6867 3.53795e-17)
(0.355985 2.21627 0)
(0.359312 0.143803 2.27467e-16)
(-0.0426342 1.42287 -7.40189e-17)
(1.37022 0.163143 0)
(0.368141 0.636519 -7.88058e-17)
(-0.074099 0.493719 2.38235e-16)
(0.49353 0.0160003 1.31772e-16)
(1.5031 -0.112833 0)
(0.0350942 0.326059 -4.57035e-17)
(0.0835647 2.67693 0)
(0.948703 1.47464 -4.86385e-16)
(0.230125 -0.0382746 0)
(0.0494186 1.79576 0)
(0.0582801 0.839718 2.98248e-16)
(0.491525 0.0144092 0)
(0.117264 0.577852 -2.06117e-17)
(0.384535 0.030076 -1.17542e-17)
(0.348508 1.5351 -1.42412e-16)
(0.352208 0.022844 9.60084e-17)
(0.82638 0.454216 0)
(0.898847 0.833895 -3.04665e-16)
(0.412968 0.00265173 4.77159e-17)
(0.426844 -0.119186 -3.40423e-17)
(0.48728 1.91121 -1.01638e-16)
(0.627609 2.30471 -2.17368e-16)
(2.1361 -0.068559 2.45357e-17)
(0.778922 1.53663 3.37803e-16)
(0.401027 1.24284 -9.53676e-17)
(0.124679 1.32239 8.86617e-17)
(0.0480721 0.980792 -6.61714e-18)
(0.450621 -0.103207 -2.79953e-18)
(0.392842 0.0385805 -1.50275e-17)
(0.0387837 1.49892 8.45401e-17)
(0.397623 0.0187657 0)
(0.516796 2.35686 0)
(0.427211 -0.0271924 0)
(-0.0623693 1.52201 7.46129e-17)
(1.21398 0.134903 1.51547e-16)
(0.826507 0.197657 -5.76345e-16)
(0.337801 2.54551 3.0739e-18)
(0.00674721 0.981774 -1.99747e-17)
(0.16309 1.85098 -5.47429e-17)
(0.29854 -0.0297085 0)
(1.78965 0.279488 7.86731e-17)
(-0.162039 1.76617 1.88093e-16)
(-0.0105426 0.978367 0)
(0.410117 -0.000742804 0)
(0.104331 0.229925 0)
(0.139194 1.47401 -3.83408e-16)
(-0.039293 2.73535 0)
(0.467395 1.86787 -3.49403e-16)
(-0.0378362 2.83721 -1.28922e-16)
(0.406723 0.0263633 0)
(0.6263 0.243229 -1.3413e-17)
(0.338267 0.548588 -4.72798e-17)
(-0.0292767 1.71677 1.65755e-17)
(0.572668 0.01944 5.04091e-17)
(0.32342 2.22662 2.37956e-16)
(0.500008 1.85731 0)
(0.495588 1.92793 0)
(0.100389 0.15922 -1.30879e-22)
(2.25663 1.33719 8.93318e-16)
(0.717123 0.240217 -6.67775e-17)
(0.176927 0.233508 0)
(1.09253 2.67743 4.61512e-16)
(0.39688 0.186302 3.58292e-16)
(0.572976 0.687297 0)
(1.09847 1.7565 -4.0744e-16)
(0.504831 0.0249677 -1.78836e-20)
(0.343318 2.29733 2.35841e-16)
(0.245734 0.165454 0)
(0.322531 2.4676 0)
(1.14878 0.237128 -2.28547e-16)
(0.321779 0.0824259 -4.5552e-17)
(0.279959 0.0423156 -4.75765e-16)
(0.254372 2.3847 0)
(0.323432 2.39496 -1.42694e-16)
(0.474877 -0.00156558 1.14578e-17)
(1.0888 1.14595 -2.94144e-16)
(0.728805 1.8414 1.35053e-16)
(1.12514 0.945607 1.66024e-16)
(-0.611571 1.57698 0)
(1.30194 -0.291554 6.64118e-17)
(-0.469374 2.6626 -1.11146e-16)
(0.0416181 2.80869 -5.83108e-17)
(0.604697 0.335017 5.55108e-16)
(0.215901 0.0760627 0)
(0.117098 1.79463 -7.0475e-17)
(0.0405167 1.60052 -3.87405e-17)
(0.35188 2.2473 5.01977e-16)
(0.480655 1.90308 -4.38517e-16)
(0.2228 1.8866 -6.61665e-17)
(0.477305 0.101271 1.00462e-16)
(0.426725 0.0930271 3.40503e-17)
(0.0969195 0.0938658 -4.09021e-23)
(-0.251798 0.841669 -2.31711e-17)
(0.106961 1.07558 -2.16218e-16)
(0.589915 1.42664 8.60132e-20)
(0.349951 0.0241696 0)
(1.46105 0.661398 5.83296e-17)
(0.705966 1.31372 -1.45747e-16)
(0.350522 0.00428256 3.46779e-16)
(1.92266 -0.155816 -3.36817e-16)
(0.34557 1.31055 2.34404e-16)
(0.41279 2.37887 -2.06342e-16)
(0.372653 2.28066 -3.47139e-16)
(0.489601 1.95957 -1.73251e-16)
(0.315756 2.27642 -1.39429e-16)
(0.629072 0.35229 0)
(1.13503 0.620711 -2.02273e-17)
(0.374487 0.033417 1.98721e-17)
(0.484199 0.399811 2.17656e-16)
(0.336397 1.43982 7.57748e-17)
(-0.111988 1.79819 -5.796e-16)
(0.628457 1.04341 -7.34324e-17)
(0.439982 1.90228 0)
(0.569999 1.68663 -1.69104e-16)
(0.211399 0.467342 8.48578e-17)
(0.626081 0.649691 2.95904e-19)
(0.407651 1.09938 -1.86109e-16)
(0.674715 1.59183 8.76787e-17)
(0.0393036 -0.0368577 1.99258e-16)
(1.60218 0.0688822 -5.25476e-16)
(0.993737 0.118441 -1.06921e-16)
(0.366593 0.0278269 -8.29756e-17)
(1.67392 0.29347 5.99026e-19)
(1.47111 1.23897 0)
(0.20542 0.371199 3.34431e-17)
(0.498683 0.0109671 -1.13272e-16)
(1.70534 0.069127 0)
(-0.00404476 1.3612 0)
(-0.0263434 0.681967 0)
(0.176984 0.192491 0)
(0.457661 1.91432 -9.59639e-17)
(2.00308 -0.167721 -4.09157e-16)
(0.669205 0.0367247 3.08648e-16)
(0.366115 2.26479 -2.30993e-16)
(0.494105 1.93577 5.72522e-16)
(0.631769 2.05717 0)
(1.17692 0.140043 0)
(0.490646 0.0104536 3.44145e-16)
(0.425537 0.0470862 0)
(0.338213 0.0185238 -6.83299e-17)
(-0.0984139 1.51739 -2.29931e-16)
(1.37189 3.12605 3.59942e-16)
(-0.786565 1.66998 -5.8692e-17)
(0.323035 0.0982617 2.15081e-16)
(0.418642 0.105956 -1.27221e-17)
(1.32474 0.986652 1.89346e-16)
(0.852539 0.902655 -3.3271e-16)
(0.209382 2.0714 -9.20413e-18)
(0.792667 0.399794 9.96779e-17)
(2.25858 0.0615707 0)
(0.389642 2.24123 0)
(0.533903 1.90805 0)
(0.337342 0.0494198 4.63516e-16)
(0.438205 2.1881 1.52189e-16)
(0.40849 2.02258 0)
(1.17207 1.38287 0)
(0.0347596 0.196118 0)
(1.07165 1.71622 1.19018e-16)
(-0.822087 1.42548 -8.9059e-17)
(0.487602 1.8844 -1.55052e-16)
(0.268366 1.94353 -1.81304e-16)
(0.504146 -0.00957332 0)
(-0.347912 1.99656 0)
(0.107993 0.0747647 -4.45505e-17)
(1.72012 0.707843 -2.35946e-16)
(-0.0673506 1.28949 -7.81011e-17)
(0.132124 1.75085 5.90862e-16)
(0.592336 0.0276299 -2.98919e-17)
(0.496968 1.00039 1.17773e-17)
(2.12746 0.785837 -1.54425e-16)
(-0.200362 2.55312 0)
(-0.403748 1.7713 -5.28486e-17)
(-0.0667473 1.59224 -9.42309e-20)
(0.747048 0.169501 1.26467e-16)
(0.877297 1.63568 -1.75944e-19)
(0.256318 0.127384 -3.37698e-16)
(0.543527 0.68715 2.06135e-16)
(0.628861 0.440294 1.36217e-19)
(0.444599 2.28388 1.55937e-16)
(0.594736 0.276576 1.99635e-16)
(0.546408 0.414247 4.02841e-16)
(1.75818 1.02729 5.32153e-16)
(0.461074 0.00482969 -2.67828e-16)
(2.55595 1.33722 -2.486e-16)
(0.495648 1.4281 -5.64592e-16)
(0.528423 0.816171 -1.2604e-17)
(1.43428 -0.262482 2.91409e-16)
(0.903112 0.994315 4.58617e-16)
(0.94937 1.79167 -3.9243e-16)
(-0.175807 1.66868 1.89937e-16)
(0.455197 2.36292 1.96115e-16)
(0.505189 0.0713976 7.7597e-17)
(0.462181 0.0847549 -3.17026e-16)
(2.22211 0.894591 -5.95614e-16)
(1.24709 0.0400911 7.55376e-17)
(0.663046 0.562564 2.73314e-16)
(0.386376 0.0458905 1.94742e-16)
(0.402714 0.0164343 -4.224e-16)
(0.272653 1.51495 1.90145e-16)
(0.238988 2.6821 0)
(-0.105204 0.833059 1.02784e-19)
(0.0237542 1.43433 -2.12937e-17)
(0.41186 0.0289221 6.63757e-16)
(0.395412 0.00246277 -2.25499e-16)
(0.458825 -0.0200255 1.74749e-16)
(0.787696 0.264719 2.82703e-18)
(0.313448 0.00922746 6.35873e-17)
(0.360789 0.0611839 0)
(0.410709 0.0371529 2.18957e-16)
(0.660005 1.79683 -4.05897e-16)
(-0.0236945 1.00019 8.59874e-17)
(0.4778 2.05615 0)
(0.40513 0.0342638 -5.35513e-16)
(0.402718 0.00608499 4.2235e-16)
(1.10698 1.51252 2.60623e-16)
(0.430369 1.32903 4.22239e-17)
(1.7574 -0.0630757 1.35087e-16)
(0.302567 0.0610202 0)
(1.23307 0.350246 0)
(0.466763 0.0545747 -1.05128e-16)
(0.418762 0.0526452 2.68807e-17)
(0.0451129 0.969428 -1.35321e-16)
(0.310155 0.0612284 -5.27418e-16)
(0.598757 0.0491342 0)
(0.149458 2.5983 0)
(0.331616 0.00680418 2.26378e-17)
(0.662203 1.22387 -4.18164e-17)
(0.424452 2.2169 8.28583e-17)
(0.0346983 0.259813 0)
(0.557937 0.174566 -3.5777e-16)
(0.504603 0.24583 5.45871e-16)
(0.439071 0.0673775 3.00716e-17)
(0.377457 0.0625128 4.62157e-17)
(0.464921 -0.0104522 -1.74951e-16)
(-0.120782 0.754748 1.96233e-16)
(0.408843 0.021522 -1.32767e-16)
(0.578834 1.87866 -3.57558e-16)
(0.25911 0.182268 -2.5072e-16)
(0.386557 0.306985 2.24765e-16)
(0.494351 0.0266298 -7.02624e-17)
(0.44661 0.0591453 1.85131e-16)
(1.7036 0.183187 1.25245e-16)
(0.405105 0.123853 -1.02097e-20)
(1.98596 2.14703 1.91526e-16)
(0.116124 0.778485 -1.98025e-18)
(-0.0283386 0.938873 -4.97645e-17)
(2.01735 0.203723 -7.42133e-17)
(0.676389 0.310352 6.83188e-17)
(1.81579 0.184553 -1.00882e-16)
(0.474432 0.0241237 8.4329e-17)
(-0.247433 2.51164 0)
(0.152507 0.249461 3.4211e-16)
(1.0864 0.911511 -1.82428e-16)
(0.432309 0.147334 1.54276e-16)
(0.571313 -0.00307871 6.58722e-16)
(0.285267 0.420544 1.24829e-16)
(0.590048 0.999368 -2.73089e-17)
(1.33281 0.693398 -2.22641e-16)
(0.704515 0.11229 5.00538e-17)
(2.748 0.364633 -1.21855e-18)
(2.31562 -0.0168538 0)
(0.434471 2.39395 2.32169e-16)
(0.46505 0.0608855 1.12305e-16)
(0.408791 0.0466378 3.8331e-17)
(1.23275 0.49584 -3.4495e-16)
(0.759003 0.100043 -6.29273e-16)
(1.31857 0.0968203 0)
(0.132727 1.1976 1.19482e-16)
(1.58835 0.177144 -1.27026e-16)
(0.116469 0.866624 -3.11473e-17)
(0.0183601 1.05362 0)
(0.406262 2.1731 -6.52636e-17)
(0.456203 0.113977 -1.43486e-16)
(-0.189901 2.69117 -1.33058e-16)
(0.226488 0.785901 -1.71579e-16)
(0.121979 0.117777 -3.13414e-16)
(0.837539 0.637147 6.53316e-17)
(0.356363 2.24445 1.46194e-16)
(0.507445 1.88115 0)
(0.851668 -0.0219805 -2.40877e-16)
(0.43588 0.490643 3.17778e-16)
(0.942057 1.22468 1.67766e-16)
(-0.128808 0.96495 -4.24442e-16)
(0.506722 0.0100908 1.08005e-16)
(1.71245 1.39672 -6.41268e-16)
(2.00622 1.86657 -5.93262e-16)
(0.116757 0.677921 -1.08865e-17)
(0.45601 0.302917 2.23386e-16)
(0.922797 0.476298 2.08758e-16)
(-0.105607 2.70165 0)
(0.130963 1.91868 1.51675e-17)
(0.518232 0.00899305 4.38082e-17)
(-0.0341866 1.0501 4.591e-17)
(-0.144217 2.52736 -6.55236e-17)
(0.257154 2.23441 0)
(-0.440598 2.57011 2.01149e-16)
(-0.0541515 0.836272 -1.69108e-16)
(-0.202914 1.37091 0)
(-0.951339 2.54772 -8.75993e-17)
(-0.111189 2.80251 4.13985e-16)
(2.34872 -0.00394494 0)
(0.115348 0.480853 0)
(1.54469 0.701073 0)
(1.54184 0.964989 1.94935e-16)
(0.35642 0.0390398 1.29151e-16)
(0.430511 0.00394061 -1.95154e-20)
(2.02039 0.149288 -6.71216e-17)
(0.451596 0.0111878 2.75887e-16)
(0.868265 0.690699 -1.67442e-16)
(0.898656 1.24125 7.48711e-16)
(0.758881 0.0838558 5.42551e-16)
(0.53247 1.32923 -5.9577e-17)
(0.539424 2.18411 -1.57207e-16)
(0.534895 2.28326 -1.69224e-16)
(-0.0585169 1.05028 -1.4482e-16)
(1.55969 0.242294 3.56524e-17)
(0.653624 2.18187 1.48513e-16)
(0.357566 0.0265053 8.04516e-17)
(-0.737463 0.284573 0)
(0.386783 -0.0215427 2.96667e-16)
(1.08442 2.45664 -7.56824e-16)
(-0.199501 0.0271396 6.93733e-17)
(1.44533 0.0605779 0)
(0.956997 0.260381 0)
(1.86002 0.880419 1.98735e-16)
)
;

boundaryField
{
    frontAndBack
    {
        type            empty;
    }
    wallOuter
    {
        type            noSlip;
    }
    inlet
    {
        type            fixedValue;
        value           nonuniform 0();
    }
    outlet
    {
        type            zeroGradient;
    }
    wallInner
    {
        type            noSlip;
    }
    procBoundary2to0
    {
        type            processor;
        value           nonuniform List<vector> 
42
(
(0.41024 2.31513 -7.32413e-20)
(0.41024 2.31513 -7.32413e-20)
(0.471372 3.06148 -1.64841e-16)
(0.202282 2.82458 1.50489e-16)
(-0.0820601 0.363331 0)
(0.542688 2.34061 1.31118e-16)
(0.605919 2.73006 3.34822e-16)
(0.605919 2.73006 3.34822e-16)
(0.120572 0.169978 -1.89776e-16)
(0.279355 0.056404 2.10615e-16)
(-0.148835 1.66852 -1.594e-16)
(-0.148835 1.66852 -1.594e-16)
(-0.311118 0.821391 2.64069e-16)
(-0.0388923 2.02468 -8.23659e-17)
(0.0738632 2.19656 8.17601e-17)
(0.695142 2.20866 7.01858e-17)
(0.244212 2.23583 2.51113e-16)
(0.314284 0.0292332 -3.53622e-17)
(0.222256 0.104376 5.17777e-20)
(0.93007 -0.255949 2.25708e-19)
(1.42114 -0.0906814 3.13939e-16)
(0.338303 0.0179502 -1.83783e-16)
(0.338303 0.0179502 -1.83783e-16)
(1.65953 1.01472 -1.7308e-16)
(1.42114 -0.0906814 3.13939e-16)
(0.337876 -0.0263202 -3.3512e-16)
(1.2681 1.52861 0)
(0.347139 -0.0591339 4.60312e-18)
(1.2681 1.52861 0)
(0.342176 2.34469 -2.76945e-16)
(0.246118 2.28652 -4.4969e-16)
(0.353758 -0.117202 -9.66625e-17)
(0.38728 -0.227932 9.44799e-17)
(0.5635 -0.36745 -8.86005e-17)
(0.884145 -0.157813 9.3167e-17)
(0.202282 2.82458 1.50489e-16)
(0.244212 2.23583 2.51113e-16)
(0.0806703 1.81407 -1.07974e-16)
(0.856424 2.106 -6.07888e-17)
(1.11149 2.25377 1.38048e-16)
(1.11149 2.25377 1.38048e-16)
(1.05202 0.813371 -1.12171e-16)
)
;
    }
    procBoundary2to1
    {
        type            processor;
        value           uniform (0.828436 -0.127459 7.16515e-16);
    }
    procBoundary2to3
    {
        type            processor;
        value           nonuniform List<vector> 
29
(
(0.958298 -0.176811 -3.5886e-16)
(1.04798 -0.173844 1.40218e-16)
(1.23272 -0.043725 -9.30408e-17)
(1.40455 0.0553631 -2.25156e-16)
(0.720455 0.0369638 -2.93576e-16)
(0.931726 0.0351701 -9.2958e-17)
(1.86628 -0.0750653 1.20552e-16)
(1.06919 0.0221252 7.46066e-17)
(1.73492 -0.015304 -4.24951e-16)
(1.71121 -0.0581857 2.43023e-16)
(1.02455 -0.00201429 1.03267e-16)
(0.822577 -0.0252812 -4.1148e-16)
(0.509335 -0.115132 -2.12125e-16)
(2.34246 -0.159037 -1.73203e-16)
(2.30199 -0.0258625 -1.59329e-17)
(2.1571 -0.17689 -8.80826e-17)
(1.68367 -0.166451 -8.92809e-17)
(1.68367 -0.166451 -8.92809e-17)
(1.04798 -0.173844 1.40218e-16)
(2.34246 -0.159037 -1.73203e-16)
(2.32989 -0.0431889 -4.21751e-17)
(1.58299 -0.218264 3.82519e-16)
(2.03722 -0.074947 6.58418e-18)
(1.69928 -0.0324949 -2.16769e-16)
(2.37242 -0.0300644 4.9651e-17)
(1.41471 -0.183676 -1.78981e-19)
(1.73492 -0.015304 -4.24951e-16)
(0.781858 -0.0414106 8.94344e-17)
(0.822577 -0.0252812 -4.1148e-16)
)
;
    }
}


// ************************************************************************* //
