/*--------------------------------*- C++ -*----------------------------------*\
| =========                 |                                                 |
| \\      /  F ield         | OpenFOAM: The Open Source CFD Toolbox           |
|  \\    /   O peration     | Version:  v1912                                 |
|   \\  /    A nd           | Website:  www.openfoam.com                      |
|    \\/     M anipulation  |                                                 |
\*---------------------------------------------------------------------------*/
FoamFile
{
    version     2.0;
    format      ascii;
    class       volVectorField;
    location    "0.34";
    object      U;
}
// * * * * * * * * * * * * * * * * * * * * * * * * * * * * * * * * * * * * * //

dimensions      [0 1 -1 0 0 0 0];


internalField   nonuniform List<vector> 
1431
(
(0.376051 2.77726 8.45477e-17)
(2.34907 1.46969 2.79084e-17)
(-2.8202 0.0644355 0)
(-1.63494 0.0769532 1.6642e-16)
(-0.359366 -0.468931 0)
(0.183702 2.13116 2.58139e-16)
(1.12897 0.180023 3.9002e-16)
(2.85339 0.195065 5.77201e-17)
(-0.552986 2.53527 1.694e-16)
(1.56874 -0.0975517 3.53765e-16)
(3.05363 9.63644 1.99359e-17)
(7.23573 0.207629 0)
(-2.00701 4.99569 -9.71586e-17)
(-1.11648 0.0281354 -4.68307e-16)
(0.307848 -0.199829 0)
(1.10893 -0.32689 -3.41884e-16)
(1.99629 -0.140082 -2.52043e-16)
(-2.52347 -0.239228 0)
(1.92985 -0.29928 -2.05931e-16)
(-1.98395 0.397449 1.09714e-16)
(4.49217 9.07146 -6.57374e-19)
(-0.442593 -0.0437049 1.96793e-16)
(-0.211852 1.52661 -1.97934e-16)
(12.0368 2.07373 -3.43398e-18)
(-0.342663 2.03861 1.7776e-16)
(-1.25249 3.29823 -3.87915e-19)
(1.69599 9.33735 -2.08967e-17)
(-0.737301 -1.09561 -3.03817e-16)
(-0.118782 5.6448 -3.18063e-17)
(0.170127 4.87337 2.80968e-17)
(-0.0527556 6.27661 -7.26017e-17)
(-0.0688268 7.02382 2.53225e-17)
(-0.0257641 6.07658 0)
(-0.707447 0.204057 -3.76854e-16)
(0.494891 3.05076 -2.90846e-16)
(-0.448371 -0.350897 0)
(-0.740423 6.92104 0)
(1.01146 0.260642 -6.43118e-19)
(-0.544314 -0.929217 0)
(-0.116214 6.8044 0)
(-0.808468 9.26447 -7.68841e-19)
(-0.882793 8.7499 7.73158e-17)
(-1.40622 3.88244 -1.27853e-16)
(-0.654422 -0.74141 1.66925e-16)
(0.150446 1.33685 0)
(1.35639 -0.461672 2.45657e-16)
(-0.0481295 0.643299 2.33896e-17)
(1.1434 8.90947 -6.41988e-17)
(0.537116 0.554766 0)
(0.188292 0.369663 0)
(1.50385 6.49429 0)
(-0.386141 -1.47164 0)
(1.04762 6.36831 1.97263e-16)
(2.57166 0.20587 1.76961e-17)
(2.30494 0.782166 -1.87385e-18)
(0.308372 5.48769 2.47803e-16)
(-0.569548 0.132893 1.78533e-16)
(5.35448 -0.011739 0)
(2.49494 -0.0187074 0)
(0.0521024 -0.166031 3.52119e-16)
(0.115345 -0.111323 -1.24002e-16)
(-1.18529 0.324411 3.20796e-16)
(1.84665 -0.0868148 0)
(1.28987 0.157873 0)
(-0.8637 -0.366034 7.65293e-19)
(1.27144 0.135312 -1.9334e-16)
(-2.39285 -0.285813 -1.63489e-16)
(-2.1947 -0.546918 -6.00816e-17)
(1.80308 0.0565027 -4.08386e-18)
(-0.638908 -0.298615 0)
(0.772174 -0.300823 7.5416e-17)
(-0.820129 0.0904171 -1.29524e-16)
(-1.50914 0.156436 1.07792e-16)
(-0.439165 0.206382 3.00347e-16)
(-1.2041 -0.0783137 3.3597e-16)
(0.842691 -0.0820386 -4.37856e-16)
(-2.80444 -0.20944 -1.39529e-17)
(-4.41502 -0.333507 -1.01294e-16)
(1.22976 -0.334612 -2.42562e-16)
(-1.74278 -0.480008 0)
(2.01467 -0.0380485 -5.64848e-17)
(-1.72188 -0.581072 8.10608e-18)
(5.59328 0.583565 -6.12764e-18)
(0.466479 0.677727 9.87011e-17)
(11.4074 0.783016 2.07347e-18)
(-0.782059 -0.214885 -9.70869e-17)
(2.6593 -0.0253306 0)
(0.610373 0.0231858 1.76668e-16)
(8.54039 0.163028 7.21449e-18)
(7.18419 0.453867 2.27765e-18)
(-0.249747 0.510587 -2.47772e-16)
(-0.596284 0.535436 2.51154e-16)
(0.735454 0.322143 2.3042e-16)
(0.80532 -0.919558 -1.16258e-16)
(2.90864 0.582187 8.15891e-18)
(0.0317618 4.15758 0)
(4.12446 -0.00354662 -7.98003e-17)
(5.06748 1.46008 -1.18736e-17)
(-1.21058 -0.227829 0)
(-2.71268 0.144295 -4.24962e-19)
(0.460578 6.9232 8.85229e-17)
(-1.62907 0.146285 -5.25232e-16)
(2.07509 -0.12958 0)
(-1.30915 -1.0492 -2.05661e-16)
(-4.75583 0.0340433 1.67306e-16)
(-0.0915802 6.29967 9.94156e-18)
(0.0042854 6.02251 0)
(1.16691 7.07463 6.92108e-18)
(-0.105999 1.28613 3.32961e-16)
(2.34627 -0.0756852 0)
(-0.144633 -0.479071 -5.34893e-16)
(-2.5218 6.07424 -1.89891e-16)
(-1.64133 0.586086 2.93458e-16)
(-0.640452 7.99628 -5.91326e-17)
(2.61936 0.963903 -8.74658e-19)
(0.0277997 -0.281009 6.34856e-17)
(-1.07819 0.108397 0)
(-1.73481 0.12169 -1.92964e-16)
(-1.66397 -0.127148 0)
(1.60569 0.0954096 0)
(0.239407 -0.17522 -2.12199e-17)
(0.544201 -0.128993 7.28912e-17)
(1.06925 0.119171 2.41745e-16)
(-1.10522 -0.199149 1.34758e-16)
(0.616061 0.263256 0)
(0.428443 -0.378946 1.53244e-16)
(-2.87233 -0.102027 0)
(0.299495 -0.414821 4.90093e-16)
(-2.09668 0.176951 -1.65823e-16)
(2.6949 0.138551 3.4416e-16)
(1.62264 -0.189135 3.26077e-16)
(-2.2586 0.121253 -6.58878e-17)
(2.26094 0.131596 -8.28435e-17)
(1.30402 0.0608284 9.15166e-17)
(-1.7268 0.550342 0)
(0.612148 -1.0255 -2.51584e-16)
(-3.23272 0.408731 8.51072e-17)
(-1.40351 0.65088 0)
(9.48174 0.303091 3.70105e-17)
(0.831946 0.223578 1.52742e-16)
(0.1454 -0.675935 0)
(0.117029 6.05859 0)
(2.25213 -0.114555 7.01047e-17)
(-0.469357 -0.291437 0)
(-0.163553 1.20526 2.18198e-16)
(-0.00106491 6.01029 -5.64155e-17)
(1.29026 -0.198883 -1.55523e-16)
(0.636912 6.94808 -1.82227e-16)
(1.38891 -0.734026 2.45663e-16)
(-0.60205 -0.536621 1.33865e-16)
(1.74125 -0.246131 1.63648e-16)
(1.79214 -0.115961 5.7763e-17)
(-0.0600558 6.86566 4.20246e-20)
(-1.41063 -0.225391 -1.8518e-16)
(-0.050074 6.72434 -2.48908e-17)
(0.166141 0.558051 -3.00212e-16)
(10.1021 0.638265 -2.18633e-18)
(4.12282 3.01898 5.86819e-17)
(6.43495 0.556459 -5.25548e-18)
(2.05599 -0.162421 2.09351e-17)
(7.71113 1.19843 -3.46178e-18)
(-2.03355 5.3943 1.10196e-16)
(3.01331 -0.00129759 -1.16993e-16)
(2.68734 -0.110356 8.68146e-18)
(1.16393 0.0865293 -4.84855e-17)
(-0.155173 4.47006 -1.08271e-16)
(-0.465634 6.41962 3.21387e-16)
(3.12939 0.684979 7.73926e-18)
(1.13974 0.402896 1.79757e-16)
(4.07171 1.36862 2.55756e-17)
(7.67148 0.683663 -7.45518e-18)
(0.364871 6.42247 0)
(-0.200181 6.59835 -2.3848e-17)
(9.63892 0.524802 3.70293e-18)
(2.91835 1.7862 -1.10008e-17)
(10.0271 0.442581 0)
(2.4146 0.0331647 0)
(0.177827 1.82158 -1.4778e-16)
(1.23015 6.30945 -1.97868e-16)
(0.717079 3.55554 -3.21055e-17)
(1.36258 0.09268 -3.5813e-16)
(-0.310959 -1.43528 0)
(1.53092 4.01394 5.88668e-18)
(10.6526 2.68132 -2.37808e-18)
(0.272951 2.02821 1.05543e-16)
(0.0560755 4.18307 0)
(0.750932 3.70918 -9.67758e-18)
(3.7214 2.15183 -4.19256e-18)
(-0.22374 6.77998 3.74592e-17)
(9.44855 -0.00857589 2.42945e-17)
(-0.0468976 6.68015 -4.34141e-17)
(-0.220736 6.76764 -2.3417e-17)
(-0.123982 6.89161 -3.56895e-17)
(1.12412 6.28905 0)
(-1.79362 0.00565745 0)
(4.94281 3.48062 -5.5185e-17)
(5.2591 2.04357 0)
(1.66148 3.39674 -1.8902e-16)
(1.87555 0.316246 2.50117e-16)
(2.22876 -0.0304164 0)
(1.61932 2.33838 -1.10231e-19)
(2.96462 -0.000948815 -6.72348e-17)
(1.15546 8.05989 -3.28917e-17)
(2.60441 0.00546528 7.47204e-17)
(-2.67459 6.19763 -3.30095e-17)
(-0.0928259 6.75903 2.84402e-18)
(-0.0611542 5.929 6.86478e-17)
(1.12601 0.353968 2.20149e-16)
(9.63653 0.903177 -1.1377e-18)
(0.950622 0.735574 -1.34277e-16)
(0.878807 0.0877497 3.528e-16)
(2.85257 -0.0486931 0)
(-0.0453221 6.0774 2.15148e-17)
(-0.0468703 6.21139 2.50315e-17)
(10.758 1.17973 0)
(-1.90126 0.381512 3.81474e-16)
(-0.0694657 6.87933 1.09797e-16)
(1.92093 3.50114 -4.43415e-17)
(1.61494 5.34732 -4.16064e-17)
(0.957641 7.79862 2.20308e-16)
(-0.127487 7.2782 1.72468e-16)
(1.30594 3.25461 0)
(2.32065 0.258667 2.10545e-16)
(2.81829 -0.06985 0)
(-0.0687053 6.38776 -9.80811e-17)
(9.79013 1.47312 1.89118e-18)
(1.65729 7.10169 -2.68419e-17)
(4.55903 1.37602 2.60925e-17)
(-0.0210476 7.11012 1.19205e-16)
(0.637297 7.59158 3.92939e-17)
(4.28493 0.610027 3.22224e-17)
(-0.0337366 6.23165 -3.25806e-21)
(-0.0762419 6.37263 -2.76237e-18)
(-0.179356 6.95632 4.90289e-17)
(-0.0502441 7.05572 -2.44767e-17)
(6.93719 0.882035 8.2496e-18)
(-0.0603871 6.19892 0)
(-0.0144034 6.12068 -3.07857e-17)
(0.0154079 6.52968 0)
(0.720468 1.70451 2.98333e-17)
(1.67838 -0.0176186 6.37262e-17)
(3.04493 5.13908 1.06822e-17)
(9.67539 1.1565 -7.61635e-19)
(-0.182303 6.71538 0)
(-0.19013 6.69832 1.8853e-17)
(-0.0774619 -0.862155 5.09715e-16)
(-0.156058 6.38382 1.8982e-16)
(1.11593 8.30773 0)
(-0.162866 6.8656 -2.189e-16)
(0.519424 0.499396 1.43391e-16)
(0.175357 -0.324936 0)
(8.77192 0.356375 -2.4291e-19)
(2.13147 -0.163879 2.00661e-18)
(2.64201 0.214618 -1.20968e-17)
(-0.0575591 6.71912 3.29974e-17)
(-1.42407 8.59276 -3.37307e-17)
(2.2036 -0.146908 -5.36482e-20)
(9.97443 1.85956 -4.48485e-18)
(6.26353 1.59465 3.15337e-17)
(-0.0532925 6.78159 -3.64041e-17)
(0.0581484 2.80997 9.62259e-17)
(9.55206 0.344375 -2.22392e-17)
(1.64016 4.73746 0)
(2.46841 -0.0477271 6.81567e-17)
(-0.0175573 5.53281 2.18627e-17)
(1.11289 7.28424 -4.96641e-17)
(-1.47189 4.83746 -1.24711e-16)
(1.24418 5.24936 0)
(0.889323 8.49196 6.08886e-17)
(-0.494931 0.0353124 0)
(0.111308 1.04647 -6.02801e-17)
(-0.0710416 6.55528 4.39475e-17)
(1.84595 1.14769 -1.32414e-17)
(0.0548415 0.767032 6.40767e-17)
(8.09754 1.00395 0)
(-0.222092 6.49749 3.65982e-20)
(8.46834 0.792887 -6.96198e-17)
(0.891747 6.83379 1.98318e-17)
(-0.037645 4.96762 8.76909e-21)
(-0.0338904 4.4482 -5.74749e-17)
(0.212155 5.9315 0)
(-1.44286 6.82397 1.21538e-16)
(0.0458793 5.78086 7.36471e-17)
(1.00626 5.90421 1.61527e-16)
(2.01402 0.434383 0)
(5.52002 1.00371 0)
(-1.18303 8.77232 8.83927e-17)
(5.63607 1.55706 -3.82108e-17)
(10.8607 0.570268 0)
(2.40759 2.18495 -2.7707e-17)
(1.11795 0.375621 -1.81376e-16)
(-1.58201 5.00696 1.29893e-16)
(4.77471 1.95001 -3.08879e-17)
(-0.682502 6.53718 -4.01864e-17)
(0.583773 7.26105 -1.25058e-16)
(-0.00431348 7.17935 -2.82059e-17)
(1.43279 4.77244 0)
(0.163301 4.16858 0)
(-0.940923 1.7076 1.49466e-16)
(-0.0249797 4.80137 6.3544e-18)
(0.767437 6.47159 -1.22815e-16)
(-4.03027 0.380089 -1.29487e-16)
(1.45281 0.854837 -3.7457e-18)
(-2.43683 5.48455 4.86378e-17)
(0.190976 6.11706 -3.49588e-17)
(2.27865 -0.11386 -4.61501e-17)
(3.16552 2.66192 1.81961e-17)
(-0.198697 6.66465 -2.03674e-16)
(-0.983565 8.25012 -1.64801e-16)
(3.54289 1.32607 -1.76625e-17)
(5.45581 3.8368 1.91458e-16)
(-0.626045 -0.206075 0)
(-0.403864 0.269249 -8.21236e-17)
(0.302983 1.11548 0)
(-0.698432 3.03142 -2.85057e-16)
(5.28603 2.48564 0)
(1.49363 3.48123 7.02776e-19)
(2.10074 0.608128 1.54777e-17)
(1.08845 0.765145 -1.67523e-17)
(6.46084 4.99598 1.07019e-18)
(3.50469 3.58923 1.66778e-17)
(5.0869 2.91407 0)
(-2.51809 -0.221868 0)
(-0.556103 6.41978 0)
(0.857065 2.85124 3.93276e-16)
(-2.57444 0.0413604 -1.40709e-16)
(-2.58428 0.0978521 0)
(-1.39409 5.17016 2.64638e-16)
(2.80524 0.575477 2.8981e-17)
(2.71166 0.124082 5.83228e-17)
(0.0972429 4.62082 1.56284e-16)
(1.81099 -0.0680865 1.25412e-16)
(-1.20742 4.38328 -2.84704e-16)
(-0.175936 -0.205398 -3.21162e-16)
(1.85171 -0.086484 -1.51637e-17)
(-2.47186 5.24645 -2.03636e-17)
(-1.64716 6.78112 0)
(6.50154 0.965009 5.69841e-18)
(0.634251 2.60548 -1.84418e-16)
(0.470274 2.14965 0)
(-4.56152 0.214275 0)
(-2.26762 4.92287 1.66314e-17)
(4.63439 4.44603 7.72814e-17)
(-0.793248 8.2421 0)
(-0.391255 2.24515 1.93445e-16)
(0.0477996 6.75274 0)
(1.80341 1.7404 1.90232e-17)
(8.56199 0.569034 6.2718e-17)
(4.8709 4.20483 -1.35325e-16)
(-1.52306 6.36622 0)
(1.03174 2.32861 1.79777e-16)
(-1.0712 -1.0516 -2.48383e-16)
(-0.173402 6.65495 1.21821e-16)
(4.09586 4.40858 -5.71583e-19)
(-0.996378 -1.64596 1.87222e-16)
(0.98985 4.54865 -1.2794e-16)
(8.46274 1.85672 2.17863e-18)
(1.26657 0.50999 -7.81165e-17)
(9.24428 0.290951 -1.21849e-19)
(-0.977521 9.09221 -5.33457e-19)
(-0.096366 -0.0312291 -3.91082e-16)
(-0.0172745 4.21121 -2.41468e-17)
(0.0149622 4.73908 -5.01266e-17)
(1.22114 0.564202 3.71363e-18)
(1.64607 0.580868 -2.87033e-17)
(7.35004 3.69048 1.89812e-17)
(-0.658946 3.01604 1.6178e-16)
(11.5163 3.59182 -3.22387e-19)
(-0.22471 7.43131 2.37724e-17)
(0.338148 6.1983 9.45511e-18)
(1.40246 8.35633 -7.93236e-17)
(-0.120939 -0.999322 -1.62115e-16)
(8.20816 0.22146 1.02688e-16)
(2.71547 5.14228 0)
(-0.926768 8.15516 5.28003e-17)
(7.7825 1.4897 -1.0597e-18)
(4.24535 3.89354 -1.70966e-17)
(-0.106097 1.18553 -6.84725e-17)
(-0.850737 1.97883 0)
(7.78329 1.99268 -2.09504e-18)
(-2.11441 5.87284 2.22005e-16)
(0.417826 2.34223 1.0235e-16)
(0.55588 2.79599 0)
(-1.57473 -1.351 1.04259e-16)
(9.8467 4.75429 -1.03204e-17)
(-0.150365 2.23128 5.05833e-17)
(1.47972 4.92781 -4.14682e-16)
(-0.227948 1.94326 3.23368e-18)
(1.29989 2.86405 0)
(2.6049 5.53315 -1.85501e-17)
(1.44044 0.107425 1.26084e-16)
(1.04612 4.86842 -1.30523e-16)
(0.857937 4.93006 1.32092e-16)
(2.37768 -0.0637266 1.49965e-16)
(6.82448 1.48822 -4.25673e-18)
(0.111547 6.69836 -1.87599e-18)
(-2.6923 6.90834 -9.66118e-20)
(-2.74904 6.98532 -6.52258e-17)
(-0.771171 3.67241 -3.05851e-16)
(0.143773 2.25631 -5.18644e-17)
(4.21899 4.35749 -6.8862e-17)
(-1.08149 7.84804 1.60231e-17)
(5.89885 2.21634 1.04941e-16)
(-1.61106 8.25386 -1.47001e-17)
(0.29896 2.89992 -5.78066e-17)
(-1.96164 6.14338 -2.69361e-19)
(0.0912112 1.96357 9.0162e-17)
(0.0602644 0.64331 8.64683e-17)
(2.07055 0.270303 3.22198e-17)
(-1.62394 5.85722 9.51754e-18)
(4.74311 4.09746 0)
(1.06885 3.18159 0)
(-1.20871 5.53642 4.93553e-18)
(-1.06178 3.46452 9.21437e-17)
(-0.136103 1.92009 -1.91355e-17)
(-2.46875 -0.411278 1.25492e-16)
(3.11077 4.53415 -3.39177e-19)
(0.0743948 1.05886 0)
(0.396726 2.47893 -1.77173e-16)
(-0.798667 5.27016 0)
(-0.119445 5.43004 -5.26964e-17)
(-1.53626 4.39339 -2.54514e-16)
(1.21894 5.89124 -6.41219e-17)
(3.66952 4.5911 2.83828e-17)
(-0.440091 5.11348 1.19564e-17)
(-0.185217 -1.39342 3.07316e-16)
(-1.21309 1.1137 3.57199e-19)
(1.05547 -0.471376 9.38338e-17)
(-0.880621 0.618445 -1.8006e-16)
(11.6073 1.78053 2.05743e-18)
(-0.958388 4.91103 8.93975e-17)
(-0.768518 5.17825 1.35334e-16)
(-0.917286 5.5399 2.64916e-19)
(-0.572953 5.36879 0)
(-1.09444 5.76132 -8.06302e-17)
(-1.26953 5.62286 -6.27784e-17)
(-1.08665 5.13679 -6.37492e-17)
(-1.53283 6.10438 -1.22091e-16)
(-1.32332 5.35571 2.10169e-16)
(-1.69942 6.16862 5.05208e-17)
(0.0457179 -1.69176 0)
(9.22592 0.477109 1.0814e-18)
(0.364992 -1.37358 -7.55041e-17)
(0.352101 -0.741572 2.27339e-16)
(-0.941592 -0.126283 -3.06812e-16)
(0.280916 0.475136 -2.09117e-18)
(0.294231 1.406 0)
(0.798666 1.21189 -6.92701e-17)
(1.29082 0.377133 4.34281e-17)
(0.304346 0.160342 5.87097e-17)
(0.355068 0.299114 5.42054e-17)
(-0.187745 -0.254027 -1.96004e-16)
(-0.374985 0.849952 -1.49966e-16)
(-0.123261 -1.22506 0)
(-0.612926 0.952842 -7.94755e-17)
(0.126628 0.520509 2.61485e-16)
(0.360147 -0.0417077 8.25519e-17)
(8.23221 0.622247 -2.30288e-18)
(0.115393 -1.12951 0)
(-1.08448 0.124901 1.7646e-16)
(0.236258 0.0583704 -1.12409e-16)
(-2.51125 -0.341477 1.24378e-16)
(8.29935 0.444433 -3.17867e-17)
(-0.481981 0.450648 -2.37374e-16)
(-1.10493 0.0536828 -1.0824e-16)
(-2.83391 -0.973062 1.33937e-16)
(-0.629081 -1.82909 2.34616e-16)
(8.27965 0.313063 9.13871e-20)
(-1.54651 -1.13229 -1.66025e-16)
(8.35511 0.245774 -2.82832e-17)
(-0.18784 -0.61489 -5.9149e-16)
(-0.170283 -1.18794 0)
(-0.734414 -1.60529 -3.2984e-18)
(0.579686 -0.230657 0)
(9.42736 0.368444 4.17131e-17)
(9.29693 0.394298 1.28617e-16)
(-1.47597 -1.67741 8.66855e-17)
(-1.67594 0.45529 -8.14869e-17)
(-0.39917 1.00999 4.83012e-16)
(0.406625 -1.30219 0)
(0.265848 -0.304756 0)
(-0.37127 1.0711 0)
(9.22789 0.404976 2.95746e-17)
(-0.0326219 -0.922304 1.91824e-16)
(-1.55949 0.592243 1.20687e-17)
(0.640088 -0.390069 2.18396e-16)
(-0.634109 -0.438192 0)
(-1.35365 0.458513 0)
(-0.554047 0.266679 1.56318e-17)
(-2.4532 1.01674 8.87093e-17)
(8.89055 0.463249 -8.34178e-17)
(0.250609 -1.42116 1.73259e-16)
(-0.711683 0.297276 1.1408e-16)
(-1.71985 1.50177 1.78822e-16)
(0.917996 -0.586274 -2.67379e-16)
(-0.84969 0.516464 -1.31217e-16)
(-1.04885 0.41116 9.63799e-17)
(8.73105 0.588819 1.98766e-17)
(-0.00624836 -0.938983 -2.27411e-16)
(-0.349266 0.928674 -4.4765e-16)
(-0.808413 1.48369 1.05792e-16)
(-1.04872 2.35142 -2.44083e-16)
(-0.439904 0.590236 7.26879e-16)
(-0.57289 0.61809 -1.47731e-16)
(8.74958 0.698731 -4.02222e-17)
(9.02966 0.484638 -1.0737e-16)
(1.08802 -1.11473 -2.24421e-16)
(-0.039793 0.13396 1.908e-16)
(-0.00732077 0.419961 1.71558e-16)
(-0.229784 0.650469 0)
(-1.12409 1.68491 1.52851e-16)
(0.302618 -1.0356 2.47146e-16)
(-0.469284 1.32293 0)
(-0.208745 0.502074 0)
(-1.0285 -0.314074 1.52077e-16)
(0.979056 0.297764 -1.72714e-16)
(-1.03377 1.25171 -5.38192e-17)
(-1.78535 2.17005 8.04474e-17)
(-0.131671 -1.30573 1.45009e-16)
(9.07866 0.649475 -3.49863e-17)
(-0.0765254 0.912462 0)
(0.122589 1.98809 -2.68847e-16)
(-0.0982241 1.01421 -1.78396e-16)
(2.51277 -0.00294031 -5.6458e-17)
(-1.71789 3.06003 -6.0344e-17)
(1.43004 -0.15196 -8.821e-17)
(8.8635 0.926219 6.7154e-17)
(-0.109337 6.62493 -2.57042e-19)
(-0.569999 -1.66321 0)
(-0.0911027 0.53925 2.33563e-17)
(2.21199 2.51813 1.2503e-16)
(0.675506 6.09846 -1.32418e-16)
(-1.85401 4.00064 0)
(-0.223997 0.113887 0)
(-2.5741 7.2504 0)
(-0.266545 0.862744 2.6511e-16)
(0.481283 2.25091 2.0328e-18)
(0.83181 0.958886 3.45774e-17)
(-2.15639 3.28676 3.58661e-17)
(-0.276082 -0.783106 1.91834e-16)
(-2.35693 6.7135 1.00256e-16)
(-0.365494 1.5151 -2.1566e-16)
(-0.679763 6.22243 -4.09537e-17)
(0.40476 4.29516 2.78659e-16)
(-0.197492 1.28061 3.96261e-16)
(0.311238 1.74404 4.92244e-17)
(2.18252 4.79523 -5.42975e-18)
(1.08952 3.21219 -5.12223e-17)
(-2.56871 6.8087 0)
(-2.28525 7.29543 0)
(2.02446 4.74741 1.88714e-16)
(-0.402648 1.08554 2.65263e-16)
(-1.20082 7.41857 0)
(0.307086 4.46 -2.59198e-16)
(1.57467 -0.0624125 -2.63359e-16)
(-0.0158588 1.66937 -4.72382e-16)
(1.3432 -0.202567 1.4847e-17)
(-0.671944 1.84379 -1.00814e-16)
(0.736934 1.93484 5.49032e-18)
(2.88694 6.81366 0)
(-1.95401 7.01063 2.12662e-17)
(9.03839 1.14606 -6.12662e-18)
(5.8632 3.36356 5.82675e-17)
(-1.28549 5.92882 0)
(5.45895 7.27507 0)
(-0.941546 5.13921 4.99588e-17)
(1.04332 4.15526 0)
(2.75644 -0.0968535 -8.65737e-18)
(-0.904447 2.67719 -6.64179e-17)
(-1.79514 7.58486 1.02478e-16)
(-0.631985 5.86546 -2.3566e-17)
(5.03119 4.61594 -3.29295e-17)
(-1.45637 5.34636 -3.95094e-17)
(0.0745988 2.16599 -8.13048e-17)
(-0.524582 4.55409 5.50593e-17)
(1.48983 3.02828 4.1722e-17)
(1.79112 -0.0069076 1.09141e-16)
(-0.180923 1.39135 0)
(-1.15352 4.48395 8.40715e-18)
(-0.619743 4.85341 -1.17816e-18)
(-1.03219 6.01629 0)
(2.81415 4.55694 2.09882e-18)
(0.0564285 1.27304 1.9798e-16)
(2.81537 4.12573 -1.03589e-16)
(3.51045 4.32622 1.37901e-16)
(-0.0453328 6.78889 -1.48658e-20)
(-0.18988 6.79004 -8.69234e-17)
(0.782777 5.71831 -3.32327e-16)
(-0.862622 3.79905 0)
(0.0916508 0.504053 1.14041e-16)
(-1.05498 3.58387 -1.97532e-17)
(-0.368979 4.29956 2.6887e-17)
(1.25305 6.7249 -1.37068e-18)
(2.0866 5.93688 -8.79033e-17)
(-0.16488 6.25131 -1.25528e-19)
(-2.82052 7.119 0)
(-0.10497 -1.09537 -1.56712e-16)
(1.63446 4.57935 3.55488e-16)
(4.33841 2.10891 0)
(9.629 0.706682 2.19327e-18)
(1.46727 5.04814 3.17551e-17)
(-2.16718 4.19648 4.27512e-18)
(-0.256906 4.17038 3.98646e-17)
(0.430005 5.55588 0)
(2.53639 3.88789 1.05589e-16)
(0.585579 2.26818 -2.49511e-16)
(2.74948 10.9878 4.75005e-18)
(3.9921 4.28774 5.2074e-17)
(-0.784499 -0.104648 -4.70605e-17)
(1.33768 -0.116348 -1.95353e-16)
(1.57433 -0.0839011 5.73618e-17)
(-1.51194 4.88102 -6.21966e-17)
(0.69386 5.22278 1.95873e-16)
(-1.27132 4.54017 -1.08377e-17)
(-0.157523 1.81549 -7.71913e-17)
(-1.53264 5.94475 1.22155e-16)
(10.618 0.199155 -1.0278e-17)
(1.9694 -0.137345 -3.46787e-17)
(-1.03962 2.23757 -7.65264e-17)
(0.872588 3.62231 -2.2454e-17)
(3.02438 1.14974 -1.26541e-17)
(2.80035 3.28303 -2.25522e-16)
(-0.260951 5.1936 -5.47262e-17)
(0.585556 4.45795 1.253e-16)
(-1.70399 5.70444 5.60517e-17)
(1.20673 2.94519 -7.5585e-17)
(-2.76303 7.29952 -1.07468e-16)
(-0.0225379 0.0608069 0)
(3.53637 4.32699 -5.38994e-17)
(0.564619 2.2271 0)
(-2.2668 5.8471 6.53518e-17)
(0.784656 6.88381 0)
(-1.28329 -0.120423 3.67232e-16)
(-1.61103 5.38361 -1.23269e-16)
(-0.300594 5.75423 3.03486e-17)
(2.37618 3.75559 8.22075e-17)
(6.51925 0.515349 -7.31084e-17)
(1.22231 0.291945 1.23353e-16)
(-0.0971358 1.68048 -1.93754e-16)
(1.45853 2.58842 7.1222e-17)
(-0.910947 4.4877 -1.38193e-16)
(6.02151 2.83081 -1.92471e-16)
(0.800362 -0.0914338 5.60221e-17)
(-0.00282914 4.2115 0)
(-0.336858 3.81959 -2.63051e-17)
(-2.01055 5.13172 4.93389e-17)
(1.85131 3.4023 -2.09365e-17)
(1.1407 2.93993 1.30013e-16)
(3.43694 0.976814 1.43896e-16)
(3.67465 4.35328 1.54733e-17)
(-0.945855 2.4452 8.54355e-17)
(-1.52908 7.93672 -3.56097e-18)
(-0.0589074 1.21268 1.48003e-16)
(3.10112 4.07667 -9.32438e-17)
(1.74149 -0.653016 4.42735e-17)
(0.888644 2.54915 -7.77647e-17)
(-0.322558 1.87251 -2.05431e-16)
(1.76243 3.70871 -5.04267e-17)
(-0.518244 1.54913 0)
(8.1645 0.387607 -1.70521e-16)
(7.28909 1.33035 1.1396e-17)
(-2.76679 7.1279 7.43798e-17)
(-1.75404 4.17999 2.94173e-16)
(-1.07525 6.46082 2.01223e-17)
(-0.679151 2.28385 0)
(0.438994 0.000331646 -1.56386e-16)
(-1.06247 1.1977 4.69505e-17)
(-0.869912 1.04134 -1.87313e-16)
(1.01389 6.90288 -2.94869e-20)
(-2.35501 -1.06905 -9.94547e-18)
(-0.120453 4.96795 4.25851e-17)
(3.42654 0.775832 -7.41451e-18)
(9.30339 0.466814 0)
(-1.99637 6.43287 0)
(-1.01136 2.31211 -4.13975e-17)
(0.686346 -0.47557 1.76666e-16)
(9.92123 0.524099 0)
(0.12005 -0.128979 2.58506e-19)
(0.2172 1.64796 -3.47937e-16)
(0.675584 1.00495 0)
(1.20717 1.46363 0)
(0.744716 4.30554 -8.65613e-17)
(3.53236 4.7631 1.65461e-17)
(8.67655 0.415729 0)
(-4.86761 -0.726859 8.75425e-17)
(-3.13966 -0.123877 -7.48501e-17)
(-1.11521 3.77461 0)
(-0.195078 1.62209 0)
(0.640889 -1.40765 1.31548e-16)
(3.03869 0.200804 -5.36765e-18)
(0.0512906 2.7973 9.51812e-17)
(-0.150971 2.72983 -1.92345e-16)
(-0.731735 5.84735 4.06014e-17)
(2.73016 0.176334 0)
(2.22771 0.0967236 0)
(-1.27351 6.15003 -8.46915e-17)
(4.9975 0.252842 -2.0292e-18)
(0.28707 1.01564 -2.34503e-16)
(2.05141 0.0447902 1.38349e-17)
(5.39113 4.20052 -2.87885e-18)
(4.1568 0.242039 0)
(2.30192 3.9366 0)
(-1.50172 6.24115 -4.44157e-18)
(2.45475 0.142544 0)
(-0.322953 3.27697 0)
(10.7862 0.593121 -1.20468e-18)
(0.0265408 1.10312 -2.96655e-16)
(4.56536 0.247567 0)
(2.67113 4.56016 -2.86415e-18)
(-0.14514 2.73733 2.9741e-17)
(-0.268358 1.80431 1.01487e-16)
(0.609307 3.33763 -1.45452e-16)
(0.447084 6.6587 -2.72379e-18)
(-0.185583 7.0044 2.10465e-17)
(-2.64349 0.142331 -7.79533e-20)
(-0.587211 6.87717 -2.00437e-16)
(-0.932404 3.01801 -3.43528e-19)
(-0.0458335 1.05008 2.24713e-16)
(-0.230023 0.123333 -2.76824e-16)
(-0.337064 2.84435 1.66256e-16)
(-0.60424 6.3776 0)
(-0.122166 6.80657 1.39898e-18)
(8.91897 0.338646 -9.845e-18)
(-1.59602 6.51035 0)
(-3.69869 0.758423 2.87926e-16)
(3.7197 0.496174 1.40879e-17)
(0.092506 4.43182 0)
(-1.14053 3.54943 2.24693e-16)
(1.46361 7.38302 0)
(2.04409 8.00588 2.4977e-17)
(-0.514861 0.469314 0)
(4.61407 0.923106 1.68935e-17)
(-0.656111 2.86797 -1.75501e-16)
(0.528739 0.0804649 -1.022e-16)
(0.193943 1.6192 -1.72784e-17)
(-0.304279 2.28301 1.62071e-16)
(-0.794856 5.45296 -4.04527e-17)
(5.40548 0.259972 7.39288e-18)
(8.18412 0.3615 0)
(1.28517 -0.233255 -1.7129e-17)
(-0.0858898 4.86102 0)
(-0.273673 1.90424 0)
(0.417683 0.402587 -1.26434e-16)
(0.383536 1.47628 0)
(-0.940682 4.29211 0)
(1.08524 2.07336 -3.44914e-17)
(1.07247 -0.183062 0)
(-0.942649 -1.61364 1.25988e-16)
(-0.0634559 1.77568 6.91649e-17)
(-1.1642 0.351575 1.89067e-16)
(-2.22263 3.47128 8.58882e-17)
(0.993593 2.4676 1.47116e-17)
(2.75702 0.474877 -5.05652e-17)
(-0.669355 -0.101626 -3.51202e-16)
(12.9722 2.59161 0)
(0.00106038 1.7344 0)
(-1.41474 6.71479 -1.1958e-16)
(0.367845 1.20393 -1.05441e-18)
(0.0330289 1.95427 1.45229e-17)
(-0.0291557 1.45986 1.89507e-17)
(10.2666 2.31157 3.04131e-18)
(0.673683 1.57395 4.28298e-17)
(-0.335544 2.01236 -5.90542e-17)
(-0.923058 0.882512 3.19983e-16)
(-0.312467 -0.693415 -2.30651e-16)
(0.0392182 6.04975 0)
(0.440277 -0.587787 3.94445e-16)
(0.677225 0.109628 -2.13641e-16)
(-0.538783 4.33526 -2.43961e-17)
(0.195143 1.45383 -1.56277e-17)
(-0.845519 2.83918 -2.56371e-16)
(-0.108127 6.34556 -4.17954e-18)
(0.0838775 1.76072 1.97666e-16)
(-0.850564 5.02587 6.81669e-17)
(-1.0847 5.32437 0)
(1.82394 6.17838 6.05433e-17)
(1.94227 -0.0383983 5.31277e-17)
(-0.216767 5.97076 0)
(-1.98973 5.71312 -1.03791e-16)
(0.145215 1.0965 -4.71483e-16)
(2.59873 4.39017 0)
(-4.37153 0.225683 -8.11335e-17)
(-1.12638 6.41991 0)
(-0.164877 -1.16861 4.01995e-18)
(3.38287 0.221928 -2.47694e-18)
(8.65264 1.48705 2.17667e-18)
(0.518535 1.83823 0)
(1.78072 5.7298 1.22795e-16)
(-0.166427 6.66687 -7.27134e-17)
(2.33049 5.62253 0)
(-0.172679 -0.375613 -1.10905e-16)
(-0.553709 1.48538 -1.02204e-16)
(-0.0527777 6.20458 -7.06892e-17)
(-2.48423 6.61831 6.93976e-17)
(-0.119045 6.12792 1.56307e-16)
(1.95064 -0.00161657 -2.92327e-17)
(0.264076 -0.288557 0)
(0.0737276 6.64659 0)
(0.284063 -0.190639 3.05976e-17)
(-2.60136 6.25606 8.57303e-17)
(-0.0850894 6.82293 -2.51539e-17)
(0.406019 -0.0987568 1.14963e-16)
(-0.0794268 -0.452782 -1.99867e-16)
(-0.855505 4.54805 0)
(-1.03028 4.42299 5.98018e-17)
(9.75437 6.91062 -1.22453e-18)
(-0.187701 6.09632 2.17322e-17)
(-0.0315215 2.19114 -1.6045e-17)
(-0.512027 5.62565 -5.21327e-17)
(0.331495 2.02046 2.1356e-16)
(4.95854 1.99337 2.38664e-18)
(2.6416 0.0399215 -1.17689e-16)
(1.78308 3.33327 0)
(10.464 0.956905 2.3157e-18)
(-1.98361 8.01622 3.32751e-17)
(8.07733 0.831421 1.14549e-18)
(-1.02506 3.4658 -7.35904e-17)
(0.253392 -1.44561 -1.24351e-16)
(-1.18691 6.48041 -1.58052e-16)
(-0.329788 2.34388 1.88548e-19)
(1.54565 0.652558 2.81853e-16)
(0.747167 6.14805 -9.7735e-17)
(-0.0379698 6.38509 -2.0669e-16)
(-2.58351 6.85349 8.24653e-19)
(3.77085 0.235186 9.98034e-18)
(-0.0484143 5.03717 -4.15388e-17)
(-1.73781 7.90977 1.81356e-17)
(0.154586 6.04144 -1.73731e-18)
(0.308392 -0.953579 0)
(-0.102696 -1.40228 0)
(-1.45947 6.28068 -4.44076e-17)
(5.85091 0.263842 1.69192e-18)
(7.7218 0.257032 -1.41998e-17)
(-0.128855 6.60942 1.03107e-16)
(3.17866 4.77013 -2.12412e-17)
(2.96459 0.223789 7.02378e-17)
(2.25478 0.167126 7.48515e-18)
(-0.917894 6.11697 3.16774e-17)
(-1.98447 6.51159 -6.59252e-17)
(0.682191 4.48005 2.81242e-16)
(-2.06373 6.57316 -6.08101e-17)
(-0.572155 0.766023 0)
(-1.15771 0.717968 -8.10126e-17)
(-0.138066 4.44574 -7.44501e-17)
(0.425829 5.24515 0)
(7.32822 0.790591 -9.95146e-18)
(-3.60464 0.460767 4.41379e-17)
(5.58187 0.565987 0)
(0.156605 6.5905 0)
(6.6934 2.34857 -2.64173e-17)
(-0.196442 7.43216 1.08258e-17)
(0.219869 6.09245 -4.88044e-18)
(-2.18812 4.5154 0)
(0.86503 2.92401 5.69313e-17)
(-2.81088 -0.0996761 4.31875e-16)
(-3.53825 -0.54437 -3.17254e-16)
(2.6689 0.241432 -3.77791e-17)
(1.39876 0.619517 6.81297e-17)
(-2.61954 0.086593 1.37038e-16)
(-3.86904 0.0847044 0)
(1.01065 3.57733 -5.23526e-17)
(3.18696 4.9067 -1.36105e-18)
(1.01503 1.24655 8.01874e-17)
(2.20993 5.43772 -1.8813e-17)
(-1.64456 4.88076 0)
(-0.840595 3.79274 7.79782e-17)
(-1.4077 4.50191 5.42843e-17)
(0.839694 -0.930024 0)
(8.57622 0.414168 1.54572e-16)
(-0.324394 3.3914 0)
(-2.12197 6.28489 0)
(3.8577 4.8048 -2.47234e-18)
(-2.18057 6.18977 1.255e-16)
(0.124142 1.16964 1.63759e-16)
(1.69756 -0.12654 -2.0609e-16)
(-0.102148 -0.95408 1.82285e-16)
(0.731517 0.483567 2.20607e-16)
(-0.367478 3.00591 0)
(-0.333732 2.89096 1.01919e-19)
(0.024213 1.88059 -1.98375e-16)
(7.90827 0.198715 -7.31891e-17)
(-0.666259 -0.294067 5.26566e-17)
(-0.438539 3.56025 2.75546e-16)
(2.0161 0.347541 -1.24937e-16)
(2.66981 2.4195 1.33804e-17)
(6.76254 0.118233 4.35667e-17)
(4.98395 0.434297 -7.15297e-17)
(0.134873 7.26521 8.34886e-17)
(0.080381 5.51403 4.11557e-19)
(0.084018 5.42385 6.59102e-17)
(0.0335436 5.20683 6.02925e-19)
(0.0663026 5.31392 0)
(0.147085 7.98499 -7.32988e-17)
(0.0625354 5.50965 -1.26302e-16)
(-0.0457745 4.0644 -7.18641e-19)
(-0.114269 4.5589 -1.82283e-17)
(-0.0972068 4.21177 0)
(0.0221589 4.13203 4.14933e-17)
(0.136188 6.75626 0)
(0.291758 8.77598 0)
(0.0423708 4.27011 -5.51146e-17)
(0.238071 5.8581 -3.89216e-18)
(0.182271 6.32004 -3.69442e-18)
(0.0458216 4.31375 1.76057e-17)
(0.0269703 5.39305 6.61167e-17)
(-0.00369444 5.3004 0)
(0.0348284 4.28813 -2.43396e-17)
(-0.00865225 5.23034 0)
(-0.00131518 5.23758 0)
(0.0226331 4.23858 1.81803e-17)
(0.0056163 5.25788 0)
(-1.22471 4.02763 6.0106e-17)
(6.32447 3.63978 -4.82809e-17)
(-1.17308 0.0443198 1.8445e-16)
(-1.239 1.17322 0)
(0.823117 2.00207 -1.16092e-16)
(-0.677977 -0.137753 9.11839e-17)
(-0.369 0.555896 4.76783e-16)
(8.12588 1.30068 -2.03959e-17)
(-0.20045 7.41508 -1.34253e-17)
(0.494054 6.39098 0)
(-0.564865 0.062686 4.66922e-16)
(1.93491 -0.747323 2.18037e-16)
(-0.248245 1.03177 0)
(5.67087 0.213925 3.36203e-17)
(0.315024 -0.799559 -2.24917e-16)
(-0.1284 1.2049 -1.26183e-16)
(6.82364 2.92854 8.78867e-17)
(0.648609 1.16577 -6.00371e-17)
(-1.38968 4.65174 5.9226e-17)
(0.481988 0.482044 -4.78502e-17)
(2.63035 -0.0128623 -7.72614e-17)
(7.89958 1.10946 -2.85015e-19)
(-0.814466 0.181873 -2.60368e-16)
(-0.00439466 5.27868 0)
(0.578567 2.86451 3.27875e-16)
(2.76032 5.26167 7.26129e-19)
(-0.587911 0.384056 6.05026e-17)
(0.20218 1.91493 0)
(9.69562 0.269258 3.12734e-17)
(-0.0293964 2.47397 -1.03169e-16)
(1.08739 -0.10927 3.6473e-18)
(-1.30367 4.09089 8.16715e-17)
(-1.30379 6.99274 0)
(-0.876617 6.18724 5.34099e-18)
(-1.95191 6.20794 -3.83726e-17)
(8.2459 2.00235 2.49212e-17)
(-2.51937 -1.75523 1.77584e-16)
(-0.839784 -1.00796 -2.26091e-16)
(0.757533 -0.97443 1.55965e-16)
(-0.611339 -0.000961461 -5.99013e-17)
(-0.721118 6.33864 2.28301e-17)
(-0.0841521 5.94056 3.24394e-21)
(0.131767 4.69097 -1.63492e-17)
(-1.40076 1.30075 0)
(1.4572 6.02415 6.44938e-19)
(-2.48794 1.9907 3.4703e-17)
(1.04818 0.0312684 1.08151e-16)
(0.207568 -1.07195 0)
(-2.44421 2.13325 -2.22554e-16)
(-0.0591922 5.48476 0)
(10.2538 0.782616 2.15242e-18)
(-2.82586 6.85309 0)
(1.11263 5.51688 -4.76169e-17)
(0.179422 0.927168 1.4949e-16)
(-1.33868 -1.79749 1.79567e-16)
(1.1082 -0.234117 0)
(1.04208 -0.168328 -2.89866e-17)
(-0.0302404 5.01698 2.89576e-19)
(-0.147797 -1.05911 0)
(2.0422 -0.0576657 0)
(0.830456 5.8879 -1.32185e-16)
(0.0231651 6.45881 -7.85664e-18)
(7.16213 0.0748448 0)
(1.2529 1.00323 -8.706e-17)
(1.6428 -0.309496 -1.98395e-16)
(-1.9946 -0.730255 0)
(-0.974211 3.38091 1.9168e-16)
(-0.917026 0.793068 -1.23976e-16)
(7.93219 4.9239 1.64512e-17)
(-0.870162 4.5727 2.2282e-17)
(-0.195448 5.84504 1.42311e-16)
(0.226555 -0.812024 0)
(3.35337 0.122072 0)
(-1.64905 5.42017 0)
(6.01777 1.01585 -1.4415e-17)
(0.0350544 -0.00503381 4.8772e-16)
(-0.0333536 -0.740545 -2.19507e-16)
(1.22968 -0.240971 1.23099e-17)
(-0.189674 -0.826255 1.99373e-16)
(-2.38747 0.25067 1.21198e-16)
(0.0810636 5.3167 6.48093e-17)
(-0.0309815 6.43085 1.03589e-17)
(1.54982 3.78716 -1.51545e-17)
(11.1164 1.45921 -4.24646e-19)
(-0.0184605 5.14333 0)
(-1.25583 4.92792 -3.78619e-17)
(-0.89218 0.0938454 9.00679e-17)
(-0.0375367 5.79405 1.34575e-16)
(-0.122481 -0.634846 5.35294e-17)
(-0.167906 6.83907 0)
(0.245674 6.62273 -2.28015e-17)
(0.542993 -0.211723 -5.13921e-16)
(-0.161761 5.79889 3.93281e-17)
(0.421198 5.94502 2.94003e-17)
(-0.759951 4.17832 0)
(0.264835 9.99257 -1.65746e-17)
(-1.18394 7.97295 -9.28986e-17)
(0.289674 -0.317545 -3.38081e-17)
(0.877358 -0.499438 4.22788e-16)
(-0.255996 -0.936128 -1.48755e-16)
(0.56008 0.280664 -1.09336e-16)
(-0.0865412 3.64838 2.35396e-16)
(-2.79588 0.0133166 0)
(0.629026 3.83967 -8.77389e-17)
(3.11131 4.18619 2.28784e-17)
(1.92806 5.26544 -2.47384e-16)
(0.553267 0.669582 4.7185e-19)
(1.25528 4.25393 9.0152e-17)
(2.3952 5.12868 4.56109e-17)
(12.3562 1.11327 -2.3797e-18)
(7.99979 9.82273 5.96138e-18)
(1.37238 0.226717 1.14017e-18)
(-0.0960811 5.34273 7.13205e-17)
(0.219984 5.14732 -1.64078e-17)
(2.61579 -0.109641 0)
(-2.13225 6.06052 1.16043e-16)
(4.47654 -0.0127447 -8.84845e-17)
(0.109537 4.57346 0)
(-0.0447606 1.91544 1.69081e-17)
(-0.0305259 6.14821 1.63231e-18)
(7.35546 2.14547 -7.29868e-17)
(9.14695 0.305005 -7.74423e-17)
(-0.0210694 -0.15647 3.26756e-19)
(-0.0980603 0.483327 0)
(-0.0352652 7.13938 -2.16491e-17)
(1.05223 3.61992 -1.46329e-16)
(6.24982 0.259878 0)
(9.73485 -0.198861 3.88313e-17)
(-1.78198 8.05985 -5.944e-17)
(2.3969 4.68267 -1.75624e-17)
(2.0632 -0.0616213 0)
(4.90792 5.75273 -3.49857e-17)
(2.1345 -0.0636776 0)
(-1.98098 6.44694 -2.34177e-16)
(2.0282 4.06801 5.96591e-18)
(13.0695 0.805068 0)
(-0.939728 6.92634 -2.94458e-17)
(6.65935 0.316305 2.04234e-17)
(8.19254 1.71288 -4.46567e-17)
(-1.83154 5.73137 -1.26548e-16)
(-2.02503 0.448819 -2.26409e-16)
(0.0789099 3.3171 3.57611e-17)
(2.54861 -0.0893304 -3.57636e-17)
(0.0574914 0.584059 -1.16922e-16)
(2.74252 -0.00261689 -2.01081e-17)
(1.1574 -0.218407 -1.34015e-17)
(2.88344 -0.0339005 0)
(0.98791 4.13749 3.00069e-17)
(-1.36356 7.23914 -7.52785e-17)
(0.0621032 2.20462 0)
(-0.844016 3.26547 5.52377e-17)
(-2.06079 7.68683 6.4853e-17)
(7.7638 1.85217 6.54558e-17)
(-4.71087 -0.451153 0)
(-2.86011 -0.046814 5.98129e-17)
(-1.6824 5.24258 4.1113e-20)
(8.17888 0.0684398 4.05745e-18)
(-0.580189 3.57526 -5.23382e-17)
(8.11494 0.00896326 0)
(-0.638197 6.08517 0)
(-2.55701 6.47588 -1.05949e-16)
(7.98072 0.0887625 -4.19209e-18)
(-0.0241782 4.99668 3.49239e-17)
(7.30083 0.193946 0)
(7.51294 0.144564 1.07149e-17)
(7.63998 0.10242 5.20325e-18)
(8.19418 -0.0798322 2.63996e-17)
(7.97252 -0.104643 -3.04535e-17)
(7.76454 -0.0916994 0)
(7.76017 0.0891761 -2.33701e-17)
(8.4344 -0.09766 1.14193e-16)
(2.3201 0.00781422 5.51633e-18)
(2.14019 -0.0935978 5.24896e-17)
(2.12286 -0.089784 -6.10305e-17)
(2.35625 -0.0496886 2.43131e-20)
(2.06259 -0.0822053 -6.58696e-17)
(1.9026 -0.0287489 -4.50048e-16)
(-2.41145 6.44799 1.33031e-16)
(-0.337155 0.655306 -1.34613e-16)
(-1.69397 6.73639 2.12627e-17)
(0.137487 4.65137 -9.56553e-17)
(-2.02045 7.09649 -1.18497e-16)
(0.0975584 4.44921 0)
(2.66208 0.0606278 9.43371e-17)
(-0.581206 3.89656 1.3162e-16)
(0.814072 0.201593 1.60857e-16)
(0.0743803 0.808031 -2.01383e-16)
(0.557747 5.88854 -1.19903e-16)
(0.059839 -1.59442 0)
(-0.0726905 6.91126 -1.19907e-16)
(3.19578 0.398257 0)
(2.0332 -0.0593187 0)
(0.63645 -0.348175 1.25658e-16)
(-0.364499 0.213072 2.89948e-16)
(4.40397 0.544049 0)
(-0.462859 4.64763 -2.86203e-16)
(-0.184189 7.2126 0)
(0.129792 2.72966 -5.48163e-17)
(0.912594 7.17257 -8.01092e-19)
(-0.466896 0.44317 1.16956e-16)
(2.76553 4.8442 1.23633e-17)
(5.7173 3.18327 2.08162e-18)
(-0.0544516 6.86805 -1.20076e-17)
(-1.08432 0.932783 -9.74638e-17)
(0.343833 0.424833 -3.50037e-16)
(3.78397 0.860451 -7.07442e-18)
(-1.53651 0.958304 -1.24576e-18)
(1.45983 5.73766 8.49307e-17)
(11.8016 0.935045 1.44022e-18)
(-2.59219 0.672488 -2.75671e-16)
(-1.29617 4.35611 0)
(2.76217 -0.000135202 7.68629e-20)
(-0.0755148 -0.694235 -2.35058e-16)
(0.249768 -0.246505 0)
(0.0484631 4.15716 -1.26748e-18)
(0.875153 -0.0616934 1.52698e-16)
(-0.0407734 -1.26531 0)
(2.58057 0.107194 3.95922e-17)
(1.25554 -0.392714 5.89651e-16)
(-1.53168 -0.179718 1.04606e-16)
(-2.09169 0.223845 9.62154e-17)
(4.19513 0.899583 -1.37246e-17)
(-1.24783 7.51708 1.72651e-16)
(-3.88326 0.472645 1.48902e-16)
(-0.517851 -0.664494 0)
(1.01085 6.67187 2.14504e-16)
(5.60752 10.9261 9.96925e-19)
(1.45987 0.268781 -3.92832e-16)
(11.085 0.669147 -2.10135e-18)
(13.9364 1.65549 0)
(2.67769 0.358786 1.76659e-17)
(9.30619 0.0496203 0)
(2.03103 -0.0324768 -5.7144e-21)
(0.302645 -0.692504 9.86427e-17)
(1.47222 0.519065 -1.10569e-16)
(8.14029 2.2112 6.8613e-17)
(2.72584 -0.013434 3.97177e-17)
(0.411572 3.55451 0)
(0.164131 4.21816 -6.67539e-17)
(2.27932 4.62015 -2.74532e-17)
(-2.26737 7.7857 3.27121e-17)
(0.0856458 4.27202 0)
(-0.288872 3.79017 8.76249e-17)
(-0.0790374 -0.594026 0)
(0.708557 -1.31279 0)
(-2.08619 7.84486 -6.95169e-17)
(0.259071 6.27944 3.72496e-17)
(-0.135068 5.96946 -7.1909e-19)
(6.5359 4.67968 -2.4403e-17)
(0.82688 0.333437 0)
(12.8375 1.30539 1.04279e-18)
(5.04988 0.963409 9.17617e-18)
(-0.234477 6.77664 -5.29077e-17)
(2.19542 3.13477 -1.81073e-17)
(-0.138672 4.58358 7.72837e-17)
(-1.1231 -0.289017 -7.68542e-19)
(-0.311368 1.24408 7.03693e-17)
(-0.351128 0.272271 2.74419e-16)
(1.92439 -0.192121 0)
(-2.18922 -1.12201 0)
(8.57362 0.253777 3.30812e-17)
(-2.53233 6.70348 -1.01708e-16)
(0.0804813 -0.343308 0)
(7.66051 2.85243 -8.14128e-17)
(0.953055 5.6378 -5.68014e-17)
(-0.313127 0.102976 -1.20723e-16)
(-2.48252 7.55098 4.34603e-17)
(0.358818 0.764057 0)
(-0.159299 4.77398 -7.76906e-17)
(1.04599 5.73889 1.17549e-16)
(0.762924 8.02943 0)
(0.257326 2.98501 4.01696e-16)
(-1.67784 0.225256 -2.61318e-16)
(0.173649 1.52718 -1.34085e-16)
(-0.272892 1.63335 1.21588e-16)
(10.7301 0.437412 1.94612e-17)
(-1.76169 7.40766 -8.77333e-17)
(6.99687 -0.0651299 -1.20124e-16)
(-1.35675 -0.409723 2.60048e-16)
(-1.5356 0.66101 1.1525e-16)
(1.16923 -0.428199 0)
(6.90549 0.79344 0)
(6.01693 0.584474 1.51265e-17)
(-0.288121 5.4794 0)
(-2.37473 7.31901 0)
(-0.979394 3.65855 -1.45858e-16)
(2.42805 0.291399 -3.36661e-17)
(5.74527 0.371866 -1.22455e-17)
(-0.564338 -0.295868 -1.40654e-16)
(0.868579 0.765237 1.9403e-16)
(0.3512 -0.571074 1.07293e-16)
(1.62051 -0.29392 -1.3961e-16)
(-2.1146 0.0272102 -1.23179e-16)
(-2.27875 7.65395 -6.03794e-17)
(0.97337 0.0688462 0)
(-0.00225677 4.72308 -5.92717e-18)
(-0.134611 5.1884 -2.71433e-16)
(8.39848 0.194904 -2.6151e-17)
(-0.82913 0.245408 5.07465e-17)
(-2.8404 6.94832 -6.12829e-17)
(-0.941186 3.06029 1.58687e-16)
(-0.192176 -0.355197 -3.17157e-17)
(2.05844 0.0651762 0)
(0.049215 1.32965 -1.21338e-16)
(2.01607 -0.0558544 -1.18266e-16)
(5.18088 0.569497 -5.10208e-18)
(0.540835 -0.649289 6.09351e-19)
(-2.63279 7.39712 -5.82564e-19)
(9.98666 0.134991 0)
(0.177461 3.74873 7.84337e-19)
(-2.62049 6.09246 0)
(1.2993 5.25518 1.38787e-18)
(-0.202055 6.34573 2.97266e-17)
(-0.981931 0.210014 -8.15963e-17)
(1.95485 -0.347205 -7.02295e-17)
(-2.24682 0.174179 1.46422e-16)
(0.00367592 2.67423 -5.88408e-17)
(6.63168 0.250755 -2.28586e-17)
(1.72223 4.20957 3.40035e-19)
(8.8869 3.14729 1.23933e-18)
(-0.028942 5.15641 0)
(2.84522 0.248217 -2.01912e-17)
(2.25272 4.29925 0)
(7.84175 2.53792 4.58351e-17)
(1.98894 3.86178 1.16498e-16)
(-0.955912 0.678021 1.04106e-19)
(0.375784 3.25918 1.18676e-18)
(-0.57039 2.25343 -8.11066e-17)
(-0.0494582 2.20947 0)
(-1.47645 3.55788 0)
(-0.36303 1.46928 -2.10942e-16)
(-0.355661 4.68781 0)
(1.24338 1.04926 -2.26207e-17)
(-0.529444 0.40803 2.29889e-16)
(2.48349 3.87596 9.77862e-18)
(-0.290982 0.37744 1.0194e-16)
(0.415206 -0.11859 6.0351e-17)
(0.736287 2.97983 2.19144e-17)
(1.61061 0.161511 -2.53923e-16)
(-1.9817 7.51961 -8.81262e-17)
(0.713569 0.872979 -9.17706e-18)
(-0.291894 2.28614 1.98373e-16)
(-2.08034 3.95688 -1.54225e-16)
(0.909884 3.14721 6.90082e-17)
(0.802349 4.11033 -1.17788e-16)
(1.15402 0.186645 -1.46448e-16)
(0.649107 -1.04649 0)
(-1.9748 -0.0688854 0)
(-0.291531 0.238421 0)
(0.606354 -0.000693181 -1.60001e-16)
(2.06717 4.38132 0)
(3.46546 0.185939 -1.98521e-16)
(1.44236 3.74736 1.0415e-16)
(1.41903 4.07188 -6.55193e-17)
(-4.34515 -1.09139 -1.65519e-16)
(-2.33495 -0.115828 0)
(0.146551 6.64644 2.92957e-17)
(1.81029 3.9463 -2.25863e-16)
(-0.440912 2.00043 -2.4173e-16)
(6.99638 0.233362 2.26777e-17)
(-2.3499 6.80289 2.27406e-16)
(-0.718447 5.74078 0)
(9.43198 0.203976 -2.01538e-17)
(-0.583644 0.381822 -2.55801e-16)
(1.14794 4.53871 1.49253e-16)
(-0.114367 3.31633 -5.8978e-17)
(-0.387716 6.26565 5.79215e-17)
(0.349092 3.95094 -9.26084e-17)
(-0.205373 3.69545 9.76004e-17)
(-0.0324351 5.18727 -1.53862e-17)
(0.242214 5.45827 0)
(-0.202684 5.38306 -1.77878e-16)
(0.366157 -0.0393915 -4.12459e-16)
(0.427932 0.908232 1.77497e-16)
(-0.159114 6.83824 -2.56447e-17)
(-0.0371898 6.7484 -2.34614e-17)
(5.33476 0.117617 7.80484e-17)
(-0.334243 6.56024 7.63019e-17)
(-1.13495 -0.935337 0)
(0.991022 -0.305995 -3.12282e-16)
(-2.16716 6.28864 1.31274e-16)
(1.12818 8.42274 6.09475e-17)
(0.113655 6.71363 0)
(-0.40574 2.7874 9.8712e-17)
(-0.32183 -1.32268 -6.15288e-17)
(3.40841 0.268472 0)
(-0.7936 2.52962 -1.53553e-16)
(-1.53563 0.150602 -2.96524e-16)
(-3.23512 -0.138151 0)
(7.90083 2.73212 0)
(0.286319 2.4381 6.44036e-19)
(-2.59671 7.0102 0)
(-3.40189 -1.45116 -9.95043e-17)
(-1.59783 -0.100598 4.49948e-17)
(10.1395 -0.0856892 -2.54808e-17)
(2.99929 0.332032 1.88791e-17)
(1.4854 -0.15712 -2.42215e-16)
(-0.898817 -0.347285 -9.23932e-17)
(-0.525436 -0.365027 0)
(2.6271 0.0805032 -6.07515e-17)
(5.03286 1.25797 -1.12563e-17)
(2.15233 -0.0747927 2.46339e-17)
(4.58652 0.341628 9.62944e-17)
(6.82461 0.512287 0)
(-2.60426 1.41534 -2.15913e-16)
(-0.183485 4.00207 1.47799e-16)
(0.913959 3.80776 -9.09031e-17)
(1.9794 -0.347541 -2.14096e-17)
(-1.07322 6.65126 1.32293e-16)
(11.3712 0.659396 2.81862e-18)
(2.72281 0.156059 -3.39765e-17)
(0.663661 0.894406 1.07148e-16)
(3.43358 0.452824 5.33564e-19)
(-0.0560286 3.58368 0)
(-0.523775 -0.0938747 1.92839e-16)
(7.36667 3.21484 -5.47547e-17)
(2.69538 -0.0232991 -1.94745e-17)
(4.04161 0.529388 0)
(6.26453 -0.0715993 2.30438e-17)
(2.47609 0.979181 7.146e-18)
(-2.03502 0.2374 1.1147e-17)
(1.14508 -0.0162665 -5.01578e-17)
(2.10191 -0.0623424 0)
(9.57563 -0.00843535 -4.74988e-17)
(0.29303 -0.245659 0)
(2.18498 0.0718868 2.08078e-16)
(1.19056 -0.776067 -2.01571e-16)
(3.26998 0.371058 0)
(0.20039 0.717983 -3.93732e-16)
(2.63548 0.0463519 8.75049e-17)
(-0.525015 1.57582 -4.67834e-17)
(4.78487 0.555943 7.13255e-18)
(-0.103903 0.444725 -6.3905e-17)
(-0.0428266 4.82675 9.18746e-17)
(-0.216767 -0.260297 -2.90114e-16)
(1.65926 0.174423 -2.3483e-16)
(-0.340605 -0.27048 8.7281e-17)
(8.04003 0.164886 -4.45231e-17)
(5.28778 0.841255 1.16083e-17)
(-0.423219 -0.344979 7.52768e-17)
(0.246982 2.49226 -3.39871e-16)
(-0.267321 -0.48621 -2.99459e-16)
(-3.11353 -1.89401 4.19013e-17)
(-0.181523 2.29105 2.1215e-16)
(-0.0560134 6.89475 -1.44409e-17)
(-0.930131 0.161159 -1.44646e-16)
(-0.568063 3.11898 -2.86512e-17)
(0.181488 0.238012 7.20883e-17)
(-0.120842 6.0219 -1.98714e-17)
(-0.077665 6.10615 -1.54223e-17)
(-0.0787154 6.99541 -1.34085e-17)
(7.48804 0.369623 8.83555e-18)
(-0.0636057 6.94702 1.4737e-17)
(2.70353 0.00207198 2.7964e-17)
(-0.0596095 7.14559 -5.59333e-17)
(0.673344 6.97413 -1.89299e-17)
(2.2991 0.151047 6.25398e-17)
(0.285865 -0.304681 4.39059e-17)
(-0.94174 3.70934 1.47732e-16)
(-0.68782 -0.345948 -1.08648e-16)
(-0.847502 -0.145589 1.0659e-16)
(0.0859109 5.9416 0)
(-0.174339 6.69726 2.48173e-16)
(-0.0622636 6.96315 3.09306e-17)
(2.73924 -0.000111843 -2.14452e-17)
(2.44763 -0.000383637 2.55737e-16)
(7.83027 0.27449 2.59671e-17)
(8.74294 0.0228526 -1.22239e-17)
(0.241445 1.02741 1.69192e-16)
(0.0811447 4.30404 -2.07471e-16)
(-0.686468 -0.097856 0)
(-1.0545 0.262823 -4.53556e-17)
(-2.56896 0.204438 1.16776e-16)
(-0.129045 7.40809 1.61711e-16)
(-4.11207 -1.29672 0)
(-3.59533 -1.34902 5.44506e-17)
(-2.67101 -0.247745 -7.24405e-17)
(-3.05227 -0.477292 -1.98007e-16)
(-0.834673 -0.019266 0)
(0.17568 0.114634 0)
(7.95234 0.560218 0)
(-0.119655 7.21534 -6.6265e-18)
(0.471248 6.52869 5.49457e-17)
(-2.7595 6.77976 0)
(-0.100203 0.865814 1.21233e-16)
(8.90513 0.152351 0)
(1.23091 3.5098 1.95191e-16)
(1.10908 0.163401 3.68393e-16)
(-0.634031 0.373285 -1.78908e-16)
(2.49562 0.0878883 -3.69416e-16)
(1.75494 -0.341049 -4.67216e-17)
(1.65531 0.143169 2.03955e-19)
(0.412647 -0.06491 3.48349e-17)
(-0.31665 1.47283 2.85308e-16)
(-2.35471 -0.0819863 0)
(-2.52646 1.17005 0)
(0.702752 -0.914815 0)
(0.0775935 4.01525 -6.23172e-17)
(-0.578949 0.289294 0)
(-0.107751 1.50429 0)
(-0.995738 -0.0410111 1.30621e-16)
(4.28061 2.7301 -1.2263e-16)
(0.74119 0.232684 1.70965e-16)
(2.6081 0.4186 2.62937e-17)
(1.82165 0.425736 1.40354e-16)
(0.0682145 0.0214446 -4.96009e-17)
(0.317759 0.959053 0)
(0.508141 0.0197994 -4.2467e-16)
(-0.640403 1.13184 -3.53402e-16)
(-0.00166896 0.414079 0)
(0.0931515 -0.12725 -1.18025e-16)
(0.018456 0.972084 -3.99446e-16)
(-0.604792 1.33931 3.20701e-17)
(0.963172 1.52776 0)
(-2.43253 -0.0444326 1.69213e-17)
(-3.20661 -0.21079 2.55751e-16)
(2.62485 -0.00923603 -7.11e-17)
(0.734478 -0.0113119 0)
(0.767315 -0.216055 -8.14177e-17)
(-0.455028 -0.108355 0)
)
;

boundaryField
{
    frontAndBack
    {
        type            empty;
    }
    wallOuter
    {
        type            noSlip;
    }
    inlet
    {
        type            fixedValue;
        value           nonuniform 0();
    }
    outlet
    {
        type            zeroGradient;
    }
    wallInner
    {
        type            noSlip;
    }
    procBoundary3to1
    {
        type            processor;
        value           nonuniform List<vector> 
48
(
(-0.590568 7.03115 0)
(-0.57479 9.15581 -9.47405e-17)
(-0.833469 9.39169 0)
(-0.679542 7.94705 -8.74514e-17)
(-0.0730722 5.30215 2.13334e-17)
(-0.475821 4.92086 1.43028e-16)
(-0.57479 9.15581 -9.47405e-17)
(-0.214165 1.76953 7.48236e-17)
(-0.392436 5.16769 1.07569e-16)
(-0.41919 -0.872883 2.18784e-16)
(-0.41919 -0.872883 2.18784e-16)
(-0.378957 -1.54121 0)
(-0.378957 -1.54121 0)
(-0.0758429 0.239903 1.23496e-16)
(-0.00408601 0.154725 9.22995e-20)
(-0.053706 -2.09446 -1.66675e-16)
(-0.092346 -0.854275 2.61381e-16)
(-0.00299074 -1.61832 1.01318e-16)
(-0.092346 -0.854275 2.61381e-16)
(-0.208413 0.170444 -1.6507e-17)
(0.630001 0.298972 1.73387e-16)
(0.265192 0.392027 5.18967e-16)
(-0.208413 0.170444 -1.6507e-17)
(-0.622436 1.67795 4.72883e-16)
(-0.523098 -0.278653 -2.07939e-16)
(0.491982 1.42758 1.51552e-18)
(0.417888 0.540729 -1.68085e-16)
(0.265192 0.392027 5.18967e-16)
(0.285964 0.707568 1.59071e-16)
(-0.0596722 1.59823 -1.8923e-16)
(-0.0596722 1.59823 -1.8923e-16)
(-0.107426 1.23106 -3.19581e-17)
(-0.107426 1.23106 -3.19581e-17)
(-0.392436 5.16769 1.07569e-16)
(1.23902 1.0922 -8.61289e-17)
(-0.0787693 3.50809 0)
(-0.41407 2.54156 -3.34339e-17)
(-0.523098 -0.278653 -2.07939e-16)
(-0.469968 6.06785 0)
(-0.142408 7.45279 7.01583e-17)
(-0.0758429 0.239903 1.23496e-16)
(-0.390047 3.64916 0)
(-0.290863 4.46123 3.83722e-17)
(-0.208413 0.170444 -1.6507e-17)
(-0.570031 -0.00654822 -2.08192e-16)
(-0.031502 6.1976 1.35578e-17)
(-0.136455 6.68889 -1.21382e-19)
(0.780063 0.273061 1.47521e-16)
)
;
    }
    procBoundary3to2
    {
        type            processor;
        value           nonuniform List<vector> 
29
(
(-0.461227 -1.51268 3.11591e-16)
(-0.461227 -1.51268 3.11591e-16)
(0.127321 -0.0438518 0)
(0.860786 0.211822 3.38742e-16)
(-1.53517 -0.0179575 3.0463e-16)
(-1.02162 -0.0786788 3.22312e-16)
(-1.15806 0.115289 -2.63077e-16)
(-2.81292 -1.6496 0)
(0.175713 0.567937 -2.781e-16)
(0.719241 0.312329 2.61676e-16)
(-2.81501 -1.02535 8.62453e-17)
(-3.0057 -0.576398 -2.53449e-16)
(0.490481 -0.837448 -4.88846e-16)
(-0.0429426 0.333062 -1.78503e-16)
(2.55692 0.298515 0)
(-0.945643 0.296119 -9.90511e-17)
(-0.608612 0.785519 4.51504e-16)
(-0.279444 0.897524 1.23647e-16)
(-1.20283 -1.81493 1.69729e-16)
(1.82081 0.382093 2.63216e-16)
(2.3276 0.379177 -3.49839e-17)
(-0.608612 0.785519 4.51504e-16)
(2.23639 0.0574441 5.39841e-18)
(-0.279444 0.897524 1.23647e-16)
(2.45826 0.187547 0)
(-0.503606 0.448103 5.83806e-17)
(-0.279444 0.897524 1.23647e-16)
(-1.9021 -0.392807 -1.26266e-16)
(-1.9021 -0.392807 -1.26266e-16)
)
;
    }
}


// ************************************************************************* //
