/*--------------------------------*- C++ -*----------------------------------*\
| =========                 |                                                 |
| \\      /  F ield         | OpenFOAM: The Open Source CFD Toolbox           |
|  \\    /   O peration     | Version:  v1912                                 |
|   \\  /    A nd           | Website:  www.openfoam.com                      |
|    \\/     M anipulation  |                                                 |
\*---------------------------------------------------------------------------*/
FoamFile
{
    version     2.0;
    format      ascii;
    class       volVectorField;
    location    "0.95";
    object      U;
}
// * * * * * * * * * * * * * * * * * * * * * * * * * * * * * * * * * * * * * //

dimensions      [0 1 -1 0 0 0 0];


internalField   nonuniform List<vector> 
1431
(
(0.375857 3.29203 1.05743e-16)
(1.71726 1.78816 2.39032e-17)
(1.12913 -0.359015 0)
(-0.0543153 0.0114463 2.56802e-16)
(-2.03163 -0.206031 0)
(0.537112 6.88584 1.79053e-16)
(0.278089 -0.0100987 5.42691e-16)
(1.3868 -0.0309706 4.7089e-17)
(0.0186532 7.13125 1.21052e-16)
(0.171078 -0.00928588 5.04621e-16)
(2.91128 10.7407 2.13732e-17)
(5.9103 -0.586348 0)
(0.00966594 2.07298 -1.48483e-16)
(-1.81615 0.0323896 -5.07182e-16)
(2.59038 -0.439928 0)
(0.295742 -0.032451 -4.71296e-16)
(3.73835 -0.194352 -2.47074e-16)
(-1.43033 -0.384787 0)
(3.79127 -0.418094 -1.99426e-16)
(-1.73918 0.00481364 1.54764e-16)
(4.40171 10.1204 -7.21913e-19)
(-0.943367 -0.0371726 2.09346e-16)
(0.218353 5.41044 -1.3968e-16)
(11.3746 2.094 -3.50242e-18)
(0.11607 6.69161 1.23203e-16)
(0.199565 1.08436 6.56942e-20)
(1.58319 10.5543 -2.21305e-17)
(1.66073 -1.37364 -3.6299e-16)
(-0.10093 5.34603 -4.15367e-17)
(0.211554 6.18159 3.04644e-17)
(0.0580792 7.07322 -8.24772e-17)
(-0.029888 6.73395 3.29576e-17)
(-0.031405 7.02987 0)
(-1.20484 0.177302 -4.11623e-16)
(0.483125 5.72446 -2.41537e-16)
(0.210049 0.0913346 0)
(-0.291045 5.5833 0)
(0.541585 -0.10232 -5.65244e-20)
(0.372212 -0.0491893 0)
(0.0109946 6.64807 0)
(-0.228536 8.31183 -9.35186e-20)
(-0.392658 7.66838 1.09269e-16)
(0.078906 1.51415 -1.98502e-16)
(0.416302 -0.0520637 2.39856e-16)
(0.779074 5.71349 0)
(-0.312001 -0.922978 3.39709e-16)
(0.172007 1.12013 2.35978e-17)
(1.0868 10.2233 -6.68105e-17)
(0.341605 -0.02203 0)
(0.323818 -0.371618 0)
(0.425779 2.63563 0)
(0.444958 -0.0922426 0)
(0.402183 3.02224 2.56264e-16)
(2.10485 -0.127816 1.56752e-17)
(1.30728 1.10714 -1.71216e-18)
(0.255724 1.23924 4.12388e-16)
(-1.30758 0.307863 1.88043e-16)
(4.0918 -0.753059 0)
(4.31228 0.125688 0)
(1.4044 -0.325324 4.01596e-16)
(1.60182 -0.601896 -1.33203e-16)
(0.220988 0.00019141 4.28665e-16)
(-0.0528365 -0.0705288 0)
(0.419007 -0.0764589 0)
(0.246621 -0.0113497 1.02237e-18)
(0.102429 0.00488032 -2.62678e-16)
(2.58888 0.0688895 -2.20292e-16)
(0.591238 -0.10804 -9.24623e-17)
(0.743005 -0.184104 -5.74786e-18)
(-1.20213 -0.307978 0)
(0.0135551 -0.84382 7.00346e-17)
(-1.36998 0.135872 -1.4667e-16)
(-0.0909932 0.0111325 1.48381e-16)
(-1.09707 0.10721 3.37747e-16)
(-1.89038 -0.100754 3.75563e-16)
(-0.788182 -0.471095 -5.16814e-16)
(2.02939 -0.301106 -2.07675e-17)
(0.0391999 -0.0981267 -1.95739e-16)
(0.100804 -0.0308706 -3.23285e-16)
(-0.62814 -0.441101 0)
(3.73999 -0.0112006 -5.81549e-17)
(-0.127987 -0.245948 1.22934e-17)
(4.68668 1.07182 -5.81133e-18)
(1.04256 1.45905 9.64178e-17)
(11.1722 0.71957 2.15612e-18)
(0.077297 -0.0800539 -1.34725e-16)
(0.350705 -0.0937413 0)
(2.03387 0.347573 1.62455e-16)
(9.76677 0.150523 5.69032e-18)
(7.63538 0.934616 1.9036e-18)
(-0.705113 0.710929 -2.59694e-16)
(-1.39609 0.892501 2.67349e-16)
(0.563226 -0.0369228 3.06173e-16)
(0.354942 -0.0818333 -1.61688e-16)
(1.1413 0.752883 8.10072e-18)
(-0.0229032 5.45376 0)
(2.84839 -0.697646 -7.24892e-17)
(4.40103 2.31755 -9.0664e-18)
(0.385523 -0.0298779 0)
(-1.38934 -0.19091 -6.20477e-19)
(0.222841 1.85755 1.46399e-16)
(0.30438 -0.0165214 -7.57224e-16)
(3.49932 -0.0521575 0)
(0.24153 -0.828677 -2.97858e-16)
(-0.0568701 -0.105912 4.0894e-16)
(0.0452475 6.06252 1.24464e-17)
(0.0217957 5.90253 0)
(1.14678 7.5437 7.19368e-18)
(0.345597 3.66248 2.68664e-16)
(4.04579 0.0406313 0)
(0.652229 -0.512236 -6.37334e-16)
(-0.0508505 2.77319 -2.74361e-16)
(0.509945 -0.292436 5.04367e-16)
(-0.126453 7.51731 -7.81242e-17)
(1.66725 1.35586 -7.66595e-19)
(-1.58329 -0.295374 6.73225e-17)
(-1.72816 0.148066 0)
(-0.0775762 -0.0217159 -2.68232e-16)
(-0.0690636 -0.0191628 0)
(0.232317 -0.0849793 0)
(-0.26897 -0.35465 -2.42064e-17)
(2.92664 0.0344411 6.80294e-17)
(0.526656 0.0908338 2.46013e-16)
(-1.78378 -0.202089 1.52267e-16)
(-1.00669 -0.636102 0)
(0.0292585 -0.0524025 1.92437e-16)
(1.37825 -0.27703 0)
(1.46322 -0.468548 4.63691e-16)
(1.55947 -0.826907 -2.62083e-16)
(0.282661 0.0239683 5.18555e-16)
(3.18305 -0.293093 3.36653e-16)
(-1.66583 -0.0108965 -9.26379e-17)
(0.395513 0.0570408 -1.18577e-16)
(2.78858 0.111128 9.07711e-17)
(-1.65024 0.434471 0)
(-0.187894 -0.239368 -3.8442e-16)
(0.0376018 -0.289404 1.75618e-16)
(0.357267 -0.0176272 0)
(8.97668 -0.283549 3.22306e-17)
(0.563141 -0.0101963 2.03827e-16)
(0.385447 -0.0510585 0)
(0.124275 7.06849 0)
(4.04089 -0.0623795 7.16744e-17)
(0.148101 -0.341399 0)
(0.319369 3.90176 1.70832e-16)
(-0.0508499 7.06714 -6.36463e-17)
(-0.296472 -0.10957 -2.1115e-16)
(0.276084 2.34705 -2.87455e-16)
(0.253962 -0.0718733 3.45742e-16)
(0.30514 -0.408535 1.72771e-16)
(-0.161088 -0.198947 2.70316e-16)
(0.149692 -0.356342 8.23854e-17)
(0.0132577 6.65153 -2.87537e-22)
(0.0463435 -0.0595053 -2.4683e-16)
(-0.0246443 6.50156 -3.2414e-17)
(0.47112 -0.132266 -3.99369e-16)
(9.99359 0.330379 -2.17054e-18)
(2.5533 3.26294 5.6714e-17)
(6.22465 1.10685 -4.73626e-18)
(0.453835 -0.197469 3.28876e-17)
(8.36129 2.22148 -2.63077e-18)
(-0.0596196 2.57009 1.6179e-16)
(0.600386 -0.0255438 -2.08417e-16)
(0.510795 -0.162311 1.41992e-17)
(0.915118 -0.0170674 -5.06121e-17)
(0.0800475 4.73498 -1.3934e-16)
(-0.10911 6.22528 4.20811e-16)
(1.49835 0.932526 7.32099e-18)
(0.388501 -0.250404 2.5732e-16)
(3.16334 2.01583 2.02126e-17)
(8.5746 1.28175 -5.67381e-18)
(0.234007 2.86103 0)
(0.035537 6.74297 -2.9761e-17)
(8.9955 0.0345733 3.58554e-18)
(2.12091 2.16935 -9.58617e-18)
(10.1976 0.151572 0)
(0.319498 -0.0807107 0)
(0.642143 6.92679 -1.02713e-16)
(0.435516 3.0348 -2.43138e-16)
(0.585506 5.25337 -2.59211e-17)
(0.0948049 0.00775588 -5.05558e-16)
(0.450532 -0.101838 0)
(0.548213 1.93147 6.77252e-18)
(9.96969 2.89245 -2.40946e-18)
(0.825667 7.01498 7.30911e-17)
(0.0645926 4.19279 0)
(0.900297 3.84068 -1.05051e-17)
(2.67856 2.61346 -3.66643e-18)
(0.126733 6.74193 4.69196e-17)
(10.4688 -0.225859 2.12533e-17)
(-0.0547898 6.95963 -5.15868e-17)
(0.0637577 6.57802 -2.98269e-17)
(0.0221337 6.65485 -4.61467e-17)
(1.00509 6.70771 0)
(-0.0756532 0.025976 0)
(3.09832 4.08021 -5.39927e-17)
(4.45128 2.98241 0)
(0.950482 5.73961 -1.55741e-16)
(1.04163 -0.00521241 3.72555e-16)
(2.3883 0.343316 0)
(1.08985 1.89561 2.88144e-21)
(0.573783 -0.0432565 -1.2203e-16)
(1.29743 8.85427 -3.60203e-17)
(0.21181 -0.0700969 1.2429e-16)
(-0.0121763 2.57014 -4.9453e-17)
(-0.0113218 6.90971 3.42591e-18)
(0.0228177 5.71691 8.79155e-17)
(0.957063 0.136682 2.90615e-16)
(8.68108 0.494597 -1.11567e-18)
(1.21205 1.6033 -1.60342e-16)
(-1.34105 0.131497 2.8887e-16)
(0.601926 -0.0257664 0)
(-0.0185348 5.94111 2.77089e-17)
(0.2122 6.02789 3.09318e-17)
(10.1996 0.977919 0)
(-1.03222 0.0515197 5.55642e-16)
(0.0123888 6.63546 1.41182e-16)
(1.07366 5.89685 -4.12067e-17)
(0.430967 2.20678 -5.19534e-17)
(1.09151 8.73385 2.39376e-16)
(-0.0950315 6.98564 2.24937e-16)
(0.632668 1.75864 0)
(3.40886 0.856697 2.10832e-16)
(0.54654 -0.109719 0)
(-0.0417135 6.21433 -1.27242e-16)
(8.77128 1.22302 1.85678e-18)
(2.09031 7.30439 -2.97428e-17)
(3.75167 2.14124 1.96675e-17)
(-0.000404113 6.79341 1.55972e-16)
(0.73043 9.03318 4.12817e-17)
(2.06313 0.0869154 2.76893e-17)
(0.0435363 7.0649 5.6411e-21)
(-0.0386897 5.98442 -3.46472e-18)
(0.0177325 6.76942 6.29896e-17)
(-0.018551 6.75716 -3.18557e-17)
(7.2812 1.70323 6.28144e-18)
(-0.0193748 6.03459 0)
(0.369654 5.87008 -3.8042e-17)
(0.00790995 7.08753 0)
(0.790859 1.3856 2.71271e-17)
(0.381651 -0.0613967 9.23188e-17)
(0.995203 3.46129 1.14898e-17)
(8.65956 0.816961 -7.45545e-19)
(0.174523 6.62306 0)
(0.16483 6.52774 2.34213e-17)
(-0.574371 -1.04625 5.94641e-16)
(0.234754 6.17214 2.37293e-16)
(1.1213 9.10895 0)
(-0.127181 6.63589 -2.84361e-16)
(0.454314 -0.256408 1.92585e-16)
(0.681936 0.0954849 0)
(9.84917 0.270247 -1.99122e-19)
(0.463112 -0.178521 3.15867e-18)
(0.470117 0.0495193 -2.02913e-17)
(-0.015318 6.90147 3.97308e-17)
(-0.330942 7.52789 -4.65565e-17)
(0.4583 -0.144347 -4.53427e-21)
(9.0007 1.72469 -4.40937e-18)
(5.9462 2.71378 2.51415e-17)
(0.0556402 6.54184 -4.64423e-17)
(0.0684881 2.6365 1.25089e-16)
(9.0571 -0.173038 -2.03806e-17)
(0.481086 2.08819 0)
(0.350161 -0.131789 1.10721e-16)
(0.00547355 5.46137 2.81327e-17)
(1.32706 7.55669 -5.65964e-17)
(-0.0632909 5.77543 -1.27216e-16)
(1.09002 5.72714 0)
(0.90931 9.86649 6.26328e-17)
(-1.12814 0.101814 0)
(0.897567 2.64805 -5.45621e-17)
(-0.0133726 6.34321 5.69085e-17)
(1.37389 1.47701 -1.13887e-17)
(0.597178 0.880852 5.9302e-17)
(8.99579 1.80387 0)
(0.00297971 6.82747 2.49724e-20)
(9.42124 1.26457 -5.30661e-17)
(1.09128 6.99205 2.30936e-17)
(0.00504657 4.09847 2.13827e-20)
(-0.0138136 4.40024 -7.30752e-17)
(0.199887 3.4151 0)
(-0.299501 5.08361 1.5944e-16)
(-0.0118438 6.95773 8.23955e-17)
(0.380754 1.89496 2.2245e-16)
(0.759417 0.579769 0)
(4.95855 1.75789 0)
(-0.287591 7.63581 1.14719e-16)
(5.1175 2.53317 -3.00161e-17)
(10.88 0.474401 0)
(1.65415 2.15451 -2.40724e-17)
(0.682022 0.134839 -2.40566e-16)
(-0.134073 6.58887 1.27607e-16)
(3.90144 2.78996 -2.28072e-17)
(0.0606902 2.60977 -5.41143e-17)
(0.678379 8.65033 -1.32999e-16)
(0.011935 6.83642 -3.69959e-17)
(1.95827 5.1227 0)
(0.169996 4.20494 0)
(-0.407498 1.24499 2.04368e-16)
(0.0419489 4.06245 8.28796e-18)
(0.323428 2.88128 -1.72383e-16)
(-0.425117 -0.0404741 -2.28475e-16)
(1.07345 1.16963 -3.39953e-18)
(0.0495357 2.00605 7.26715e-17)
(0.243371 5.42958 -4.53349e-17)
(0.448714 -0.103234 -7.3419e-17)
(1.97196 2.64885 1.68299e-17)
(0.0158835 6.39914 -2.64759e-16)
(-0.357886 7.00354 -2.23661e-16)
(2.60577 1.86261 -1.49098e-17)
(3.5868 5.10376 1.8653e-16)
(-0.271075 0.00343804 0)
(0.224356 0.0147414 -1.03111e-16)
(0.281028 1.13422 0)
(-0.0162906 6.95837 -2.26396e-16)
(4.19413 3.44563 0)
(0.878483 5.48121 -5.71318e-19)
(1.00666 0.849818 1.51687e-17)
(0.593003 -0.269669 -2.37635e-17)
(6.56102 5.98913 1.12101e-18)
(1.77822 3.08681 1.65616e-17)
(3.62579 3.71205 0)
(-0.487981 -0.24578 0)
(0.0743765 2.09917 0)
(0.886289 6.10037 2.91814e-16)
(0.53877 -0.175806 -2.49584e-16)
(-0.893068 -0.0947682 0)
(-0.187527 7.29918 2.51332e-16)
(2.64178 0.545025 2.81437e-17)
(0.488577 0.0257284 9.48247e-17)
(0.35664 4.25203 1.94544e-16)
(0.652093 -0.477992 1.78302e-16)
(-0.122003 7.19792 -2.51558e-16)
(-0.563184 -0.206221 -3.39042e-16)
(0.385817 -0.166957 -2.33565e-17)
(0.0732253 1.95292 -3.28878e-17)
(-0.26988 7.38651 0)
(6.53087 1.82231 4.51905e-18)
(0.903348 6.41259 -1.39963e-16)
(0.49985 2.03435 0)
(-0.265366 -0.0254333 0)
(0.0895199 1.88075 2.61881e-17)
(3.16306 6.51711 7.16826e-17)
(-0.19402 7.77318 0)
(0.035241 7.02129 1.26334e-16)
(-0.0471759 6.4965 0)
(1.37648 1.80468 1.55234e-17)
(9.66727 0.798417 5.00341e-17)
(2.98908 5.50516 -1.31122e-16)
(0.0033011 2.51069 0)
(0.712105 6.54414 1.54504e-16)
(0.0882465 -1.03077 -3.58184e-16)
(0.135557 2.14704 1.78797e-16)
(1.88377 4.16018 -5.75942e-19)
(0.306567 -1.43312 2.74244e-16)
(0.317156 1.77508 -1.54899e-16)
(7.78914 2.46139 1.65766e-18)
(-1.07145 0.685445 -6.95251e-17)
(9.83629 -0.0555235 -7.41965e-21)
(-0.265017 8.03297 -1.8286e-19)
(-0.386247 0.0117607 -4.17821e-16)
(-0.00460904 4.20116 -3.0645e-17)
(0.141735 4.20755 -6.40244e-17)
(0.828875 0.836658 3.63122e-18)
(0.771405 -0.101358 -4.24252e-17)
(6.9296 6.50651 1.38916e-17)
(-0.0150174 7.29784 1.21273e-16)
(11.2564 4.11914 -4.66685e-19)
(-0.188216 7.04259 3.11668e-17)
(0.424756 7.23291 1.07263e-17)
(1.20794 9.10869 -8.44153e-17)
(-1.05192 -0.696134 -1.86967e-16)
(9.34598 0.386208 8.12622e-17)
(0.82756 2.93619 0)
(-0.194666 7.81694 6.51156e-17)
(6.84804 1.36191 -1.02789e-18)
(2.20682 3.75645 -1.69315e-17)
(0.339883 0.725392 -7.21759e-17)
(0.288612 0.678161 0)
(7.01563 2.07806 -2.05155e-18)
(-0.132726 3.12319 3.14617e-16)
(0.877776 6.73414 6.98012e-17)
(0.221461 1.31005 0)
(0.501271 -1.03114 1.50676e-16)
(10.0277 5.67335 -1.13024e-17)
(0.0976667 6.92487 3.37839e-17)
(0.597565 4.0228 -4.21719e-16)
(0.0371514 6.84803 1.88716e-18)
(0.883618 6.2149 0)
(0.730247 3.1379 -2.23584e-17)
(0.460885 0.164661 1.59563e-16)
(0.464616 4.12442 -1.23495e-16)
(0.420832 4.09304 1.3439e-16)
(0.445542 -0.0637613 2.48321e-16)
(6.82585 2.66351 -3.22926e-18)
(0.182083 2.39627 -8.01389e-20)
(-0.087474 4.28352 2.67938e-19)
(-0.0950055 4.50832 -8.76354e-17)
(-0.102207 7.46086 -2.46148e-16)
(0.319609 6.73268 -3.58893e-17)
(2.15771 4.94411 -6.93974e-17)
(-0.192962 7.78762 1.92306e-17)
(5.1071 3.35466 8.57678e-17)
(-0.324217 7.45687 -1.97281e-17)
(0.320049 0.769059 -7.84177e-17)
(-0.0525748 4.4224 -9.3878e-21)
(0.375741 6.94634 6.53199e-17)
(0.0805414 0.535328 9.84643e-17)
(0.555088 0.307481 3.92821e-17)
(-0.0242493 4.41051 1.16153e-17)
(2.62686 4.57644 0)
(0.83092 5.70771 0)
(0.000340516 4.4005 5.66495e-18)
(-0.0691431 1.67449 1.27234e-16)
(0.112884 6.86164 -1.24347e-17)
(-0.589491 -0.592434 2.07943e-16)
(1.31 4.62075 -9.39785e-20)
(0.0997048 0.755204 0)
(0.715777 6.54583 -1.3208e-16)
(0.0277264 4.37989 0)
(-0.0869744 5.3836 -6.76464e-17)
(-0.0208641 1.97106 -3.7606e-16)
(0.375388 2.05326 -8.74987e-17)
(1.57435 4.44463 2.92285e-17)
(0.0761705 4.3379 1.19808e-17)
(-0.0900367 -1.25254 3.60741e-16)
(-0.784306 0.428533 1.65008e-19)
(2.261 -0.496449 9.77034e-17)
(0.621719 -0.634802 -2.83569e-16)
(10.9289 1.70474 2.09418e-18)
(-0.10429 3.06002 1.18773e-16)
(-0.153655 3.26829 1.86678e-16)
(-0.194071 3.75474 -8.66836e-20)
(-0.187807 3.47184 0)
(-0.236114 4.00892 -1.05259e-16)
(-0.225411 3.80843 -8.25368e-17)
(-0.15769 3.31371 -8.49611e-17)
(-0.218646 4.17009 -1.53355e-16)
(-0.197967 3.44191 2.60024e-16)
(-0.20746 4.10406 6.73017e-17)
(0.429413 -1.88465 0)
(9.35821 0.0758891 4.52359e-19)
(0.184682 -1.51704 -9.89229e-17)
(0.299823 -1.10188 2.91717e-16)
(-0.219718 -0.770216 -4.26884e-16)
(0.208854 -0.551491 1.27246e-18)
(0.287731 0.4017 0)
(0.623298 0.310287 -9.93396e-17)
(2.19497 0.768858 4.51089e-17)
(0.393333 0.341653 6.44281e-17)
(0.496482 0.521301 5.98664e-17)
(0.183006 -0.434181 -2.73689e-16)
(0.402173 -0.0268021 -1.95609e-16)
(-0.206359 -1.15386 0)
(0.397786 -0.0300361 -1.03718e-16)
(0.388657 -0.0237114 3.29752e-16)
(0.381512 0.0254269 9.12699e-17)
(7.02911 0.122263 -2.22347e-18)
(0.268391 -0.589735 0)
(1.01843 -0.320421 2.84636e-16)
(0.247493 0.191629 -1.23172e-16)
(0.340472 -0.426828 2.46038e-16)
(7.08465 -0.13131 -3.00131e-17)
(0.413436 -0.0249545 -3.03759e-16)
(0.748457 -0.152638 -1.81351e-16)
(0.358561 -0.473808 2.85575e-16)
(-0.0960314 -1.64896 3.1373e-16)
(7.0563 -0.335858 1.20522e-19)
(0.230131 -0.454468 -2.64782e-16)
(7.24016 -0.453163 -2.5828e-17)
(0.420097 -0.0531907 -7.8286e-16)
(0.426956 -0.0726919 0)
(-0.203076 -1.6298 -1.27671e-18)
(0.644561 -0.236608 0)
(9.03849 -0.226668 3.49274e-17)
(9.7655 0.0328238 1.03271e-16)
(0.0938262 -0.324178 1.53272e-16)
(0.24474 -0.330873 -1.33698e-16)
(0.00582598 -0.0768875 7.39668e-16)
(0.395732 -0.101702 0)
(0.135106 -0.299694 0)
(-0.102393 0.262721 0)
(8.81223 -0.198503 2.39082e-17)
(0.265774 0.0248819 2.46053e-16)
(-0.720654 0.110592 1.7872e-17)
(0.785809 -0.426845 2.3914e-16)
(-0.195557 -1.00722 0)
(-0.421028 -0.295505 0)
(1.02632 -1.04559 2.10645e-17)
(0.125855 -0.0560936 1.86259e-16)
(8.18966 -0.20524 -6.91335e-17)
(0.374769 -0.106628 2.40493e-16)
(0.916974 -1.02384 1.64046e-16)
(0.251013 0.227635 3.20156e-16)
(1.39103 -0.570954 -2.88067e-16)
(-0.342712 -0.325503 -1.97564e-16)
(0.849632 -0.813573 1.51554e-16)
(8.03087 0.0201432 1.53439e-17)
(0.40867 0.0524512 -2.91429e-16)
(-0.585583 1.61513 -4.30619e-16)
(0.0395104 0.900087 1.42334e-16)
(0.343261 0.634907 -3.91842e-16)
(-0.315156 1.55513 8.0857e-16)
(-0.0291654 0.398212 -1.99552e-16)
(8.2636 0.378968 -3.20341e-17)
(9.73436 0.31673 -8.31042e-17)
(-0.0379575 -1.40308 -2.99721e-16)
(0.347124 0.331639 2.24651e-16)
(0.383648 0.319255 2.00426e-16)
(-0.377519 1.16947 0)
(0.360693 0.344813 2.37889e-16)
(0.721861 -1.04689 2.89488e-16)
(-0.0718928 0.54902 0)
(0.632896 -0.907292 0)
(0.0736388 0.401318 2.19224e-16)
(0.271638 0.0633612 -2.37301e-16)
(0.122148 0.808944 -7.38133e-17)
(0.253195 0.502525 1.33847e-16)
(-0.423287 -1.45507 1.6842e-16)
(9.42182 0.522325 -2.58012e-17)
(0.485624 2.46427 0)
(0.342085 0.687354 -3.56532e-16)
(0.179771 2.00663 -1.70468e-16)
(0.455818 -0.0299667 -9.52554e-17)
(0.253563 0.888348 -9.41105e-17)
(0.329043 -0.0805007 -1.31164e-16)
(8.61935 0.901251 5.35791e-17)
(0.0237868 6.55195 -3.27627e-19)
(0.848793 -1.75727 0)
(0.117032 0.334119 2.63721e-17)
(1.38376 2.18293 1.04036e-16)
(0.285928 1.6166 -2.18354e-16)
(0.17618 1.36153 0)
(-0.323332 -0.516846 0)
(-0.230382 4.6103 0)
(0.511857 -0.357945 4.05803e-16)
(0.234463 1.15139 2.40683e-18)
(0.452585 5.69188 2.504e-17)
(0.179938 0.990314 5.93136e-17)
(1.57803 -1.07962 2.07091e-16)
(-0.0557456 3.70718 1.22285e-16)
(-0.0828054 0.473531 -3.18171e-16)
(-0.188201 7.0741 -4.63655e-17)
(0.314769 1.19389 4.01096e-16)
(-0.0514116 3.46158 3.21395e-16)
(0.267625 0.95705 5.48895e-17)
(0.680266 2.42685 -6.23209e-18)
(0.808984 7.30529 -4.29404e-17)
(-0.0694264 3.96823 0)
(-0.261177 5.04174 0)
(0.77944 4.22275 1.83032e-16)
(-0.0750676 0.407472 3.72894e-16)
(-0.179575 7.74481 0)
(0.230161 4.5796 -2.62606e-16)
(0.0990209 -0.268093 -4.30515e-16)
(-0.311395 0.814526 -6.10768e-16)
(0.341306 -0.12467 2.19355e-17)
(-0.0170139 0.952918 -1.38078e-16)
(0.522844 6.48671 3.04018e-18)
(2.75033 7.60645 0)
(-0.252012 4.95534 2.94087e-17)
(9.34485 1.50379 -4.90447e-18)
(4.25408 4.65016 5.37647e-17)
(0.0142194 2.03521 0)
(5.52471 8.34289 0)
(0.0263048 1.60744 7.61572e-17)
(0.327811 1.72979 0)
(0.535526 -0.143054 -1.4167e-17)
(-0.0382303 1.43734 -8.91409e-17)
(-0.312875 7.2866 1.1823e-16)
(0.0525056 3.70544 -2.62138e-17)
(3.92919 7.3887 -3.02465e-17)
(-0.194937 3.31686 -5.01018e-17)
(0.318975 0.809779 -1.02184e-16)
(0.041499 1.06368 9.14868e-17)
(0.914377 6.4083 3.779e-17)
(0.342407 -0.011768 1.70278e-16)
(-0.14653 4.73322 0)
(-0.134238 2.67053 1.07812e-17)
(-0.0896715 2.79119 -6.49275e-21)
(0.0114513 3.71472 0)
(2.10434 7.82324 2.05633e-18)
(0.97846 4.70875 1.47001e-16)
(1.37694 5.29626 -1.00244e-16)
(1.72697 5.18974 1.37237e-16)
(-0.00751621 6.54776 -7.27056e-21)
(0.066566 6.86478 -1.06489e-16)
(0.344831 1.67067 -5.10768e-16)
(0.0418782 1.10493 0)
(0.500925 1.03728 1.12229e-16)
(-0.0833145 1.98976 -2.66822e-17)
(-0.45743 5.62795 2.85567e-17)
(0.390265 2.44294 -7.68491e-20)
(0.540388 2.78427 -1.1331e-16)
(-0.127928 6.11039 -1.64405e-19)
(-0.144743 4.06735 0)
(-0.57844 -1.1978 -1.79826e-16)
(0.674618 4.31104 3.40295e-16)
(3.33664 2.79927 0)
(8.79535 0.24806 2.15294e-18)
(1.17632 8.66961 2.69749e-17)
(0.143738 1.44931 6.95513e-18)
(0.0897926 5.0443 3.52035e-17)
(0.279083 1.34251 0)
(1.6436 6.79166 9.53343e-17)
(1.11839 6.57685 -1.7839e-16)
(2.65223 12.5333 4.81844e-18)
(2.32284 5.84773 5.00799e-17)
(0.273879 0.0648361 -5.80689e-17)
(0.529014 -0.748023 -2.69644e-16)
(0.328335 -0.0419973 8.70261e-17)
(0.0347031 1.61195 -8.97033e-17)
(0.359977 3.86959 2.222e-16)
(-0.149457 2.62784 -1.4067e-17)
(-0.0546786 6.36375 -5.32222e-17)
(-0.233519 7.33872 1.24771e-16)
(10.9948 0.0977012 -1.02312e-17)
(0.424451 -0.196243 -5.42967e-17)
(0.187103 1.01175 -1.12365e-16)
(0.653701 5.18485 -1.97837e-17)
(2.09266 1.61851 -1.08489e-17)
(1.42017 2.59771 -2.06162e-16)
(0.0642489 1.01553 -9.10032e-17)
(0.355009 4.50488 1.28107e-16)
(0.013392 1.99123 8.14364e-17)
(0.861689 6.97086 -6.53821e-17)
(-0.189826 4.67749 -1.45324e-16)
(0.104766 0.625817 0)
(2.34523 6.82992 -4.96511e-17)
(0.485389 1.26285 0)
(0.013947 2.19373 9.56866e-17)
(0.284833 2.00855 0)
(0.221657 -0.00671772 5.17761e-16)
(-0.190025 3.19393 -1.51035e-16)
(0.0836764 3.68698 3.17168e-17)
(1.33928 5.99877 7.63689e-17)
(4.8587 -0.0839755 -5.94944e-17)
(0.618499 0.484517 1.34083e-16)
(0.0249853 5.35729 -1.40841e-16)
(0.94292 1.85188 6.3486e-17)
(-0.191461 7.57948 -1.21871e-16)
(4.80797 4.08183 -1.68939e-16)
(0.369361 -0.012353 7.36746e-17)
(0.143854 4.91421 0)
(-0.265604 5.67454 -2.68387e-17)
(0.0280031 1.78232 6.53304e-17)
(1.1666 6.62454 -1.855e-17)
(0.933015 6.00455 1.059e-16)
(-0.00777507 -0.553789 1.53016e-16)
(1.57736 3.51258 1.55102e-17)
(0.00689098 1.35881 1.16411e-16)
(-0.327958 6.41407 -4.61511e-18)
(-0.0192174 4.71656 1.19898e-16)
(1.76453 6.0054 -8.87382e-17)
(0.373551 -0.823825 6.44304e-17)
(1.02145 6.34674 -6.27779e-17)
(0.0693904 6.59776 -1.34938e-16)
(1.2716 7.40196 -4.39859e-17)
(0.3774 0.32235 0)
(9.32612 0.628298 -1.2786e-16)
(7.63915 2.45992 8.55857e-18)
(-0.13877 4.77625 9.43046e-17)
(0.121619 1.55528 4.89253e-16)
(0.0234835 2.5604 2.74734e-17)
(-0.0489676 1.03499 0)
(1.86251 0.0182441 -1.62643e-16)
(-0.889802 0.913903 6.23948e-17)
(0.451956 -0.0209168 -2.94661e-16)
(0.342871 2.52682 1.01814e-19)
(-0.073128 -0.692455 -1.64001e-17)
(0.138677 4.29368 4.28988e-17)
(1.9228 1.1054 -6.74597e-18)
(9.46946 0.486801 0)
(-0.206866 4.09012 0)
(0.0878189 1.23309 -5.72051e-17)
(0.194087 -0.734191 2.27749e-16)
(10.0683 0.550433 0)
(-0.0835028 -0.118423 5.16166e-19)
(1.0283 6.46751 -2.47336e-16)
(0.835579 1.14971 0)
(1.07922 1.52885 0)
(0.326647 1.58485 -1.14024e-16)
(1.36084 3.80385 1.70772e-17)
(8.86715 0.427541 0)
(0.374489 -0.247481 2.07944e-16)
(2.33118 -0.257462 -1.16732e-16)
(-0.100363 2.04784 0)
(0.156635 5.44478 0)
(-0.162912 -1.58639 1.66756e-16)
(0.699248 0.261849 -7.85125e-18)
(0.0328322 1.69854 1.31587e-16)
(-0.0799033 2.73841 -2.46962e-16)
(-0.0533857 7.12309 4.46194e-17)
(0.365335 0.211057 0)
(-0.0837928 0.0960324 0)
(-0.29531 4.4086 -1.11254e-16)
(3.44894 0.458939 -2.56449e-18)
(1.06975 3.10475 -1.91954e-16)
(-0.182703 0.0257438 2.08827e-17)
(3.97943 6.24109 -3.05424e-18)
(2.14558 0.389875 0)
(1.13506 5.2899 0)
(-0.0167086 3.6976 -5.75512e-18)
(0.101541 0.15614 0)
(-0.136103 5.48286 0)
(10.9355 0.628531 -1.35845e-18)
(0.0347488 4.74583 -2.39852e-16)
(2.76346 0.424758 0)
(0.943761 2.73068 -3.04458e-18)
(0.115857 6.43576 2.16238e-17)
(-0.141364 6.31636 6.19017e-17)
(0.24327 1.41645 -1.81461e-16)
(0.59949 6.80293 -3.25982e-18)
(-0.146977 6.73888 2.74185e-17)
(0.52179 -0.291915 1.24417e-19)
(-0.153087 6.81392 -2.57981e-16)
(-0.0634633 1.52874 -2.70337e-19)
(-0.18212 2.94881 1.89241e-16)
(0.417426 0.387405 -2.84199e-16)
(-0.0532788 6.96958 1.27036e-16)
(-0.318349 6.85443 0)
(0.00317829 6.94886 1.68872e-18)
(9.96462 0.176322 -7.32184e-18)
(-0.0129385 3.06524 0)
(-0.387182 0.0805087 5.69874e-16)
(1.62413 0.662729 1.50286e-17)
(-0.0180891 3.29093 0)
(-0.00936543 1.51106 3.31453e-16)
(1.66655 7.83474 0)
(1.83179 8.74415 2.67432e-17)
(0.319234 -0.357195 0)
(3.56209 1.50597 1.38661e-17)
(0.189129 1.13726 -2.65341e-16)
(0.464099 0.288363 -1.13733e-16)
(0.549301 0.7687 -2.17631e-17)
(-0.210422 2.23819 2.08771e-16)
(-0.0271933 7.12993 -4.1532e-17)
(4.16666 0.49399 9.03698e-18)
(8.41611 0.366199 0)
(0.35867 -0.168292 -2.54838e-17)
(0.0171602 5.5426 0)
(-0.0113869 6.64514 0)
(0.627568 0.689974 -1.22779e-16)
(1.27043 5.21082 0)
(-0.0529695 2.42026 0)
(0.859305 6.27698 -2.90182e-17)
(1.5462 -0.109704 0)
(0.160882 -1.39133 1.71482e-16)
(0.0828573 6.39824 4.91384e-17)
(0.395194 -0.0241772 2.64614e-16)
(0.109894 1.0594 1.3163e-16)
(0.713865 1.57095 1.42878e-17)
(0.845291 0.563761 -5.44792e-17)
(0.42004 -0.0343577 -4.60544e-16)
(12.4615 2.8132 0)
(0.187464 6.4238 0)
(-0.226849 7.57055 -1.24403e-16)
(0.347623 0.691383 -4.11744e-19)
(0.272447 6.92525 9.97855e-18)
(0.18935 0.952813 2.2033e-17)
(9.42265 2.30964 2.98275e-18)
(1.6242 1.22486 4.96817e-17)
(-0.275426 2.00734 -7.5622e-17)
(0.383898 -0.0246454 4.55651e-16)
(-0.435502 0.0683223 -3.07043e-16)
(0.0543516 5.93622 0)
(0.380795 -0.0478463 5.08537e-16)
(0.352056 -0.0218377 -2.7614e-16)
(0.0355723 5.09135 -2.28982e-17)
(0.546921 1.06341 -1.49915e-17)
(-0.0293732 1.19142 -3.73645e-16)
(-0.0297235 6.0265 -5.20685e-18)
(0.273896 6.71547 1.43663e-16)
(-0.134117 7.19818 6.7525e-17)
(-0.198497 7.46293 0)
(0.489852 2.82015 7.29939e-17)
(-0.0991829 -0.0537361 8.25921e-17)
(0.0747948 1.5997 0)
(-0.110767 5.77415 -1.16423e-16)
(0.290165 1.98018 -5.41455e-16)
(1.11784 4.70682 0)
(-0.178681 -0.224584 -1.76181e-16)
(0.0113401 3.11036 0)
(0.00846334 -0.367881 -1.09155e-19)
(1.1061 0.309583 -3.64778e-18)
(9.1927 2.37409 1.63073e-18)
(1.26861 6.31253 0)
(0.565719 3.42508 1.41186e-16)
(0.0439698 6.70195 -9.11766e-17)
(0.671946 3.38381 0)
(0.499535 -0.596166 -1.23823e-16)
(-0.372388 1.10506 -1.38619e-16)
(0.0114996 6.01703 -9.06862e-17)
(-0.111219 5.25177 8.48374e-17)
(0.0545821 5.82578 2.0312e-16)
(-0.180153 -0.0338249 -4.39211e-17)
(0.238632 -0.146117 0)
(0.0935964 6.2399 0)
(0.197468 -0.0591483 4.14221e-17)
(-0.0145259 2.54163 1.26597e-16)
(0.0123999 6.62948 -3.20099e-17)
(0.400173 -0.0598337 1.26311e-16)
(0.203978 0.6315 -2.3939e-16)
(-0.0624331 2.61163 0)
(-0.0943816 2.62246 8.33913e-17)
(10.0349 8.13369 -1.28568e-18)
(0.0892575 5.76644 2.74529e-17)
(0.147943 6.88072 -1.08722e-17)
(0.0398794 1.60541 -8.10789e-17)
(1.06023 6.69901 1.40761e-16)
(4.69485 2.37305 2.33475e-18)
(0.171232 -0.0841283 -1.85244e-16)
(0.876762 2.06054 0)
(10.0151 0.703368 2.31128e-18)
(-0.340991 6.65116 4.46759e-17)
(6.91707 0.424413 1.11547e-18)
(-0.0499844 1.91414 -1.02154e-16)
(-0.325308 -1.57807 -1.49991e-16)
(-0.30414 4.81736 -2.05635e-16)
(0.041786 6.84714 7.18818e-19)
(0.939732 0.119884 4.09339e-16)
(0.978523 5.53787 -1.17662e-16)
(0.145488 2.97824 -2.774e-16)
(-0.176544 3.87493 1.06703e-19)
(1.59629 0.354382 1.36985e-17)
(0.0410359 5.52566 -4.84859e-17)
(-0.306486 7.37476 2.29065e-17)
(0.183304 7.06096 -1.98347e-18)
(-1.14775 -1.02557 0)
(0.447386 -0.0725976 0)
(-0.255916 4.46042 -5.69659e-17)
(4.94813 0.521695 1.99083e-18)
(8.00969 0.249021 -1.46461e-17)
(0.0396935 6.594 1.27987e-16)
(1.14166 3.24125 -2.2566e-17)
(2.60818 -0.13466 6.42473e-17)
(3.75258 0.281124 9.03296e-18)
(-0.271094 4.45911 4.18951e-17)
(-0.03826 3.65155 -9.07908e-17)
(0.354549 1.40043 3.69699e-16)
(-0.0198549 2.9619 -8.54577e-17)
(0.448078 0.0872711 0)
(0.304431 -0.209312 -1.25721e-16)
(0.0630896 4.06961 -9.67387e-17)
(0.261821 3.94174 0)
(7.96843 1.53016 -7.67108e-18)
(-0.122342 -0.152813 1.0343e-16)
(4.87721 0.295945 0)
(0.145981 1.62509 0)
(6.0568 3.80726 -2.2688e-17)
(-0.161632 7.04327 1.4173e-17)
(0.270329 7.09801 -5.56078e-18)
(0.0832024 1.56197 0)
(0.414159 1.45341 6.41766e-17)
(2.66322 -0.0261117 6.14393e-16)
(0.479465 -0.18339 -6.63621e-16)
(0.422816 0.180834 -4.98745e-17)
(1.80335 2.23864 6.67511e-17)
(1.88626 -0.666195 2.13316e-16)
(0.0833362 -0.290188 0)
(0.362288 1.61289 -6.22086e-17)
(1.16669 4.01554 -1.40308e-18)
(1.36276 4.63223 6.86326e-17)
(0.598557 2.60726 -2.33454e-17)
(-0.0958477 2.46118 0)
(0.0155128 6.02939 6.813e-17)
(-0.127411 2.38274 7.06809e-17)
(0.222722 -0.123839 0)
(9.7841 0.496314 1.15842e-16)
(0.0714542 5.82565 0)
(-0.192776 3.72039 0)
(3.87044 5.62173 -2.56893e-18)
(-0.157839 6.01278 1.41132e-16)
(0.119926 4.98675 1.29341e-16)
(2.65007 -0.0543984 -2.06911e-16)
(0.883752 -1.25967 2.093e-16)
(0.287483 -0.0282377 2.97849e-16)
(-0.1829 5.79205 0)
(0.0721971 6.5066 -2.62817e-20)
(0.00703396 5.29245 -1.5509e-16)
(6.71853 -0.586787 -6.4982e-17)
(0.127744 -0.113429 7.18642e-17)
(-0.13096 7.06471 2.38744e-16)
(-0.475715 0.379149 -1.13995e-16)
(2.62971 2.96236 1.34914e-17)
(5.51708 -0.592945 3.94964e-17)
(2.76933 0.031628 -5.96573e-17)
(0.129651 9.0111 8.36405e-17)
(0.0827561 5.30059 3.12866e-19)
(0.0836195 5.2024 8.52983e-17)
(0.0360856 4.97638 7.85325e-19)
(0.0654459 5.08687 0)
(0.120318 9.74753 -7.41445e-17)
(0.0704939 5.31841 -1.62503e-16)
(-0.00727221 5.22022 -7.76056e-19)
(-0.0219335 5.4304 -2.06381e-17)
(-0.0363552 5.23578 0)
(0.0395372 5.33554 4.4063e-17)
(0.14802 8.47626 0)
(0.241411 10.5028 0)
(0.0545749 5.53736 -5.84671e-17)
(0.28016 7.42333 -4.07827e-18)
(0.215318 7.97861 -3.83072e-18)
(0.0523615 5.6451 1.86778e-17)
(0.0417736 5.23462 8.47733e-17)
(0.0178331 5.17905 0)
(0.0243171 5.64491 -2.59044e-17)
(0.0168546 5.15723 0)
(0.0260219 5.20206 0)
(-0.013144 5.58656 1.93117e-17)
(0.037729 5.26556 0)
(-0.112574 2.11704 7.81404e-17)
(5.13704 5.63001 -4.79802e-17)
(0.303222 -0.438534 2.85715e-16)
(0.342517 0.30477 0)
(1.17679 6.20259 -9.7452e-17)
(-1.315 -0.169533 9.82703e-17)
(-0.448384 0.560837 5.34842e-16)
(6.87206 1.28386 -1.61015e-17)
(-0.167244 7.03171 -1.76297e-17)
(0.594789 7.49455 0)
(-1.03181 0.113779 4.8826e-16)
(2.26811 0.00974906 2.4993e-16)
(0.28429 0.612738 0)
(4.80764 -0.281784 3.07203e-17)
(0.324843 -0.772681 -2.59634e-16)
(0.113166 0.0906475 -1.97693e-16)
(5.89779 4.70289 8.01243e-17)
(1.39848 4.08573 -4.62331e-17)
(-0.153604 2.60015 7.29883e-17)
(0.812681 0.790351 -5.13031e-17)
(0.277748 -0.0725771 -1.27947e-16)
(6.83077 0.826051 -2.76502e-19)
(-2.05247 0.492396 -2.60462e-16)
(0.039455 5.3505 0)
(0.650418 5.95424 2.57682e-16)
(0.881113 3.66226 9.82425e-20)
(0.258656 0.158821 7.19945e-17)
(0.336491 0.491356 0)
(10.0467 -0.12264 2.7835e-17)
(0.0292834 2.16873 -1.35821e-16)
(1.6078 -0.0022491 3.82132e-18)
(-0.072798 1.97781 1.1423e-16)
(-0.18735 7.65733 0)
(0.0341731 2.06241 7.6409e-18)
(0.0007487 2.40698 -5.51598e-17)
(8.51374 3.62914 2.01647e-17)
(0.349497 -0.371892 3.21815e-16)
(0.415067 -0.0592367 -3.20503e-16)
(-0.730481 -1.03173 1.9341e-16)
(0.0806016 -0.00185807 -8.40581e-17)
(0.0479386 3.14936 2.77302e-17)
(-0.0669037 5.60895 5.11572e-21)
(0.15537 5.94208 -1.78078e-17)
(0.236905 0.607411 0)
(0.492905 3.22286 1.38997e-19)
(0.132821 0.455972 5.86487e-17)
(1.57495 0.197132 1.14782e-16)
(1.04128 -1.05586 0)
(0.0117777 0.478228 -3.64361e-16)
(0.0794314 0.97685 0)
(9.9555 0.493883 2.12277e-18)
(-0.0740153 3.40026 0)
(0.468762 3.61355 -5.00436e-17)
(-0.033071 2.53896 1.29841e-16)
(-0.292849 -1.53649 2.60388e-16)
(1.56924 -0.249812 0)
(0.355012 -0.170201 -4.19526e-17)
(0.0387447 5.31506 3.51596e-19)
(0.131802 -0.974849 0)
(0.0625908 -0.0179209 0)
(0.371999 3.33775 -1.6375e-16)
(-0.10136 5.90425 -9.89468e-18)
(7.52352 0.0481771 0)
(0.808788 0.535367 -1.24448e-16)
(2.68683 -0.393314 -2.00024e-16)
(-0.91444 -0.965771 0)
(0.018944 1.77591 2.65658e-16)
(0.403253 -0.0238486 -1.69113e-16)
(8.23692 5.95734 1.71448e-17)
(-0.000869981 5.13983 2.24811e-17)
(0.147142 5.48585 1.78056e-16)
(0.450806 -0.0516215 0)
(1.99683 -0.436412 0)
(-0.0430385 5.118 0)
(5.73824 1.84499 -1.16663e-17)
(0.405013 -0.0311275 5.85383e-16)
(0.128361 -0.0394492 -2.72452e-16)
(0.370489 -0.203025 1.82468e-17)
(-0.618884 -0.49308 2.32926e-16)
(0.947232 -0.573385 2.1418e-16)
(0.165137 3.96585 7.46892e-17)
(-0.0386613 6.02832 1.30024e-17)
(1.44319 4.34284 -1.60092e-17)
(10.4808 1.31661 -4.24927e-19)
(0.0388492 5.31861 0)
(-0.024592 5.18925 -4.00356e-17)
(0.0657693 0.00782821 1.24795e-16)
(-0.121295 4.93875 1.80519e-16)
(-0.543627 -0.673406 5.99773e-17)
(-0.132114 6.60174 0)
(0.334552 6.76774 -2.75409e-17)
(2.0163 -0.0573048 -4.44333e-16)
(-0.127271 5.71276 5.07282e-17)
(0.571785 5.1477 3.79189e-17)
(0.00699466 2.13586 0)
(0.186673 11.6407 -1.71715e-17)
(-0.357102 6.56445 -1.23153e-16)
(0.269376 -0.192725 -4.60281e-17)
(0.0131996 -0.350485 6.22701e-16)
(-0.838133 -0.918238 -1.74314e-16)
(2.23892 0.746402 -9.85243e-17)
(-0.265186 2.72808 3.20836e-16)
(-1.02583 -0.43304 0)
(0.457306 4.9863 -7.72026e-17)
(1.29857 2.97032 2.25064e-17)
(0.660279 3.77097 -2.80231e-16)
(0.494215 0.545063 3.93614e-19)
(0.629445 4.58432 8.07442e-17)
(0.811309 3.89659 4.71641e-17)
(11.9592 1.11239 -2.52846e-18)
(8.11635 11.1751 6.57774e-18)
(0.210078 -0.00903502 4.23146e-20)
(-0.0816817 5.07737 9.30526e-17)
(0.267348 6.53941 -1.7704e-17)
(0.468441 -0.162664 0)
(-0.080622 5.10682 1.34301e-16)
(3.48322 -0.55213 -8.20129e-17)
(0.12016 5.79886 0)
(0.188379 6.89621 1.12672e-17)
(0.00810527 7.02367 1.86608e-18)
(7.21429 3.6855 -5.67453e-17)
(9.94697 0.0212834 -6.18741e-17)
(0.336544 0.0390023 3.21853e-20)
(-0.0654773 0.652718 0)
(-0.010087 6.82996 -2.82508e-17)
(0.70026 5.15838 -1.23164e-16)
(5.71166 0.529495 0)
(10.486 -0.358977 3.49162e-17)
(-0.341289 6.52639 -8.29449e-17)
(0.934273 4.31313 -1.57518e-17)
(0.105687 -0.0241532 0)
(4.04968 9.11614 -3.24126e-17)
(0.250081 -0.0569344 0)
(-0.2176 6.81045 -2.56989e-16)
(0.778365 2.24435 6.44506e-18)
(13.3143 0.911513 0)
(-0.321219 5.46589 -4.01647e-17)
(5.2124 -0.419749 1.5379e-17)
(8.73512 3.01487 -3.43076e-17)
(-0.168706 6.70804 -1.31301e-16)
(0.378193 -0.00119613 -4.22507e-16)
(0.170725 5.58563 2.7127e-17)
(0.409632 -0.147457 -5.82852e-17)
(0.508499 0.120598 -1.55444e-16)
(0.522423 -0.0870365 -3.34461e-17)
(0.366347 -0.214731 -2.00824e-17)
(0.556161 -0.0737781 0)
(0.550506 4.65528 2.6549e-17)
(-0.296186 5.57914 -9.53149e-17)
(0.228827 6.82505 0)
(0.102416 1.54257 8.44599e-17)
(-0.318713 5.82161 8.81515e-17)
(8.04804 3.23683 5.02439e-17)
(0.208723 -0.251919 0)
(2.21961 -0.466713 9.02972e-17)
(-0.157367 2.90755 -2.15234e-21)
(9.42942 0.0898469 3.60276e-18)
(0.0367206 5.91408 -4.43744e-17)
(9.31017 -0.0260642 0)
(-0.275811 4.45977 0)
(-0.115239 3.28719 -1.5269e-16)
(9.20286 0.15371 -3.71403e-18)
(0.0468925 5.37679 4.13645e-17)
(7.76906 0.432941 0)
(8.31854 0.34748 1.03309e-17)
(8.63969 0.246203 4.76512e-18)
(9.32741 -0.140392 2.36287e-17)
(8.93254 -0.187664 -2.75911e-17)
(8.56835 -0.182921 0)
(8.89035 0.191385 -2.09894e-17)
(9.08128 -0.194692 1.08436e-16)
(0.526385 0.00513048 8.60908e-18)
(0.394038 -0.0554976 8.31986e-17)
(0.4304 -0.0425683 -9.99342e-17)
(0.536382 -0.01499 3.42173e-21)
(0.467683 -0.02501 -1.09682e-16)
(0.417686 -0.013893 -7.6583e-16)
(-0.0266361 2.73904 2.00952e-16)
(-0.23008 1.02232 -1.37268e-16)
(-0.252201 4.82128 2.8309e-17)
(0.582113 4.23538 -1.15878e-16)
(-0.290906 6.95703 -1.3493e-16)
(0.092206 5.65766 0)
(0.477338 -0.000501826 1.59152e-16)
(0.0770392 1.76062 1.92457e-16)
(0.209076 -0.348913 2.33825e-16)
(0.377988 -0.0292004 -2.68382e-16)
(0.284951 3.36204 -1.55638e-16)
(0.429364 -0.114428 0)
(-0.00606841 6.65728 -1.55012e-16)
(0.854975 0.440853 0)
(0.0255969 -0.0239251 0)
(0.991643 0.722337 1.47349e-16)
(-0.92162 0.839662 3.0185e-16)
(2.66707 0.842507 0)
(-0.031566 2.42418 -4.01287e-16)
(-0.145338 6.91344 0)
(0.248632 6.16278 -3.99307e-17)
(1.08313 7.7909 -1.31751e-18)
(0.382238 0.50778 1.21994e-16)
(1.0229 4.17619 1.24182e-17)
(5.66823 3.91749 2.09993e-18)
(-0.00667129 6.61386 -1.56037e-17)
(-0.492443 0.421678 -1.44873e-16)
(1.40484 1.08962 -3.25468e-16)
(2.41611 1.26724 -6.19329e-18)
(0.301561 -0.00405889 4.09481e-20)
(0.392284 2.2145 1.02304e-16)
(11.4743 0.898976 1.52973e-18)
(0.106716 -0.200463 -5.5975e-16)
(-0.080917 6.46163 0)
(0.563387 -0.00738432 6.59883e-21)
(0.783116 -0.745997 -2.58551e-16)
(0.211007 -0.100273 0)
(0.0130031 5.41832 -1.36588e-18)
(1.28112 0.0898925 1.56764e-16)
(0.492076 -1.5196 0)
(0.521904 0.0247147 6.54523e-17)
(1.98471 -0.448086 6.05532e-16)
(-0.770606 -0.832688 1.57387e-16)
(1.22169 -0.730967 1.59335e-16)
(2.96495 1.39146 -1.16441e-17)
(-0.34022 6.02682 2.34715e-16)
(-0.245343 -0.0256863 2.86991e-16)
(-1.17029 -0.641597 0)
(0.339029 2.11239 3.32135e-16)
(5.55752 12.3636 1.01809e-18)
(0.236436 -0.244716 -6.10716e-16)
(10.9634 0.582789 -2.19053e-18)
(13.5066 1.82065 0)
(0.608126 0.369151 2.08578e-17)
(10.4302 -0.123368 0)
(3.30198 -0.0218674 -6.66e-19)
(1.79137 -0.984191 1.08543e-16)
(2.29715 1.47107 -1.10539e-16)
(7.74807 3.59367 5.53641e-17)
(0.485162 -0.10756 6.53923e-17)
(0.344614 5.25891 0)
(0.174589 4.26203 -8.45822e-17)
(3.40354 4.45663 -3.05975e-17)
(-0.336477 6.02699 4.2743e-17)
(0.0581876 5.48211 0)
(0.0174268 3.3615 1.14771e-16)
(0.149051 -0.155848 0)
(0.336662 -0.129168 0)
(-0.353389 6.71407 -8.77214e-17)
(0.193552 1.39399 6.86896e-17)
(0.109404 3.44636 -1.01627e-19)
(5.7117 7.86505 -2.27446e-17)
(-1.87942 -0.0352442 0)
(12.4153 1.3582 1.09987e-18)
(4.23086 1.63385 7.40884e-18)
(0.0647092 6.95179 -6.47815e-17)
(1.13675 2.2568 -1.61226e-17)
(-0.103835 4.51059 9.83285e-17)
(0.124531 -0.110837 -2.10392e-20)
(-0.0388727 0.668104 9.7676e-17)
(0.738843 -0.665389 4.19014e-16)
(3.21348 -0.18785 0)
(-0.592542 -1.03639 0)
(7.4469 -0.477968 2.85188e-17)
(-0.0385851 3.10987 -1.29592e-16)
(0.421349 0.102664 0)
(7.01455 4.96849 -6.50815e-17)
(0.426883 3.54439 -6.13345e-17)
(-0.627508 0.192278 -1.28783e-16)
(-0.284132 5.49586 5.92508e-17)
(0.374038 0.187127 0)
(-0.135085 4.77314 -9.93567e-17)
(1.48758 5.38056 1.44294e-16)
(0.84577 9.43992 0)
(0.335465 5.83131 3.22632e-16)
(0.26783 -0.411244 -4.71869e-16)
(0.462674 6.38198 -8.51793e-17)
(0.025325 5.72037 8.02523e-17)
(10.9132 0.335542 1.95311e-17)
(-0.304623 5.57772 -1.19445e-16)
(7.51415 -0.131393 -1.15896e-16)
(0.358808 -0.0258065 3.87441e-16)
(-0.844065 -0.0900634 1.70482e-16)
(2.21402 -0.461474 0)
(5.27897 0.471397 0)
(5.45618 1.11891 1.37808e-17)
(-0.114744 5.84171 0)
(-0.263401 6.22551 0)
(-0.0723312 7.06255 -1.21172e-16)
(0.407983 0.0579767 -5.61532e-17)
(4.94269 -0.0205536 -1.11392e-17)
(-2.02748 0.128999 -1.34032e-16)
(1.48128 2.24908 1.73762e-16)
(0.309403 -0.568693 1.22046e-16)
(2.94573 -0.376348 -1.31174e-16)
(-1.27161 -0.551019 -1.87337e-16)
(-0.338967 6.41667 -7.73844e-17)
(0.255312 0.0137682 0)
(-0.0429014 3.90654 -7.75897e-18)
(0.259752 4.83858 -3.42167e-16)
(9.61315 0.285511 -2.09794e-17)
(-1.3974 0.345679 5.53823e-17)
(-0.108284 3.63897 -8.1437e-17)
(0.108985 1.07128 2.45039e-16)
(-0.644152 -0.374959 -3.46331e-17)
(0.368862 0.0105435 0)
(0.191049 0.75704 -1.66788e-16)
(-0.01219 -0.0393409 -1.8613e-16)
(3.95738 0.999089 -4.87202e-18)
(-0.0619858 -0.90179 -4.27157e-19)
(-0.230643 5.43557 2.67022e-19)
(10.4965 -0.111568 0)
(0.198299 5.17477 4.81858e-19)
(-0.0239551 2.58139 0)
(0.523321 3.79129 1.53633e-19)
(-0.0175724 6.92677 3.51634e-17)
(0.0586118 0.0295356 -1.12443e-16)
(3.75015 -0.506957 -6.55979e-17)
(-1.7263 -0.301692 2.1488e-16)
(0.180378 6.33972 -4.24026e-17)
(6.45799 0.519664 -2.47403e-17)
(0.774003 4.66911 -5.70958e-20)
(8.61589 3.76811 1.23827e-18)
(0.0520827 4.92536 0)
(0.352681 0.191371 -2.69214e-17)
(0.996405 4.72385 0)
(7.73546 4.75607 3.96504e-17)
(0.987699 5.19275 9.5702e-17)
(0.324133 -0.00515058 6.01909e-21)
(0.325793 1.21281 -3.08447e-19)
(0.0621067 0.660772 -1.26684e-16)
(-0.0160323 5.15426 0)
(0.085463 1.15242 0)
(-0.220471 4.91516 -1.49187e-16)
(-0.528635 5.40359 0)
(0.624166 4.96247 -2.0632e-17)
(-0.991006 0.136181 2.61951e-16)
(1.0598 2.50284 9.58196e-18)
(-0.427272 0.551198 1.13879e-16)
(0.200563 -0.0274327 8.30956e-17)
(0.727643 5.88214 1.78018e-17)
(1.49431 0.0375487 -2.56649e-16)
(-0.338343 6.98746 -1.02274e-16)
(0.673894 1.07514 -9.64731e-18)
(0.0688462 7.01011 1.36474e-16)
(0.0636795 1.37627 -2.15895e-16)
(0.766621 5.70637 5.34843e-17)
(0.500569 4.69198 -1.04111e-16)
(1.83591 0.408031 -1.55244e-16)
(1.01519 -0.232781 0)
(0.253758 0.272656 0)
(-0.521103 0.38933 0)
(0.21516 0.00173468 -2.18277e-16)
(0.885711 4.57076 0)
(1.09062 0.0276781 -1.8098e-16)
(0.770034 5.11695 8.66143e-17)
(0.691106 4.77951 -5.42623e-17)
(0.457425 -0.374689 -3.82463e-16)
(1.698 -0.304543 0)
(0.182696 6.89427 3.5451e-17)
(0.878948 4.98229 -1.8556e-16)
(-0.134568 1.55587 -3.17419e-16)
(7.17572 0.488364 2.40239e-17)
(-0.194795 6.11434 2.68378e-16)
(-0.237938 4.00516 0)
(9.89597 -0.171063 -1.72761e-17)
(-0.873567 0.386473 -2.82547e-16)
(0.533795 4.34093 1.39524e-16)
(0.125344 5.71761 -4.59715e-17)
(0.0781839 3.19656 6.80504e-17)
(0.552993 2.85036 -1.1953e-16)
(-0.1598 3.73124 1.25283e-16)
(-0.0247242 4.94594 -2.00692e-17)
(0.303699 6.94583 0)
(-0.201764 4.43661 -2.34865e-16)
(1.11356 0.334909 -3.9279e-16)
(-0.0766487 0.948754 2.35812e-16)
(0.0227629 6.97059 -3.07925e-17)
(-0.00773852 6.51664 -3.04652e-17)
(4.41303 -0.449805 7.03398e-17)
(0.102528 2.71338 1.04163e-16)
(-0.493387 -1.30291 0)
(1.37855 -0.365345 -3.23755e-16)
(-0.0712569 4.60763 1.50024e-16)
(1.0011 9.21888 6.4271e-17)
(0.0821742 6.86919 0)
(0.0452048 2.4471 1.25441e-16)
(0.670817 -1.54694 -7.52541e-17)
(3.0725 -0.0390672 0)
(0.282979 0.741664 -2.41143e-16)
(1.41497 -0.546323 -4.47585e-16)
(0.267427 -0.368288 0)
(7.45488 3.05972 0)
(0.541915 6.49352 1.06343e-18)
(-0.175786 5.3967 0)
(0.4633 -0.410268 -2.25904e-16)
(0.949904 -0.0184511 7.49369e-17)
(10.6825 -0.191381 -2.4137e-17)
(0.570792 0.319037 2.34723e-17)
(0.721822 -0.40234 -2.29585e-16)
(0.208264 -0.113002 -1.32286e-16)
(0.186838 -0.17081 0)
(0.105747 -0.0269921 -9.897e-17)
(4.58469 1.3451 -1.08056e-17)
(0.331098 -0.0616456 3.87267e-17)
(2.18995 0.124395 8.62482e-17)
(6.95911 1.04356 0)
(0.0721949 0.168355 -3.99475e-16)
(-0.148739 4.04241 1.88379e-16)
(1.50235 2.91856 -1.05393e-16)
(1.04793 -0.77394 -2.08454e-17)
(-0.318105 5.09896 1.75209e-16)
(11.5283 0.705921 3.19656e-18)
(0.201259 0.0661282 -4.93992e-17)
(0.474997 0.584505 1.45235e-16)
(1.2051 0.555549 6.00427e-19)
(-0.024242 3.47813 0)
(-1.53288 0.436931 1.83015e-16)
(6.8518 5.81202 -5.27632e-17)
(0.42283 -0.109162 -3.19442e-17)
(2.11587 0.762756 0)
(6.66937 -0.120622 2.24648e-17)
(2.36959 1.18147 7.04217e-18)
(-1.80601 0.113916 1.49424e-17)
(2.22848 -0.0620633 -5.28255e-17)
(0.167508 -0.0405946 0)
(10.4442 -0.254911 -4.18234e-17)
(0.30902 -0.153016 0)
(3.62908 0.0583972 2.13104e-16)
(2.27344 -0.493226 -2.40196e-16)
(3.01809 0.189958 0)
(0.349106 -0.0330598 -5.2204e-16)
(0.128809 -0.0678889 1.56111e-16)
(0.40935 0.387874 -6.84804e-17)
(3.28007 0.920857 7.03742e-18)
(0.100533 1.30127 -6.246e-17)
(0.0889407 4.51654 1.2118e-16)
(-0.400482 0.326831 -3.20582e-16)
(0.329598 0.0430813 -3.52834e-16)
(0.278904 -0.0822914 1.16165e-16)
(9.05209 0.383656 -3.58324e-17)
(4.70897 0.723127 1.11433e-17)
(0.229905 -0.18415 1.04432e-16)
(0.403076 6.462 -2.37692e-16)
(-1.00873 0.028424 -3.21877e-16)
(0.530811 -0.26357 7.55932e-17)
(-0.0293107 1.88842 2.8138e-16)
(0.00249108 6.65454 -1.85496e-17)
(-1.56764 0.252099 -1.53032e-16)
(0.0371996 6.57331 -2.24657e-17)
(0.189841 0.0392938 9.67195e-17)
(0.00536001 6.8359 -2.29996e-17)
(0.0557964 6.90437 -1.74433e-17)
(-0.0327735 6.71742 -1.74233e-17)
(8.22906 0.780188 7.19109e-18)
(-0.0123793 6.68448 1.91433e-17)
(0.546316 -0.0366462 5.13793e-17)
(-0.0380157 6.80016 -7.32974e-17)
(0.783823 8.22645 -2.0679e-17)
(0.39857 0.031399 1.06424e-16)
(0.288936 -0.212889 6.11875e-17)
(-0.0227725 6.40638 1.23328e-16)
(-1.36576 -0.381398 -1.19151e-16)
(0.0518348 -0.041848 1.51582e-16)
(0.0503578 6.94805 0)
(0.0431469 7.11352 2.93861e-16)
(-0.00607744 6.69677 4.03567e-17)
(0.540913 -0.059809 -3.72211e-17)
(0.512935 -0.0173911 4.84658e-16)
(8.71833 0.583751 2.1129e-17)
(9.93158 -0.0378567 -9.54391e-18)
(0.596915 4.63112 1.12734e-16)
(0.2337 0.815148 -3.72954e-16)
(0.0639195 -0.019335 0)
(1.19656 -0.838789 -6.86127e-17)
(0.195083 -0.373162 2.39021e-16)
(-0.0968946 7.07115 2.11586e-16)
(0.607077 -0.33438 0)
(0.754099 -0.23053 1.02448e-16)
(1.96803 -0.108305 -1.14555e-16)
(2.21845 0.0188112 -3.07495e-16)
(-2.35073 0.227846 0)
(0.180727 0.0182046 0)
(9.02367 0.965587 0)
(-0.0955798 6.84576 -8.72002e-18)
(0.549335 7.8457 6.02606e-17)
(-0.0421445 3.23796 0)
(0.576438 3.14006 9.6992e-17)
(10.0229 0.0213226 0)
(0.750993 5.28446 1.50323e-16)
(0.270378 0.0301042 5.70503e-16)
(-1.07941 0.457612 -1.95245e-16)
(3.84897 0.52913 -4.03252e-16)
(2.74032 0.0406233 -5.43734e-17)
(-0.987832 0.277368 7.94078e-19)
(0.527471 0.029068 4.55185e-17)
(0.388914 0.347113 4.24306e-16)
(0.321984 -0.11686 0)
(-0.159474 0.31046 0)
(0.360989 -0.0738577 0)
(0.191119 0.653126 -1.16064e-16)
(0.132112 0.0982383 0)
(0.285981 0.789938 0)
(0.190978 -0.0555282 1.64753e-16)
(3.53882 3.46104 -1.03866e-16)
(0.723009 0.250156 1.79885e-16)
(4.23573 0.459412 2.83152e-17)
(1.56248 1.79027 1.69393e-16)
(-0.333887 -0.613657 -5.38586e-17)
(0.373479 3.97407 0)
(0.292988 -0.155596 -5.25123e-16)
(0.200309 0.766856 -4.52263e-16)
(0.8711 1.60482 0)
(-0.264467 -0.75046 -1.26583e-16)
(-0.00319828 0.950587 -5.07268e-16)
(-0.586955 1.41403 4.03562e-17)
(0.49682 1.53375 0)
(2.38659 -0.182605 2.42899e-17)
(0.264118 -0.0901898 4.68558e-16)
(4.30834 0.247691 -7.52165e-17)
(3.14284 0.23532 0)
(2.44511 -0.204999 -9.2613e-17)
(-1.58425 0.00876151 0)
)
;

boundaryField
{
    frontAndBack
    {
        type            empty;
    }
    wallOuter
    {
        type            noSlip;
    }
    inlet
    {
        type            fixedValue;
        value           nonuniform 0();
    }
    outlet
    {
        type            zeroGradient;
    }
    wallInner
    {
        type            noSlip;
    }
    procBoundary3to1
    {
        type            processor;
        value           nonuniform List<vector> 
48
(
(-0.304511 5.78516 0)
(-0.118941 8.32878 -1.28641e-16)
(-0.389024 8.38364 0)
(-0.369382 6.90083 -1.21442e-16)
(-0.0358046 5.25802 2.73942e-17)
(-0.203448 4.87238 1.90192e-16)
(-0.118941 8.32878 -1.28641e-16)
(0.350485 0.407655 1.06655e-16)
(-0.147713 3.14025 1.49504e-16)
(-0.928533 -0.522409 2.73769e-16)
(-0.928533 -0.522409 2.73769e-16)
(-0.651462 -1.37814 0)
(-0.651462 -1.37814 0)
(0.424491 -0.363361 1.97836e-16)
(0.17708 -0.0117311 -2.53818e-20)
(-0.300726 -1.59229 -2.23998e-16)
(0.000456385 -1.19635 3.35157e-16)
(-0.135717 -1.6429 1.36626e-16)
(0.000456385 -1.19635 3.35157e-16)
(0.115096 -0.533091 -2.19895e-17)
(0.221475 -0.996711 2.60214e-16)
(0.646917 -1.09669 7.50447e-16)
(0.115096 -0.533091 -2.19895e-17)
(-0.535486 2.35714 5.61866e-16)
(-0.784157 0.662712 -2.46133e-16)
(0.454349 0.663405 7.21053e-19)
(0.495063 -0.837567 -2.49337e-16)
(0.646917 -1.09669 7.50447e-16)
(0.486341 -0.520624 2.35509e-16)
(0.0227447 1.29598 -2.57504e-16)
(0.0227447 1.29598 -2.57504e-16)
(0.434414 0.00501543 -4.72193e-17)
(0.434414 0.00501543 -4.72193e-17)
(-0.147713 3.14025 1.49504e-16)
(0.789218 0.163726 -1.33095e-16)
(-0.0245647 3.5677 0)
(0.254781 0.868852 -4.79053e-17)
(-0.784157 0.662712 -2.46133e-16)
(-0.262755 4.54386 0)
(-0.112445 7.06454 9.21805e-17)
(0.424491 -0.363361 1.97836e-16)
(0.117032 1.46047 0)
(-0.00593109 2.10226 5.3219e-17)
(0.115096 -0.533091 -2.19895e-17)
(0.319643 0.105325 -3.50262e-16)
(-0.0170184 5.83501 1.78086e-17)
(-0.102277 6.47725 -9.78692e-20)
(-0.0433945 -0.593197 2.31273e-16)
)
;
    }
    procBoundary3to2
    {
        type            processor;
        value           nonuniform List<vector> 
29
(
(-0.174271 -0.190224 4.80021e-16)
(-0.174271 -0.190224 4.80021e-16)
(0.207124 0.00529888 0)
(0.134195 -0.00769289 4.50148e-16)
(2.60385 0.0864623 3.81056e-16)
(0.743501 -0.0702448 4.38724e-16)
(-0.0229582 0.0339586 -3.61404e-16)
(0.546644 -0.170548 0)
(0.329878 -0.0411838 -3.48135e-16)
(0.247628 -0.0466285 3.50457e-16)
(0.830428 -0.125724 1.44817e-16)
(2.36659 0.114167 -3.82186e-16)
(-0.408604 -0.117586 -6.34904e-16)
(0.19942 0.0704921 -2.29032e-16)
(0.457072 0.0689038 0)
(0.0815115 0.0528411 -1.40667e-16)
(0.377642 -0.0305334 5.84464e-16)
(0.388591 -0.0360344 1.62751e-16)
(0.0315013 -0.161119 2.59179e-16)
(0.347164 0.0838577 4.05644e-16)
(0.402351 0.0767515 -6.04605e-17)
(0.377642 -0.0305334 5.84464e-16)
(0.500997 0.0212358 8.3787e-18)
(0.388591 -0.0360344 1.62751e-16)
(0.494491 0.0453377 0)
(0.307404 -0.00319419 7.54086e-17)
(0.388591 -0.0360344 1.62751e-16)
(0.980831 0.127551 -2.04803e-16)
(0.980831 0.127551 -2.04803e-16)
)
;
    }
}


// ************************************************************************* //
