/*--------------------------------*- C++ -*----------------------------------*\
| =========                 |                                                 |
| \\      /  F ield         | OpenFOAM: The Open Source CFD Toolbox           |
|  \\    /   O peration     | Version:  v1912                                 |
|   \\  /    A nd           | Website:  www.openfoam.com                      |
|    \\/     M anipulation  |                                                 |
\*---------------------------------------------------------------------------*/
FoamFile
{
    version     2.0;
    format      ascii;
    class       volScalarField;
    location    "0.31";
    object      p;
}
// * * * * * * * * * * * * * * * * * * * * * * * * * * * * * * * * * * * * * //

dimensions      [0 2 -2 0 0 0 0];


internalField   nonuniform List<scalar> 
5794
(
85.4681
83.6818
83.1439
81.5758
85.9708
82.9032
74.3929
70.1769
82.8606
83.4307
115.66
81.0648
76.8506
79.4124
85.2469
83.0506
42.496
81.7047
85.2507
84.7698
80.7985
84.3512
76.1164
87.037
75.6011
41.1505
44.2932
85.5005
79.3967
86.5036
80.1981
78.919
96.1571
87.4269
71.7561
70.1022
88.7989
81.1276
77.1402
79.6693
78.8137
82.8637
106.756
83.4976
84.5045
95.6836
80.1519
76.9898
82.9347
83.9704
83.7008
74.5291
78.7349
84.576
86.0294
98.385
81.6396
78.5889
106.912
36.6907
94.1248
85.5309
77.23
78.9479
94.6188
84.8194
84.9388
85.7386
81.4181
85.7177
73.7986
85.1693
17.9339
83.1858
81.6723
86.183
83.8683
47.0343
83.1581
84.9833
84.0415
84.7076
79.8543
78.5877
81.1462
80.7362
77.2114
102.093
86.1942
78.3456
103.292
80.0073
79.1927
83.2417
79.8848
73.352
98.5473
80.3403
79.8672
95.0396
69.9052
78.6196
106.964
79.8404
89.801
75.4376
85.557
115.96
72.6252
83.181
84.7486
85.9222
61.9433
85.3301
79.9182
79.7462
86.8698
80.9102
93.273
80.8947
77.9733
85.6132
80.088
86.0559
84.3612
113.71
78.2783
82.73
76.2509
115.367
80.4493
79.1675
77.8112
51.2433
74.7189
85.4387
106.976
85.6198
83.8129
84.6374
80.5275
87.2627
84.9448
84.1891
83.8296
48.606
80.4804
104.895
86.2694
84.4165
111.475
86.6325
74.9359
81.6999
45.5294
79.0336
79.1953
80.7152
97.7902
81.0657
85.6795
70.7975
87.0843
74.3426
72.6651
74.3158
75.2475
69.6574
85.0584
86.979
86.2222
73.8585
68.7325
73.0551
87.5682
74.4086
86.339
73.7245
87.6974
77.4245
78.8896
79.7712
77.0511
96.692
78.0848
44.4037
78.7377
98.4068
83.0361
78.5709
115.485
79.0587
95.1828
79.7998
79.8694
81.2085
71.0127
87.515
85.6812
105.182
74.3451
73.7127
78.2375
79.5279
79.8264
95.7557
80.7415
116.112
75.747
81.1346
84.352
87.7837
74.6126
70.5681
87.5166
73.6524
74.2945
77.7413
116.001
89.5209
87.8416
72.53
103.445
79.8341
101.646
36.0094
82.284
84.5707
85.7078
86.6278
66.7028
73.725
86.3419
73.0576
80.7458
52.0947
64.5247
109.55
75.4238
84.5487
84.0084
116.697
84.1128
81.7806
81.0873
84.7436
84.843
85.8328
99.99
80.7376
79.7178
84.5263
43.2052
84.6392
109.431
77.6356
105.849
105.914
116.291
84.6851
107.519
74.87
70.1215
85.6043
77.663
77.7203
84.1349
113.241
85.2161
95.8861
79.412
79.4382
78.6515
72.7977
89.0237
86.6151
84.26
79.5669
86.6419
74.3045
86.4768
93.9015
78.7751
83.2653
79.0027
79.9448
80.6692
79.7418
78.2401
76.0122
68.4952
72.5873
86.9672
85.4402
102.468
50.3777
78.3698
83.479
74.9245
85.7136
84.625
69.2377
83.9779
83.31
82.1323
111.67
86.572
81.1147
95.6763
79.1514
80.8473
98.2489
84.0449
85.5886
88.4683
90.4764
116.008
84.3531
72.5476
81.209
70.388
73.8402
82.0932
85.5478
83.085
73.3056
82.7062
81.3381
78.4769
115.889
74.702
108.034
81.7421
97.5488
78.8491
83.1251
84.5978
85.9513
83.0071
98.6569
87.2004
73.5979
81.117
76.1741
86.7483
78.337
100.176
80.3433
74.9712
80.9716
75.4741
49.8193
94.91
79.3449
77.7445
43.297
86.6158
75.7718
74.149
70.8504
115.996
80.7266
107.97
74.3364
69.6568
86.3902
73.4845
96.7177
80.7214
77.8489
86.3737
85.3837
86.7156
84.8351
116.064
72.5849
99.3738
81.4615
80.0057
86.617
83.5884
86.3348
88.9198
72.0588
71.6081
87.5521
78.8256
75.0517
69.1955
75.8436
69.1037
76.2732
85.6002
83.6174
67.6431
73.9344
86.5024
82.5611
85.4131
75.0799
87.5218
74.088
46.8726
84.7725
85.5508
110.914
85.1622
83.2316
85.3403
100.329
79.6038
78.7511
114.896
74.0839
96.035
79.5556
79.5599
81.4217
72.7945
98.8601
79.6692
80.3769
116.147
86.3102
71.3084
71.6812
87.7576
85.0009
84.4903
84.3221
75.0204
88.9826
84.3258
64.0858
85.2616
86.9617
80.8586
79.9143
73.0206
71.4082
87.2399
88.4916
79.1846
80.077
80.9913
79.9194
79.5721
83.7315
81.0702
83.0247
85.3149
84.6884
69.5329
84.2364
80.1913
85.6676
96.7853
76.3562
79.0846
84.4943
84.256
84.7389
78.5249
83.8161
95.9947
115.248
44.2179
83.8047
115.25
83.239
85.6844
70.4024
114.823
85.7875
82.8895
99.3594
61.6856
84.6775
83.8952
84.6934
78.9414
84.3074
84.1027
85.368
116.139
115.159
87.5595
82.0105
49.1186
84.0199
84.5322
81.4001
81.2743
85.1481
85.2833
84.7998
86.3489
86.1772
83.6159
110.296
81.4892
60.5395
90.7382
71.9927
82.8215
84.7092
84.0906
104.865
114.935
84.659
72.5149
86.5128
82.2082
85.8773
85.8473
80.339
78.8515
85.9477
87.7307
46.2838
83.4384
85.2203
85.0574
78.1395
115.158
83.1456
84.6105
86.5449
84.8528
84.152
81.9042
85.7835
44.0733
85.6188
86.5631
81.3778
88.6738
105.234
115.119
106.772
84.2322
64.3129
84.6162
78.8316
82.7353
83.1857
89.3559
84.7752
85.6822
82.7313
80.2019
86.7394
85.7184
83.2787
82.9464
85.1881
82.9621
84.1478
84.9589
87.8912
21.435
86.4725
112.363
86.5212
78.2617
83.3582
83.0941
84.0687
82.5813
85.2035
96.9268
74.2611
74.506
78.8852
46.6216
86.3179
83.4282
77.5878
83.3152
78.2454
79.6327
80.75
114.324
49.247
75.5136
99.8613
84.675
80.289
79.7623
97.9258
84.7757
82.9873
85.6087
78.0348
79.9972
93.4942
86.4831
88.104
85.0992
81.7116
83.4736
97.7986
79.6529
79.4503
85.7411
114.916
51.8739
83.9173
86.0089
80.7959
81.0305
77.3345
82.2697
83.6625
78.5945
77.6566
109.858
115.058
103.963
81.1545
85.1814
114.8
114.108
115.945
85.4629
83.0263
84.7776
88.1789
117.913
85.1725
84.9909
84.092
84.7568
83.0769
85.4071
84.3142
61.4046
88.1947
86.1483
85.3786
82.9093
107.458
116.103
80.0523
106.018
80.212
79.5171
95.7758
85.2936
85.9562
82.9682
84.2791
85.5319
79.0756
79.0305
110.779
45.3451
80.8338
43.0846
83.3978
86.3628
84.1058
84.3449
80.5962
84.6467
79.6089
79.5963
79.8857
81.1367
93.9254
109.632
82.34
37.9571
78.1659
80.5424
79.279
79.7162
82.4655
83.0287
84.4398
83.5377
116.5
86.0054
83.5312
87.6744
105.603
83.9946
85.9691
86.7087
86.0192
78.7687
92.6516
65.2617
79.6163
84.8015
85.3584
115.923
84.545
84.1594
87.6275
82.7083
75.488
85.6145
105.984
88.0533
108.827
78.1018
84.7759
85.2092
116.556
107.186
85.799
79.1062
75.1763
114.808
86.3991
90.2112
41.5342
112.838
79.7271
116.225
61.8487
105.636
84.9893
79.6103
82.1076
104.204
89.1437
116.188
91.5744
79.4801
63.9755
90.2228
111.176
85.0457
82.8459
45.3148
115.063
79.9903
79.7434
100.25
86.053
83.142
78.6819
82.9667
80.4387
80.1526
95.9499
83.4128
88.4799
82.9139
83.839
85.8533
85.7667
79.9081
79.1206
90.1468
85.254
79.8026
99.0853
82.9745
66.5513
80.2253
79.5571
80.1083
79.8868
81.1947
101.252
82.7339
80.3666
79.6769
99.2111
88.1996
85.473
86.8549
85.9886
83.3525
84.7698
86.3385
82.5483
116.302
43.9742
81.208
84.1106
84.902
80.1678
80.8855
115.942
78.5917
80.6895
83.6743
110.177
98.2344
79.1209
79.2291
80.5956
84.5408
61.2758
84.1457
56.1852
87.0196
115.941
80.5036
85.0818
82.9108
86.3261
116.008
117.04
109.656
97.8032
80.1033
79.2886
84.5153
97.6831
88.9249
83.883
80.4668
99.266
116.049
85.1149
83.781
85.6169
103.701
51.3808
85.4647
89.4046
86.6633
85.3631
84.0671
79.9288
80.327
97.2005
88.1497
85.7197
82.3506
84.9567
83.1969
37.3408
84.073
84.6223
78.9135
85.5729
114.983
83.9313
89.8437
85.8696
80.3561
95.7997
88.2331
72.1611
79.428
79.3125
79.1588
78.7952
112.918
113.203
47.0371
83.9442
85.885
85.9431
95.95
87.709
83.482
86.2991
94.7557
79.5209
68.5608
114.887
85.6821
81.9556
83.8589
87.8301
112.124
82.7678
52.4406
86.6986
86.0951
56.0529
98.7631
87.8619
81.4021
81.0346
115.637
105.378
85.0861
85.8796
75.3234
113.698
83.4499
88.4316
113.191
81.5993
79.2859
80.7905
84.3381
90.1625
86.7497
84.1016
84.5604
88.0113
85.1544
86.3117
85.3771
83.0861
110.6
85.3142
88.337
84.5836
81.9738
80.9742
80.5748
86.0909
115.041
115.171
58.6434
80.5061
79.4559
88.6946
84.4058
55.6274
95.046
76.5396
107.729
80.667
80.2772
79.391
82.7963
79.3234
94.7582
80.8102
81.4332
81.7949
81.6112
85.9138
107.751
82.1519
80.3142
99.7968
79.3815
80.4364
88.6348
102.628
85.2411
83.2559
87.0082
85.4449
75.5392
116.204
100.32
88.5834
82.034
64.4072
84.6435
84.1243
75.2379
42.214
88.733
83.8733
92.5395
85.5676
84.5359
86.1953
85.6647
78.2241
78.6888
85.2892
85.3543
82.7906
85.0693
84.9758
85.5272
85.9538
88.3191
81.8261
89.2929
86.5621
84.8495
100.595
88.677
77.4666
84.498
69.8767
84.7428
115.624
91.0639
81.9607
86.1698
81.976
114.79
86.0136
88.3934
82.2135
85.0922
88.4207
59.5856
87.7787
79.2296
95.5306
85.9519
89.0607
82.804
83.6218
101.611
66.734
79.3202
93.8803
82.9703
83.9818
84.4232
82.9407
93.418
97.2422
45.6678
71.5997
79.4419
84.8203
79.409
80.3864
80.0912
93.4511
105.28
85.5698
84.3347
84.7826
80.3902
88.8147
83.8443
87.2428
83.4411
88.4513
89.0507
89.9727
91.6822
83.7061
85.1122
87.3315
87.4853
115.032
85.6973
88.4092
81.0459
85.8303
84.5933
85.5411
82.4235
116.271
85.8945
116.045
85.1985
90.2457
115.971
85.8526
85.6416
100.921
84.4647
82.8654
80.1651
86.0305
83.9458
82.7652
83.699
84.9545
81.1101
86.3934
84.6658
87.6759
85.9664
86.3451
87.3667
72.1846
69.0223
88.4713
96.5526
94.4806
78.3307
79.4816
86.2995
85.7581
80.0166
82.9013
79.45
77.9262
86.2659
107.75
85.8716
83.2328
86.7598
114.623
86.6802
77.8062
83.7938
84.6504
89.4237
79.5864
83.8038
82.6094
88.0285
88.3464
88.8177
85.3675
89.2273
84.7045
84.8121
79.4857
84.8562
84.0082
79.3928
85.252
115.766
86.0744
50.9773
86.4945
83.4613
85.1363
88.6298
81.7372
92.5266
85.2725
84.0886
87.7734
94.448
78.4472
81.5228
85.0257
83.7281
79.5746
81.6095
86.7704
88.9883
85.6468
85.7605
111.365
104.728
83.4376
93.4635
92.4759
83.0155
76.8747
76.0102
85.9956
29.5598
88.9093
85.9278
85.9172
114.85
115.144
85.956
82.9941
84.3331
77.1859
83.3148
85.0286
85.8284
82.2058
78.3847
82.4707
79.082
83.228
85.0451
82.2872
82.2866
84.0612
85.9178
84.7218
77.5393
84.4147
80.3298
78.9149
79.588
94.4833
95.3675
89.5877
86.2709
88.5105
94.3512
85.7988
81.9702
84.587
95.9699
91.3811
84.4639
84.3028
107.014
79.3171
109.044
69.8515
74.1494
93.9513
82.5628
107.433
97.3578
77.6009
78.2188
88.3695
103.248
86.0921
81.716
84.9441
51.3134
85.8657
86.6068
80.2128
83.2311
85.482
90.2022
83.9542
107.598
82.9668
83.3532
90.7566
80.1909
81.2272
86.6272
85.8747
78.3629
77.0767
114.611
115.896
82.7119
88.5492
84.6168
81.7565
74.3235
79.1537
93.9338
117.016
106.592
89.1617
86.5325
85.0753
86.8265
79.2489
88.5438
69.2033
77.3331
78.0831
85.9755
82.1021
69.7405
78.7261
50.1685
83.3812
84.9725
106.728
89.2866
87.2573
86.153
87.8572
82.7305
84.9295
85.897
83.6517
84.1799
84.5777
78.1848
82.7139
85.7827
85.9234
81.343
78.0466
78.6673
73.8986
81.8243
110.135
88.0539
81.7304
84.8131
81.4536
99.5736
79.9237
80.2925
80.7602
87.1081
116.431
52.9283
82.4452
82.7824
86.3767
78.3772
85.0297
82.5107
79.3522
79.8722
82.2696
80.1535
80.8277
80.0171
84.6085
85.0459
84.9993
88.4034
80.724
85.5876
81.5875
102.194
89.0258
116.195
115.596
85.2314
85.9501
83.4131
84.8347
117.077
82.9965
76.9145
77.3653
85.5298
84.414
84.5167
79.5968
83.4653
84.0908
86.4045
79.4843
88.0464
47.5878
82.3585
44.7902
48.3715
81.9125
88.239
86.0244
80.4328
82.8447
80.5421
80.6951
78.1761
83.2625
78.9436
95.1893
92.976
80.1894
79.0687
77.6767
80.2559
87.5161
85.0422
83.1017
115.974
85.0133
76.9665
86.426
85.0595
83.1948
104.483
83.841
78.7165
78.4121
78.0021
76.6826
81.9194
84.1353
86.0247
88.4682
79.3915
122.049
115.578
85.8087
46.0575
115.829
81.7802
79.3066
86.0219
93.1964
86.2323
84.5447
83.4524
79.2732
9.46667
88.9765
80.2982
77.3322
102.929
51.3299
105.748
82.1171
83.6192
84.2692
83.5394
83.642
82.0895
82.4912
84.9433
82.9569
83.7212
83.5596
82.5713
78.6592
83.4206
84.4204
83.6857
82.0831
82.5896
83.2897
79.0457
83.1536
83.4722
84.3953
85.0826
83.8729
83.0007
78.5693
83.8252
83.6143
83.3848
78.8515
82.1218
84.6838
83.8494
84.3666
83.4355
83.4432
82.1145
84.3909
83.7412
83.5688
85.1173
80.6177
80.6258
80.7853
76.5093
55.0436
85.4587
83.5397
94.0061
83.9414
87.1277
86.4523
86.0283
85.6272
86.523
82.4257
83.0537
46.0677
84.0466
81.6143
83.0119
86.5098
86.4514
85.082
82.8249
82.2409
80.4801
84.9559
83.0632
82.513
83.774
115.136
87.3636
81.9167
71.892
75.9366
42.7125
86.2183
76.2344
68.7053
97.3591
84.0275
82.2787
81.8705
78.2967
110.911
87.5754
83.0437
79.7957
80.679
87.5079
86.6526
10.1981
85.7891
83.3491
83.2241
81.2483
83.0232
84.3189
131.541
81.1966
84.6442
83.5643
82.6172
82.0302
83.4217
82.7492
83.7096
84.9745
83.4311
83.6766
79.3844
81.4835
85.1178
81.6749
83.6897
78.7509
82.9006
84.3318
83.3267
83.4488
83.757
81.8072
84.2697
93.2223
82.5607
116.735
100.253
78.6518
87.4755
81.8827
85.9541
110.896
86.5211
87.1416
121.241
81.867
81.3157
85.3703
81.8224
109.115
84.2788
68.5363
83.1675
83.3384
86.0887
82.8071
89.6112
85.2444
82.2564
89.1291
84.1507
84.7468
82.6193
83.4216
81.7445
85.2804
80.2814
81.9674
84.8792
82.6643
85.8707
82.8813
83.4157
85.0546
86.2375
83.1157
85.2388
85.2088
84.859
85.4508
84.0772
88.6406
80.6507
77.9468
81.7742
79.1027
74.8376
86.0836
88.5971
98.0204
82.641
114.244
83.0684
84.998
86.8081
82.8729
82.402
88.6156
85.5628
83.7971
79.6484
82.6953
85.3929
79.9353
87.2629
85.0918
83.6822
82.0901
85.7294
85.7858
86.9658
88.102
83.701
82.4283
81.5748
80.2657
82.2998
85.44
85.3556
80.2947
86.0796
81.3504
83.0951
81.0804
107.348
77.7643
78.1356
84.3036
87.2293
83.2466
84.7307
84.8137
83.0132
78.822
82.1026
105.996
80.2782
85.7166
85.3218
82.1639
110.027
109.34
82.5436
89.0444
84.1876
91.7313
81.9038
100.302
86.4157
134.001
82.5139
79.4016
96.9219
106.575
76.5646
80.5529
72.3171
120.242
77.8062
98.5375
82.0237
123.931
69.5909
74.8992
27.0157
83.1026
79.925
81.5776
84.0377
83.005
78.1563
87.0009
83.4645
85.0557
82.1029
76.2462
74.2167
77.1445
74.1263
76.0064
75.9527
72.8264
84.9453
77.4153
79.3007
74.7267
71.8491
78.1038
72.9511
81.4512
81.1137
82.3545
78.6491
77.8829
79.9892
48.4586
77.407
78.8484
76.745
76.2264
85.3347
84.4195
68.2419
68.8822
83.5308
84.9984
84.6344
80.5653
68.7562
80.2757
77.597
75.5166
75.833
75.3015
81.3008
78.9315
83.0999
112.952
81.0197
83.3932
84.637
83.0992
85.1033
79.4132
85.0285
77.2226
84.6147
85.2414
80.7821
76.1456
76.2825
76.3463
77.0829
86.7367
100.821
86.6804
78.1503
78.8102
80.4212
98.3642
72.9778
86.7205
100.732
99.6333
78.4982
74.1599
86.0937
85.4362
72.7102
96.3905
103.287
86.6946
80.3556
101.404
72.6904
100.137
86.0267
86.5793
84.8315
79.0766
80.3732
48.1978
86.6996
80.3878
70.1196
86.6044
78.9374
85.7985
80.8334
99.4122
95.826
74.6484
48.5116
72.2196
84.5177
72.3756
86.6576
71.2427
73.8566
87.1914
100.787
79.2865
48.315
73.6157
71.1567
86.9351
72.1877
46.106
84.0024
138.471
72.866
83.9839
71.9306
71.6781
84.2736
74.6505
94.0692
79.2357
73.1991
47.0004
48.6381
83.0954
78.1257
82.3001
82.0843
80.8051
87.3616
82.8736
76.1263
83.3553
82.0362
85.0283
115.566
77.5793
83.9153
81.2373
76.4099
80.8561
84.6379
80.5724
79.6784
83.045
75.2004
80.0006
83.4858
87.0908
70.6295
72.0146
84.8915
80.599
80.9305
81.0132
84.6293
84.3266
82.7219
78.1855
79.9297
81.2947
85.1579
73.3956
79.2701
93.7211
80.9966
76.564
76.127
81.0353
84.8504
84.6615
83.1036
83.5121
83.5907
83.2771
82.486
80.7508
79.3891
46.8588
84.753
79.4682
83.5052
84.7642
81.0006
80.1391
68.1632
84.5044
83.3605
84.5654
83.2698
83.4538
81.2736
79.1934
84.6051
81.9355
84.8346
83.4596
84.5425
84.5003
79.2508
80.5638
81.4934
88.7344
84.7237
81.1282
83.1584
80.0148
76.2783
80.9671
84.9754
81.4979
83.3161
84.3989
79.4825
73.1147
93.6646
77.1088
74.8912
81.2306
84.7977
84.8018
115.778
76.9045
74.536
69.6588
84.7192
87.45
73.3179
87.0524
72.4322
84.6671
84.421
84.6589
46.7657
107.582
86.2719
76.9314
77.1276
87.1884
80.7426
83.2243
84.7293
116.004
74.6688
69.157
74.8021
86.103
80.1803
83.0752
84.3821
94.5891
80.1623
74.6218
116.129
77.6634
74.7811
69.2771
65.4404
46.7317
107.433
86.5288
73.7845
68.3884
67.8314
87.3061
81.1759
85.094
71.5948
73.8784
85.945
79.0156
83.0029
84.22
80.4129
67.1689
88.1032
116.01
78.3147
83.2972
47.5297
50.7795
82.4426
107.347
77.933
79.4405
68.0506
75.1219
88.9924
86.4738
80.5165
72.5697
85.785
80.4564
81.3544
97.3617
77.5332
103.819
75.1189
69.1202
85.2827
83.0849
83.7724
70.2828
67.6591
68.5532
71.2363
86.0158
73.2764
67.2405
81.9017
72.4131
87.477
78.9918
82.9585
83.9072
80.3697
97.2586
78.1658
116.13
82.6599
82.7676
84.6127
75.748
68.7199
82.0897
82.2219
83.5263
50.5792
82.1665
90.9134
82.5793
87.1103
107.33
88.7125
83.8003
85.8378
76.0199
77.0719
77.2887
78.5448
77.6039
87.6371
88.0458
80.7434
92.3895
84.0058
83.1945
82.7831
82.5735
82.8462
86.1888
82.415
81.1493
87.1136
78.1769
83.1005
83.875
79.9619
81.1106
84.3975
83.7555
87.7174
88.3499
110.58
85.1027
87.1885
75.9912
68.7184
84.143
83.6497
47.7366
81.8434
85.2893
83.562
87.5539
88.9025
78.9219
81.5621
88.8275
79.6231
79.8571
80.5033
77.4914
87.2675
88.6618
84.8878
84.5875
84.8435
83.7065
69.6877
80.5651
82.0872
85.299
76.0332
69.4566
87.3162
71.6735
70.9827
88.5477
84.1667
117.278
84.8728
84.7575
77.9096
79.7344
73.5542
74.9083
73.4807
87.4637
81.3319
84.1762
83.8869
82.633
84.5698
78.8455
83.0925
83.7803
84.5952
84.699
84.5994
82.1915
100.303
79.1616
82.1671
83.2247
78.6609
82.6166
85.2014
79.3075
79.2234
78.3747
79.1213
83.0023
90.0285
80.3756
82.1301
88.4842
85.3369
110.611
81.8869
83.1157
85.7727
116.166
85.263
75.6849
69.0072
87.36
77.5522
83.6702
81.1312
85.3216
83.6266
82.3029
82.975
70.6171
81.8998
83.2838
84.6763
115.343
82.1156
81.4284
86.992
85.5506
87.8826
84.847
84.7367
82.4233
79.827
83.5642
89.7788
84.8464
83.07
72.0298
80.2256
86.3189
84.0068
82.8587
82.0258
68.2745
81.3427
85.7577
107.298
108.073
85.386
82.846
82.635
82.3911
107.579
83.0648
81.3529
83.4992
82.9388
108.685
82.1427
82.8159
76.1806
81.1188
81.9078
81.4406
83.097
84.7916
72.4952
88.7301
70.6646
87.3158
83.9306
86.813
116.31
83.3426
84.7089
83.3079
82.926
77.4594
82.6363
83.2936
84.8141
82.5173
77.7221
81.2771
69.8741
69.9219
88.5014
81.549
89.0576
81.3523
87.3863
83.2004
79.9024
78.4617
83.3331
83.9053
87.7227
81.9906
69.1001
82.6204
85.1316
86.0023
78.1445
72.9448
84.8389
82.958
82.72
83.8184
83.1276
87.9609
82.0171
82.1795
69.35
70.2662
85.0043
68.7168
93.5947
89.1719
119.703
82.034
68.324
82.9778
81.2223
82.5353
86.4178
83.1994
80.1959
83.177
110.82
80.6567
99.4254
79.8006
85.4476
83.3788
80.2902
68.8136
84.8352
97.7686
68.74
87.0159
92.3968
98.2122
86.7648
85.7121
81.3024
83.0224
83.3384
85.0307
116.104
86.6263
83.2806
77.8182
85.7031
48.9044
84.5189
76.542
68.978
70.4571
83.9817
80.1092
73.2967
83.8712
85.1324
81.5265
85.7569
85.3364
71.7643
82.3003
70.9729
80.3959
51.1746
81.9619
82.2551
102.315
83.9696
76.785
85.8299
34.962
93.6453
83.3343
86.1482
84.4068
87.8129
115.893
83.1497
83.553
86.2596
124.154
85.044
80.1981
84.2873
85.6775
78.5939
85.9209
82.2074
84.6735
83.9794
81.79
78.0169
108.609
80.4984
69.4116
83.3903
85.1072
84.883
83.8581
84.5029
85.7585
82.9181
83.7
128.344
82.3684
73.3524
81.3944
76.5459
83.0395
81.917
114.959
84.532
83.3079
86.7192
83.6954
67.3333
115.544
84.4979
84.3209
82.4764
90.1391
90.5839
84.8493
81.4709
80.7571
88.5462
78.6599
82.3724
83.548
86.0077
83.7896
91.403
72.3014
84.1727
70.3228
77.2568
82.1696
82.458
85.7275
82.5534
85.9941
73.379
84.6738
85.4385
80.8365
87.2564
71.3073
80.2779
81.0896
80.5832
85.6192
79.2421
91.6769
72.7252
79.2812
84.1431
77.7231
76.6759
82.6071
85.5418
87.8451
88.8222
82.8414
83.4506
83.8747
75.2398
82.9505
81.1228
84.6359
77.9957
103.592
69.7718
80.6792
81.2574
92.626
77.5679
76.6397
79.4364
83.2844
85.337
83.244
102.843
82.6217
82.6876
82.5193
80.7512
71.2979
84.0861
79.791
82.1387
79.5344
80.8562
99.3698
83.0348
89.2577
86.4552
79.0644
83.3501
83.84
80.5725
86.1493
81.8763
86.5356
85.7374
82.3578
81.9722
82.5248
78.7116
83.6605
82.9406
84.0336
85.329
86.9142
86.8537
86.8839
80
78.9711
83.513
84.0553
124.283
98.9582
77.5911
83.1187
91.6083
100.75
102.023
80.3125
82.8444
82.9746
81.7504
83.7768
86.1161
86.8069
115.679
80.7972
84.6153
75.9364
79.9503
95.3114
85.088
83.6937
82.795
75.977
83.4124
80.792
81.2803
81.1655
45.9385
72.6877
85.7937
78.3772
84.8862
76.4355
88.6975
81.5762
91.6651
85.8056
107.619
80.8138
78.7322
77.9949
84.0636
81.0876
85.9439
81.4302
79.6865
80.2932
90.1216
83.7177
83.2083
80.2439
114.946
85.6811
82.1483
80.6362
78.4363
115.061
116.235
83.5906
83.2313
83.5315
84.4862
79.5699
81.6297
18.8789
85.5009
110.106
79.5517
85.7876
86.2967
87.1648
113.28
76.688
80.2184
83.6503
84.0708
84.7299
106.635
77.526
76.3985
86.4832
84.0522
86.0801
85.1577
80.8567
80.7055
88.3948
115.357
94.5462
85.8108
87.6599
81.514
78.3468
83.0999
82.9623
83.7112
83.8942
85.9571
81.9821
86.0149
82.7958
80.9437
108.616
81.8011
85.7371
88.3648
82.4014
41.574
80.9278
82.5253
79.4172
83.5568
84.0261
95.9306
84.8064
71.655
77.1195
86.1848
83.3444
85.3065
84.3087
83.7042
85.7044
86.5217
82.0156
75.3603
80.3485
83.6355
82.976
83.1946
82.4599
72.6145
83.6686
88.314
80.5582
77.3132
84.499
88.3893
86.2318
80.5169
80.2377
108.462
110.191
82.2664
86.1849
83.5063
84.9539
86.3514
82.9478
84.5614
86.9993
86.0417
81.1997
91.8277
86.3443
82.9996
79.4461
83.1304
79.0972
85.2119
84.4035
82.4267
72.7428
101.603
84.3157
83.0456
82.9725
85.7651
82.6924
80.3815
82.4396
82.6884
79.9257
86.0471
86.3436
77.3061
91.0329
86.2525
87.8001
86.5614
79.6878
83.0971
81.5994
80.6517
88.6417
87.966
85.0357
81.2074
85.7896
86.1273
81.3541
79.926
86.2266
84.522
84.284
83.9264
84.5443
86.3436
85.7382
82.9562
83.4327
83.6725
88.8407
79.3375
83.3762
84.8039
83.2372
82.1559
83.9211
77.7882
85.16
79.6619
81.9533
83.4987
115.543
82.7489
44.7964
87.3974
81.7847
78.1124
83.4211
82.9514
83.7308
84.304
85.4639
83.6461
84.4782
88.509
88.1247
107.205
85.789
83.0034
83.3471
84.7935
107.173
81.7612
86.5534
83.6805
84.029
106.435
73.082
76.8544
84.9317
79.3916
115.955
87.8783
75.9573
85.0547
97.5568
75.3396
87.0511
83.942
81.4309
83.0365
83.0466
82.7552
83.9347
85.0033
82.4588
84.382
82.1925
83.0394
81.4437
84.4807
85.0759
80.3259
83.2692
82.3729
84.7947
86.5833
86.0512
83.7242
83.1294
83.6031
87.8126
83.1248
86.1509
105.611
84.5103
80.5567
80.7979
42.7761
83.1594
112.71
84.9892
83.3209
85.7248
82.1761
84.1907
83.0173
73.598
86.3757
80.9806
83.371
85.1613
107.933
80.7238
81.2919
83.46
85.1058
117.576
78.7515
77.4661
84.7904
80.0026
81.1304
87.3711
84.3175
79.3144
79.5883
83.6265
84.2644
83.9035
81.1181
84.4614
81.4569
84.8245
80.6057
76.7476
76.14
70.1073
55.6854
88.5977
97.4365
79.3427
82.6526
115.374
64.9173
101.523
88.2408
79.3524
83.548
84.2779
82.495
92.7624
79.5137
84.0681
84.5761
86.4482
85.892
109.394
118.909
77.6455
101.21
88.6626
114.716
85.3854
79.4544
81.3479
81.8646
75.0616
84.0559
100.401
87.2217
84.5723
83.8035
85.0714
115.423
81.3621
101.948
83.3894
79.2848
70.2562
75.0991
85.572
84.4719
83.186
80.1514
83.8064
85.257
78.0928
83.4472
80.9608
79.5545
79.1765
81.6388
84.2233
89.027
35.4924
115.044
85.9541
84.8813
85.8661
82.7165
83.5394
79.0516
82.9756
85.6471
84.3505
80.9954
83.0255
99.4653
80.2782
78.7037
97.8775
84.7809
83.6781
85.3338
88.8306
30.5271
75.5284
79.1024
94.2118
77.7938
87.9373
90.1042
88.353
87.8812
83.842
88.77
79.0052
116.446
86.4193
85.5581
86.3495
89.4853
39.2445
78.8557
83.0033
80.7023
87.3149
71.8272
74.3476
86.4892
98.6549
78.0015
86.2742
83.9263
106.705
80.6698
83.7829
78.8791
83.2261
83.2625
83.8518
86.5611
86.205
85.1279
83.6717
98.0741
81.5498
97.4097
78.2428
80.1671
84.8787
84.8454
116.185
84.9441
86.3006
91.806
103.113
83.529
79.5815
83.5803
83.1122
83.2137
82.8386
114.162
80.4895
85.4468
83.665
82.0331
85.977
113.533
114.748
78.7928
78.2488
86.611
86.7267
82.9624
83.4906
77.5433
86.0474
86.7946
84.8242
85.7094
85.0642
82.9232
73.1676
84.3438
114.53
81.7526
81.5118
82.89
80.1529
83.3178
108.635
85.8386
82.8792
106.804
84.9914
103.773
99.3996
86.8075
114.014
82.8263
114.841
85.8042
83.5421
83.9903
90.7936
82.7366
96.867
79.4241
89.4626
24.145
86.0659
113.195
81.1657
93.4965
76.7513
94.3398
80.5088
113.817
114.644
80.1332
98.7585
87.4564
79.6047
83.2831
85.1457
79.5346
83.4075
95.0279
86.6635
96.6947
95.0524
86.8221
82.9295
83.7713
115.783
77.0617
83.0739
83.0509
87.9945
81.2498
88.7051
89.0703
85.8943
98.6024
78.8127
86.4914
78.2368
79.437
85.8838
96.697
115.204
81.0664
100.888
93.1492
77.4868
86.122
86.0528
85.9386
86.6209
86.1172
114.918
88.2308
78.2145
88.0355
78.4187
104.452
78.6634
80.4154
68.9557
73.5867
79.2144
85.211
78.6548
82.2827
84.9996
82.1998
82.2948
85.3383
81.7809
83.4378
99.4019
90.3681
87.653
86.0113
86.1819
79.5049
95.8973
82.7695
81.817
82.7885
85.9581
82.5355
80.2017
80.2995
49.709
84.5535
86.4543
90.1366
83.5869
81.159
83.9982
114.494
83.5687
107.325
85.8111
83.5412
73.6114
82.2924
85.7343
94.8232
84.0464
92.213
82.4264
101.803
80.0309
83.9856
84.6125
82.8524
85.855
78.3343
52.0749
50.0559
81.1462
83.4286
74.6412
78.781
84.6834
83.4202
79.7493
85.7232
82.5053
81.7258
79.774
71.0772
82.7514
77.1977
71.3056
116.406
81.6914
80.1533
78.6826
80.2367
94.2105
84.6669
79.7164
80.5167
87.4614
104.594
84.118
79.8378
82.6965
76.0943
41.1308
83.9228
85.0937
97.2405
114.892
86.8333
85.3266
85.1268
84.0254
80.4642
80.1071
81.2194
87.796
85.2
82.3092
83.3666
81.2122
83.9523
82.7548
83.1281
77.57
99.3487
76.6531
80.2704
87.9596
82.909
84.1178
73.4532
81.7743
94.9729
79.1765
79.2252
74.3898
80.7713
84.6324
80.7724
71.863
72.0051
90.8812
93.1444
101.714
111.968
130.628
88.1966
86.3073
116.64
79.4001
83.0104
84.1514
111.651
83.7404
87.3403
8.44649
88.5347
79.7192
80.4749
85.4152
83.7455
84.181
80.8924
82.2314
86.1761
77.8434
85.9584
80.4026
88.073
81.6371
116.125
84.5572
101.646
77.2256
77.7745
79.8147
83.9641
84.5112
84.8552
74.4709
80.5116
82.3015
87.0298
31.0344
105.261
83.738
81.2387
85.9459
85.704
80.3586
83.8321
79.8485
78.0827
84.042
84.5118
85.6204
81.7748
87.9624
78.3597
82.7018
84.6625
78.2347
108.012
84.3561
84.6494
83.0802
82.3997
89.1373
94.6272
86.6104
88.1548
80.2297
80.308
80.0413
82.1114
77.63
81.9719
83.8818
78.8715
79.1889
87.1581
115.941
83.7741
84.4959
116.568
84.7525
86.2337
84.8117
69.309
89.8868
89.6545
85.212
87.0816
85.0797
87.221
87.3378
90.5591
88.7021
85.6419
82.0868
80.3009
82.9883
84.1606
93.3547
85.98
85.1581
85.8762
82.4051
82.2154
89.1993
83.2591
87.2212
82.6684
84.0742
83.2035
84.0336
84.7584
85.1532
89.1581
54.1857
79.4226
83.8658
84.5265
83.3562
83.7114
83.3417
81.8203
84.2537
84.0523
78.5667
84.5653
113.289
86.3334
85.9161
83.3255
78.0003
81.4708
88.2796
83.0917
81.7514
84.8985
78.3869
79.9553
85.1641
85.5191
105.702
101.371
83.1525
78.8394
83.0181
85.0199
85.9295
79.2198
80.1571
115.568
90.0626
77.4836
105.514
84.0421
69.6433
74.8072
82.0971
83.3713
72.0708
86.2706
90.3997
78.0935
78.9004
86.1208
87.0327
85.2422
77.1947
119.307
79.8505
84.1579
84.6097
86.4969
86.4929
103.722
114.29
84.8962
85.6359
72.3822
100.925
68.4601
79.0304
84.6824
83.4839
80.048
79.6551
79.7276
78.7783
82.9196
85.5527
77.6078
79.0827
94.867
85.8547
85.1932
80.5145
73.2208
79.7235
92.6062
74.7
75.2395
79.1491
82.5241
83.5427
85.5866
88.4777
82.7694
15.682
88.1219
83.3126
78.6176
79.8584
82.7453
83.5134
77.4311
84.8531
83.6638
85.1182
81.0155
85.4477
111.184
77.8739
115.29
82.975
83.3344
86.7638
83.587
78.1294
78.2522
48.2997
107.258
88.2656
86.2108
79.2546
80.879
74.5983
74.5794
86.307
82.5427
88.7158
88.3908
83.892
88.1406
41.0534
84.3207
79.317
83.5173
68.5216
77.8733
82.3234
82.4271
81.7525
48.0716
80.1707
81.3613
74.6601
84.1954
85.009
80.4616
77.6726
84.5992
87.3145
98.9853
84.7879
78.2363
81.7742
78.255
77.1904
79.8704
84.9563
116.746
107.988
82.6755
72.1291
79.7928
83.9377
79.4218
84.55
82.9963
107.062
83.0452
89.6969
83.7385
80.1411
78.9894
82.6227
90.4016
83.658
102.118
79.861
78.5174
83.2606
84.2933
115.983
85.8281
80.9518
78.1617
85.7816
80.4142
73.6907
40.5531
97.5946
81.1055
83.8387
67.7986
73.824
86.3822
78.6494
80.2475
83.0204
85.8935
84.8331
83.8701
116.098
80.1154
82.6162
86.6484
84.6098
48.9413
82.7153
78.3345
101.365
75.9236
82.9804
90.2399
88.5853
80.4145
84.6398
83.9271
78.7011
83.0597
82.8996
77.7915
114.486
83.602
83.9631
84.9663
83.4713
70.4507
74.3183
84.4975
83.0122
77.9934
79.0648
81.7101
88.9332
85.4223
83.8686
105.937
63.5034
85.4172
49.9217
82.9976
83.273
75.204
73.9933
82.5584
86.1154
70.8252
86.4226
108.017
80.3073
78.142
103.117
113.6
105.978
90.5182
84.8269
87.6868
81.9429
77.9814
73.269
74.2073
72.4863
87.9476
99.1259
98.0572
90.4505
82.2657
86.7218
76.4056
88.7598
86.1096
85.8428
86.5831
85.0177
84.1629
114.409
77.6664
78.2719
79.3891
78.592
78.4563
82.2999
81.3881
86.2261
83.1978
81.2242
84.0668
70.0071
74.3483
84.2417
81.3994
79.3242
77.2665
81.2547
80.7857
80.7352
87.67
99.028
83.7576
81.8824
84.2871
83.7748
102.988
111.51
83.9045
86.6956
105.318
75.1509
90.499
83.2724
84.9493
83.1045
84.2537
83.8343
85.5904
84.8378
85.3994
85.1319
85.0881
116.061
79.0085
85.7129
87.3139
84.8989
81.8235
86.3921
76.8596
83.5546
83.0736
88.3367
110.379
81.4574
77.3494
69.8725
79.4046
84.5578
80.6233
81.8145
84.1943
86.6856
85.8987
80.8171
83.7508
52.343
83.8066
115.134
85.1697
81.5001
83.3114
113.113
82.8499
47.5341
88.9922
85.3544
85.6688
85.881
82.9848
85.0608
83.7501
84.5391
86.0519
81.0846
83.511
84.886
81.8902
83.7797
89.132
115.072
81.8913
80.1209
80.715
83.4926
85.6372
83.2224
96.7552
79.1641
80.5475
88.4394
80.126
88.3455
73.7583
88.5345
107.618
84.5363
86.0836
85.0727
74.8431
116.089
76.8632
85.4875
75.0821
77.5417
82.2911
83.9302
81.4627
115.655
90.6089
84.8301
83.7331
80.0036
88.7968
86.4949
70.3709
80.2853
84.7341
84.9979
81.9274
45.5271
81.9611
77.4572
99.5095
116.059
81.5184
85.2404
85.5191
115.123
81.8691
89.0391
81.4862
43.8186
52.1591
85.4492
46.9782
84.36
44.1796
72.298
99.4705
82.0673
81.3012
85.5109
85.4361
85.2596
85.3514
83.0347
82.989
83.0826
82.9749
85.5819
82.7822
58.5167
79.8072
79.4282
79.1011
79.1736
52.8218
80.1817
79.873
80.0016
80.5377
80.245
79.9913
63.1902
45.998
79.9622
70.5551
66.939
80.0445
80.1596
85.1838
84.1144
84.6636
85.5716
78.7939
82.6878
83.667
80.8526
85.6463
79.3689
78.3543
80.3719
78.5195
83.4888
85.6592
100.33
101.733
79.785
87.9388
83.9647
80.1189
82.6063
90.4895
100.06
104.895
96.4052
93.5781
109.452
113.984
118.2
117.017
81.4551
79.418
80.4877
79.8773
81.1286
79.3583
79.9996
79.5557
84.3731
85.7053
85.757
71.2414
83.1378
85.8022
85.8444
82.3156
108.537
107.279
84.3335
84.0472
79.4604
84.4903
85.4701
85.4534
85.0707
116.211
88.7494
83.6552
82.7382
80.6455
78.8639
78.6707
99.0188
72.6588
74.5468
84.8798
85.9079
84.0323
85.2807
79.2831
83.0019
83.1345
75.9872
79.0648
94.2515
83.5338
79.5172
84.5287
62.3496
84.3047
82.0513
78.0327
83.0567
45.0647
84.2787
85.5136
83.2396
77.2366
85.221
85.0474
84.1228
85.2628
83.5813
84.7237
101.507
80.04
75.8402
75.0034
83.3502
81.2313
78.8432
95.6886
98.849
78.7735
84.1289
83.5229
112.403
83.9856
82.8651
104.377
80.788
82.6864
90.4877
49.0365
85.7432
80.3252
75.1136
95.087
81.5172
82.8925
83.6334
73.5388
79.7975
84.3118
81.0132
80.8507
82.9726
84.8639
82.9786
82.8831
78.7316
83.2034
84.69
84.7847
71.0073
81.5848
81.6261
82.758
83.8765
82.5784
85.3033
83.1654
84.3089
82.9899
77.8959
84.0705
115.496
75.9722
83.6852
84.7702
86.0273
84.3316
82.6539
80.7197
80.0917
83.3257
80.1321
82.5554
83.8155
78.3543
77.7482
79.3645
115.937
78.6758
78.02
88.5361
85.0023
83.1163
84.6547
83.0649
82.5229
86.7588
85.9553
83.29
84.3306
98.1366
91.4147
86.2027
81.564
47.6076
81.0432
85.6995
81.8463
74.5855
79.9362
79.8378
79.384
85.7085
78.6628
85.7794
80.2275
78.2758
86.9394
85.8917
84.6249
76.7021
83.8852
83.9211
75.2228
69.3153
94.1103
46.4043
115.018
84.4456
106.391
90.0576
77.9064
78.5266
85.714
83.8039
84.8866
86.1509
84.2289
96.1232
79.233
85.0227
79.9361
82.6585
88.8805
76.0728
80.2663
81.6748
85.1218
85.2649
59.6131
85.4674
83.2612
87.3535
71.5574
72.779
89.0724
86.2844
85.0952
85.1035
78.1669
84.0413
83.3926
80.8236
79.0572
114.943
113.241
75.5118
73.8934
71.0959
83.3274
115.538
86.4218
82.96
82.2693
81.0181
78.0503
102.537
109.173
106.332
76.6871
85.7703
85.2897
85.0126
115.974
90.7479
98.1135
78.9003
80.4982
94.5918
114.135
84.6546
68.3315
84.3083
78.2114
77.9311
77.549
86.9137
89.3096
98.3501
68.8673
74.9397
85.758
86.1137
86.8957
89.2029
86.4051
72.6867
43.1916
86.7244
86.6279
76.7494
76.5393
85.2192
83.6655
82.9826
81.9247
79.1054
85.0443
84.8094
116.214
76.2491
79.3952
94.6637
73.5573
86.3026
82.9984
84.003
125.167
86.7127
80.751
78.7433
83.2851
88.3844
81.1376
99.6152
79.4757
79.836
80.6853
91.5399
104.035
86.2863
110.989
85.8654
85.3256
83.0445
81.7214
80.2334
79.711
97.8866
39.0245
77.334
78.0844
94.478
79.695
75.113
85.7077
84.3165
73.5709
77.0401
78.1918
78.5056
78.7045
82.428
86.0561
80.8655
78.219
84.0338
86.2012
85.5786
79.7584
80.0097
86.0709
81.1662
85.0105
83.3302
74.6783
86.6598
85.2631
25.1383
85.465
79.4114
82.8371
73.7819
91.3693
81.9887
85.9757
78.9729
81.2318
84.169
42.1183
85.3722
78.002
84.0539
83.1883
82.3555
82.1228
72.8442
83.48
84.1141
83.6904
81.7278
85.8841
102.918
115.928
80.9215
79.258
83.1526
86.7031
88.3983
116.033
84.9342
116.02
79.2192
83.265
80.6162
83.1545
85.8338
72.7976
82.8468
83.6261
85.1216
81.392
80.5671
79.0664
78.0691
115.957
83.5044
88.1414
70.1358
74.1876
81.7362
79.9288
80.76
97.5454
73.6717
52.8459
33.3096
108.043
80.0374
79.9245
81.6304
82.336
82.1881
78.3128
83.1583
84.8318
82.8566
84.3685
83.8733
80.4252
84.4588
116.571
80.2143
99.3126
80.101
81.6926
85.9088
79.1593
84.6037
83.1485
116.09
73.5267
79.5481
94.1336
85.2111
102.858
80.1602
79.0405
104.429
80.7419
74.8201
78.9872
81.116
96.9571
105.429
80.2901
81.7555
86.2616
114.195
85.4745
81.2755
81.3849
98.3254
86.3568
85.2401
85.0365
73.1899
78.1142
36.5182
78.1309
84.2959
83.07
79.2665
87.4169
79.1197
81.2375
85.814
85.8917
83.3191
67.9035
72.2438
86.9944
83.4521
83.0304
86.8814
91.2737
85.8379
76.7214
84.0639
86.3058
85.6629
107.517
86.5185
81.4918
85.134
85.7862
107.926
117.902
73.0208
71.4987
86.7958
84.1337
71.5336
77.271
79.7626
96.2512
81.1282
106.39
78.9182
80.4385
98.143
76.3915
77.858
109.942
83.9942
80.5708
86.8958
116.192
84.1527
83.2627
84.4506
85.8709
76.3562
79.3799
78.7353
75.048
85.2212
81.6267
88.7163
115.322
87.6832
84.861
78.3633
80.0101
115.456
24.7042
17.3226
84.7284
79.3691
83.2242
82.9892
85.8923
79.8989
100.801
75.8731
85.7195
84.5443
83.61
82.1116
88.0152
72.7693
102.125
47.6576
83.6475
76.5631
101.786
80.3946
78.4752
84.7573
86.4667
80.856
98.9534
87.7062
79.9983
80.2362
66.1921
88.6429
82.4978
85.8869
70.0023
74.8048
48.7344
87.1196
81.6006
84.024
84.6869
86.0046
78.077
87.9725
79.3933
115.967
80.6093
114.834
82.2006
89.2061
89.1376
85.0028
84.2874
71.0812
80.0005
84.4212
83.7124
47.267
77.7398
84.5128
115.778
82.0979
116.172
81.9048
83.7199
85.1117
87.1892
106.807
115.775
84.4316
108.608
84.9357
84.2609
84.9766
109.757
76.1682
68.9089
85.9927
104.797
110.459
85.6404
85.8906
51.5437
85.0821
84.0088
74.6241
116.616
85.0174
88.6218
81.7413
86.0716
87.9633
84.2053
83.371
92.3673
6.827
85.9287
86.7057
116.1
86.1999
76.804
81.347
109.027
86.0877
73.2353
85.681
83.4927
80.6678
82.1475
75.6447
68.8009
115.835
44.0196
78.4741
58.5591
81.7691
83.7756
109.669
72.2458
72.6877
81.0639
86.0339
85.0038
115.204
84.904
114.485
115.22
89.2541
85.2601
115.266
78.1758
85.9819
94.7896
85.0799
83.9594
86.303
85.5485
84.554
84.1015
83.2789
81.0586
84.2952
85.0237
79.7205
85.1547
83.1156
86.0222
84.4873
112.816
85.8907
68.0263
110.016
116.214
85.5132
82.8988
83.1622
77.77
89.1465
84.5759
118.351
84.4035
80.6934
75.0394
69.0348
83.8171
80.351
84.3853
92.3969
116.963
88.1537
74.172
76.2903
116.096
85.3783
82.1422
62.1628
77.5287
85.0993
82.2193
83.6174
115.597
85.655
70.7286
74.4337
85.0354
81.3257
83.6343
83.8657
98.7614
52.9696
115.705
81.6851
52.0117
73.9686
83.6697
115.474
76.2656
68.6099
108.343
105.209
82.4683
53.6609
78.6411
79.9215
115.995
115.793
116.034
115.91
63.1247
109.4
60.7062
58.1398
50.4325
109.06
50.0304
48.8738
55.5426
115.148
115.175
49.1772
115.238
115.346
84.8745
106.144
106.853
84.7648
84.5758
84.4634
84.6782
84.2214
83.6672
84.141
83.6485
82.6104
85.0133
87.0332
99.5513
77.8999
81.3221
102.08
82.8792
82.0612
85.1072
83.4276
81.0629
89.1903
115.333
86.15
85.1022
85.0808
83.5875
84.773
115.503
82.487
79.9915
79.9708
81.8886
84.5354
84.5811
78.8278
116.249
83.7546
69.8057
100.366
79.5825
78.7457
83.8618
85.7351
83.6452
71.2575
78.7979
86.6804
82.5509
74.1314
70.8415
85.6917
85.7926
82.495
72.7661
85.6061
85.932
80.2856
79.3893
84.9424
85.5272
84.3621
86.0978
112.932
83.7656
81.4364
80.65
70.6881
73.6903
86.7043
89.2352
85.9411
80.4639
81.5568
79.6962
71.4058
114.973
82.8169
102.18
80.3249
115.891
84.8791
83.9114
85.1454
85.431
83.5094
81.3853
80.7062
82.0512
85.5444
82.7231
114.56
85.4392
85.9269
72.3651
87.5204
86.1575
84.7036
117.127
82.2911
85.0492
84.4392
82.9348
42.7437
107.253
108.181
86.3561
79.6957
81.537
77.4663
77.1386
105.483
116.361
80.7655
85.1136
82.8988
83.5156
81.8301
84.1356
106.743
83.0268
83.0622
82.998
84.243
83.9334
88.1968
80.3204
77.7525
82.7256
85.0089
31.0904
84.5271
83.4584
81.9021
84.1931
80.7576
84.6614
79.3942
80.029
99.7471
84.4659
83.1962
105.861
73.9744
88.1468
115.632
84.6879
70.557
83.9592
113.808
82.8717
88.7117
85.6585
74.4578
96.6137
78.9803
80.2839
83.8106
81.3021
84.3064
84.3539
109.72
112.17
84.7991
81.6091
81.4229
93.9818
79.7976
74.3399
69.7749
74.2196
81.5278
69.5509
77.954
80.1477
92.2909
114.644
83.6973
99.6101
89.2469
79.7909
76.9593
72.3838
76.9165
72.9288
89.3891
75.429
84.6298
84.4104
73.029
75.3215
79.6163
94.9265
110.276
83.3664
81.7294
84.6498
77.1048
103.452
93.2262
82.5162
97.8892
68.4404
78.2455
87.666
105.762
97.4114
15.8554
83.6926
81.7242
84.1546
83.9628
85.5818
88.5445
74.1765
87.0284
74.9361
74.5427
85.7034
83.1106
82.2854
82.9263
85.5294
86.9137
39.7524
86.8301
7.24667
106.182
84.8253
108.603
108.211
86.5681
83.8109
85.1622
75.663
82.0941
86.7333
83.2344
100.526
75.3544
102.217
84.6807
84.2808
85.4661
82.0252
114.985
84.2631
90.725
85.1994
85.9416
84.8192
48.2906
82.6814
82.2845
74.5261
83.7751
114.875
98.5237
79.0501
80.672
119.645
82.6317
89.6928
77.9435
83.0199
80.1644
83.9611
51.0787
86.1362
85.8582
87.0642
76.2609
91.0903
85.1431
84.4391
84.732
84.7961
84.3211
80.4879
81.5545
83.1596
79.9294
70.92
79.9871
84.6181
83.147
89.0992
107.189
81.1344
67.6741
93.4506
82.3942
99.6855
79.5348
79.1169
78.3341
80.5011
88.1938
111.506
85.952
80.4723
86.629
86.2073
84.7176
83.7364
76.3179
82.7986
78.6563
76.1087
86.1939
81.8671
84.2367
85.9266
90.2729
82.4225
90.0681
85.3628
70.3684
74.5931
83.6449
82.3138
80.0956
69.1868
76.9742
68.8247
76.8354
59.2004
111.87
86.6348
75.2534
84.6828
83.7365
79.5085
85.5634
74.7693
79.1337
81.246
43.3617
88.7889
88.5474
106.927
88.2893
15.8428
77.82
83.7303
89.911
115.464
77.6539
79.9411
79.6573
80.696
72.9856
87.827
82.832
79.3731
79.9382
86.544
75.6616
81.6763
83.6243
85.0876
83.6749
85.9078
77.042
82.1964
82.0557
78.2427
68.4777
82.2421
85.1921
82.2484
83.0589
80.9
77.2818
76.9238
75.9642
115.933
70.3283
74.488
95.4423
79.6283
77.0636
77.4765
80.925
84.9854
85.5945
84.8477
86.0565
86.9678
98.1648
108.573
114.642
46.8917
84.9359
84.0335
84.0714
84.7978
49.9326
84.9202
104.92
115.975
113.69
83.3429
82.8889
115.075
86.2787
78.9106
96.6606
82.21
111.49
111.88
107.821
82.6608
87.567
86.1234
87.4505
82.3048
82.1377
115.404
101.018
80.3457
75.5228
105.818
90.2633
78.0612
83.7096
60.7003
114.806
80.4259
68.156
83.885
84.7275
76.0576
84.2897
79.4075
116.056
117.033
67.1965
84.5926
84.4765
75.5169
80.1766
80.9062
83.135
68.967
70.3271
84.6476
84.2955
81.1224
85.0435
83.4046
81.2659
42.956
103.207
81.1735
85.9764
84.0156
84.271
85.4747
45.0204
82.4103
85.604
76.3935
80.739
95.3405
82.7458
84.5445
42.9874
73.2066
83.3904
84.7783
82.6273
107.423
65.6162
75.3418
85.4811
78.893
82.0132
84.1504
84.6589
78.2171
82.9592
81.8332
74.5129
77.6729
83.4579
86.5574
106.655
84.7913
84.1859
79.6251
83.0206
74.9352
88.5395
82.7427
104.319
104.666
81.7991
83.1748
80.8091
79.7036
82.9799
83.6967
49.646
84.7207
83.6096
79.6508
81.4027
80.7694
82.9204
88.0733
84.5656
83.689
79.5684
80.5777
82.7131
77.8684
79.7053
73.3158
93.9315
94.0104
80.0389
75.9873
82.0873
82.9712
88.35
86.0413
75.5009
83.1497
87.8161
84.8722
80.1394
80.2836
88.4887
86.076
83.4308
114.413
79.7747
96.4651
81.0159
81.9074
53.3897
78.7878
83.1611
84.9965
77.3621
68.5762
79.6114
74.4314
74.7456
86.3948
84.5613
82.0074
85.9391
98.9344
73.3311
79.349
94.1079
82.8541
85.1321
81.7886
84.5009
83.566
83.5605
83.0476
77.1309
76.9556
75.1714
83.6856
86.7587
77.4033
84.5289
86.4143
86.2577
83.5424
84.9572
77.9572
86.7318
115.104
88.9326
84.1006
115.335
98.3766
79.8428
79.4653
81.9499
88.1859
43.5501
80.9332
78.5914
86.1567
85.8535
85.013
79.5875
106.297
83.0664
76.1104
83.691
85.9396
88.8631
91.2815
78.5764
84.4152
112.372
80.407
79.6815
86.7505
108.876
82.9398
74.6769
85.7851
83.2759
85.1846
94.9555
80.4777
77.5239
82.3531
111.69
85.7066
77.6499
80.9951
84.2525
117.209
68.2987
77.2011
83.0402
85.2458
82.5059
82.4699
27.3117
86.0325
115.78
82.9603
80.8821
80.0097
82.9643
80.4254
79.1967
82.8567
78.8654
78.9186
115.829
86.1856
86.5504
73.6773
83.7638
85.5315
62.9718
85.7587
82.9031
82.5154
88.9841
83.3014
86.0522
90.161
86.9995
79.5736
82.0035
87.3408
81.4831
83.6966
92.5582
84.3829
85.3923
86.6148
81.0586
80.6223
79.923
81.755
83.2733
81.678
84.5685
83.4394
79.516
85.2318
107.021
78.2724
87.7057
87.105
86.3019
85.8598
83.2187
82.9923
85.1974
79.021
83.8429
84.5804
85.4897
78.5412
80.5398
80.9676
82.9063
83.7694
88.9261
83.2796
79.3554
84.4441
80.7321
78.2927
83.3207
115.592
81.0436
79.0237
83.2558
50.2168
82.3449
88.5233
51.5696
81.4069
82.8712
91.8343
85.5426
77.2596
85.9546
86.8292
90.9018
79.7671
85.3193
84.2499
84.493
80.9596
99.3282
78.5971
80.5387
83.8328
115.08
82.7888
82.7965
79.2296
86.0273
84.1078
84.6606
83.703
83.7098
80.586
86.6523
71.2976
75.6924
84.8554
78.7805
80.9391
83.5044
80.0082
112.411
86.1362
83.5082
83.5361
84.9787
85.822
42.9898
81.4547
79.7286
82.2922
83.1172
84.4276
84.3904
81.6933
84.1286
85.3411
86.214
84.7969
82.557
87.113
71.1445
74.263
83.1641
82.7793
85.1142
77.4507
83.3771
85.0884
83.267
102.231
79.0995
79.3188
99.5012
82.5105
86.5915
77.9768
78.1535
65.6143
84.8932
81.8585
74.1299
82.9871
115.535
82.7049
47.6169
78.3553
84.3883
116.642
76.8593
108.1
81.6895
71.7571
82.0309
81.288
84.6237
82.788
79.1841
84.2163
83.0325
82.99
86.4801
85.1495
81.1743
83.0067
68.5672
79.4422
84.8193
84.0603
105.308
82.6167
79.6005
82.8421
85.1051
80.9828
83.5159
86.6854
86.6339
86.1931
77.5391
79.4964
89.7485
102.075
68.5463
77.6674
84.2236
78.6297
83.5091
98.9359
79.2774
73.6341
80.0274
80.3467
97.3645
80.5823
63.2064
107.907
88.3263
77.2564
97.0511
79.8127
80.5156
84.8024
80.7124
84.2547
79.6973
83.0399
48.1426
82.8495
108.247
83.3115
82.4472
83.743
82.0155
84.6942
75.8538
84.354
74.2097
79.4081
93.931
78.9462
72.9044
84.2892
78.0221
83.2439
79.9267
88.2949
82.3972
52.6595
103.728
79.7451
79.318
100.988
85.3291
78.9824
83.579
86.2784
80.7887
75.3942
83.5526
50.0472
82.554
76.8573
68.5547
84.3786
79.1818
83.5023
84.6511
75.0001
69.6942
85.3891
85.1971
85.9614
84.1871
78.1414
83.4212
74.5651
70.4945
84.6657
86.8622
80.5733
84.4125
36.0698
115.651
79.1321
78.6588
84.7437
82.0963
103.043
86.2496
116.103
83.675
86.6229
82.6714
81.9118
82.9272
85.026
83.3981
79.9582
73.3796
87.6079
71.526
111.167
40.3201
85.953
85.6512
79.6602
49.1978
83.1803
83.1345
72.8667
85.996
88.4163
116.957
86.5196
83.9916
82.9091
85.8853
86.2812
109.765
83.3687
116.834
50.0954
83.572
104.026
84.7755
84.8644
79.2499
82.5883
85.9463
81.3283
82.1918
42.7108
108.027
85.064
83.4347
84.8398
80.0822
83.2295
85.5565
71.8575
67.4443
87.9031
85.4101
84.7575
84.6431
85.8804
116.359
105.346
80.0422
80.6495
46.4125
84.7513
83.7523
116.117
90.7855
79.3375
84.7891
79.59
83.3464
77.4049
85.513
85.3715
68.8205
78.9261
90.9086
15.0009
73.5216
80.3645
86.7897
89.8783
84.7603
86.2671
90.0865
78.2166
78.5041
84.8995
115.782
79.4762
79.9412
80.5889
115.524
77.1594
64.6765
85.4202
74.9977
85.9061
86.5512
82.9269
104.264
114.172
85.8678
41.0914
114.381
85.4214
86.4864
80.5678
114.539
52.0674
86.1862
97.4436
79.6582
81.1946
85.3804
115.408
114.463
79.3043
86.7758
85.0361
80.2527
83.0055
84.5745
78.0628
113.658
48.7708
82.8437
83.2472
83.636
86.8379
99.9107
78.7531
80.7377
113.843
84.5769
84.1151
85.938
113.471
114.276
85.9664
78.3981
84.9128
83.4158
80.0402
115.603
86.7688
86.1467
94.7563
83.052
116.406
112.837
89.4045
112.493
84.2331
77.1469
82.4192
83.388
84.8182
50.3893
116.704
86.2932
92.366
84.9322
80.0934
83.3141
86.2871
116.877
104.488
88.0487
116.06
87.3917
85.4986
79.888
114.74
78.3959
86.1706
91.9022
79.0843
78.5433
83.2447
87.2806
110.377
87.13
115.26
82.3311
92.4024
80.3619
118.736
85.0524
84.0133
84.3867
83.1808
86.8332
86.7789
85.8132
85.6786
57.1424
116.052
50.298
84.7071
83.0485
72.8788
86.4199
85.9172
82.7562
85.8718
75.9705
79.9283
83.8113
85.0295
85.9174
115.289
73.932
74.3835
80.5739
80.4429
80.9392
83.0887
87.5686
71.9014
73.256
73.0501
84.7134
83.5306
80.0961
73.7528
72.9133
85.5873
85.121
77.5803
77.9549
86.4226
86.4429
85.7441
80.5264
79.5413
78.7879
96.9098
81.6732
85.9021
83.0975
84.5965
79.7917
83.525
82.695
85.4143
83.3516
84.5836
112.492
117.124
80.2365
79.9103
85.2867
83.1668
85.4698
85.0028
83.1244
108.083
80.4144
79.5063
82.1231
79.7533
61.6966
81.4271
79.5873
109.045
89.2811
84.2859
79.7461
70.0315
96.301
68.5668
76.8583
83.559
115.967
88.9135
86.3631
81.8374
82.7122
74.9188
79.3008
94.3142
115.167
85.7506
84.0127
87.9801
79.1203
115.757
100.008
80.0935
79.3675
111.241
80.7013
80.0939
81.4247
79.5758
84.6708
83.8103
59.1817
116.145
84.8043
81.9789
84.3466
77.6113
82.6098
50.5888
78.7764
83.4641
84.5881
85.9462
86.6513
86.4478
74.5293
83.5006
83.1879
70.249
74.3901
83.3846
75.2917
80.2717
99.3147
81.6025
77.2024
73.9823
74.1759
87.7832
87.7313
71.5181
72.4129
112.66
115.631
86.9156
115.277
88.2168
115.312
115.398
116.055
89.0472
88.5386
107.558
81.0177
85.7446
86.5568
83.1635
85.4329
82.8157
113.573
85.1486
81.5576
86.0934
57.7933
79.787
99.5207
73.3157
83.9525
84.6629
77.9505
79.1791
80.6037
83.0529
78.1287
89.4374
104.908
47.8934
79.0334
80.8412
116.025
83.2744
80.7801
77.3979
83.1342
85.7452
86.7613
78.5981
80.2791
78.4007
82.8208
84.44
104.735
78.2965
83.3423
80.855
43.4673
88.463
90.1596
76.75
115.852
70.8551
77.1082
97.9998
114.645
66.2415
70.3425
77.4599
76.7928
77.2235
104.525
74.1928
77.1389
68.7618
71.8597
81.2533
79.5609
84.7201
83.0328
84.915
85.5754
66.6892
103.742
85.8613
86.5067
83.9701
84.4459
89.5658
89.4934
88.0409
82.0163
86.3656
25.906
51.0775
79.7103
79.1709
78.7827
79.36
79.063
88.2998
81.6192
81.8428
78.0281
83.714
82.2846
78.7944
80.0991
80.9736
93.8472
74.4821
79.6377
99.1958
128.29
95.5647
98.582
110.3
117.904
107.715
105.559
104.193
74.7511
74.5256
70.2359
71.0802
87.3376
78.7889
80.9579
80.8685
81.2362
75.1616
81.3717
80.5488
100.707
76.4852
115.252
115.073
115.829
)
;

boundaryField
{
    frontAndBack
    {
        type            empty;
    }
    wallOuter
    {
        type            zeroGradient;
    }
    inlet
    {
        type            zeroGradient;
    }
    outlet
    {
        type            fixedValue;
        value           uniform 0;
    }
    wallInner
    {
        type            zeroGradient;
    }
}


// ************************************************************************* //
