/*--------------------------------*- C++ -*----------------------------------*\
| =========                 |                                                 |
| \\      /  F ield         | OpenFOAM: The Open Source CFD Toolbox           |
|  \\    /   O peration     | Version:  v1912                                 |
|   \\  /    A nd           | Website:  www.openfoam.com                      |
|    \\/     M anipulation  |                                                 |
\*---------------------------------------------------------------------------*/
FoamFile
{
    version     2.0;
    format      ascii;
    class       volScalarField;
    location    "0.64";
    object      p;
}
// * * * * * * * * * * * * * * * * * * * * * * * * * * * * * * * * * * * * * //

dimensions      [0 2 -2 0 0 0 0];


internalField   nonuniform List<scalar> 
5794
(
95.8922
97.6759
94.267
98.4022
94.6634
97.3868
92.8176
96.5027
92.6889
95.6293
127.696
92.2347
92.2905
94.9093
97.8186
97.8912
35.6774
98.5667
97.7993
97.4758
95.978
96.678
92.0823
99.3025
93.7209
45.2943
41.6022
100.24
94.7009
96.9608
96.0438
88.2805
108.349
98.8004
92.8155
91.6245
101.465
93.7035
92.1885
94.2621
95.6307
99.0466
119.312
95.2863
97.7978
109.618
89.5312
98.2455
96.7194
94.123
98.3065
86.3418
93.2714
96.9567
97.7384
111.786
91.4296
96.3704
119.497
40.7574
107.336
97.6113
96.0497
87.9452
107.929
97.461
94.0964
94.0785
98.9723
97.725
85.4999
94.3824
21.0512
95.222
98.218
100.345
97.0642
51.0476
95.6422
98.0341
96.292
97.25
95.7587
93.4406
94.1733
98.153
88.6783
113.53
99.285
93.0526
116.668
91.3334
96.2083
95.5404
98.8827
85.2181
112.546
97.1085
91.553
108.236
84.2371
89.3139
119.438
96.4222
97.6558
96.6156
97.6375
128.816
84.6853
95.7506
100.028
97.8766
78.0073
96.8637
98.0318
94.3099
97.6674
96.8444
106.481
95.5708
96.779
96.5749
96.4983
100.254
97.819
125.824
92.054
97.6314
88.1897
127.513
96.8496
94.372
90.1989
55.1894
96.4336
97.7931
119.397
97.6294
98.4937
99.7282
94.7049
96.6025
97.8831
97.2359
98.528
50.2996
97.2342
117.465
95.1139
98.0025
124.15
96.8653
96.7738
95.3169
45.2756
88.907
93.8794
94.8934
109.177
95.364
97.7054
94.1014
99.6085
91.9117
84.6352
86.3253
92.8128
96.3682
99.9033
97.8342
97.5061
85.9665
92.364
94.1268
98.4169
91.7573
97.8453
93.2943
99.3123
88.7347
99.1255
90.1394
97.4851
110.189
93.53
43.9937
89.0023
109.162
96.3621
89.389
127.427
88.3978
108.368
97.3529
94.9413
96.0562
95.4162
99.6241
97.8496
117.676
92.091
85.4935
97.9051
94.6625
89.1761
109.264
97.2854
129.056
90.2298
91.936
95.8274
100.531
91.7834
93.9506
99.1333
92.8313
91.7095
90.9951
128.052
101.022
100.638
90.1738
115.335
96.7213
114.476
40.5001
94.4528
95.0952
94.8567
97.7518
92.7573
94.6545
97.4672
85.355
94.4735
51.0693
72.3255
121.922
92.4802
95.9815
97.5041
129.126
95.6106
96.0559
95.0299
100.139
97.8393
95.4912
113.549
97.4541
91.7001
97.4309
41.6694
97.299
122.894
89.8234
118.369
118.416
129.103
97.7898
119.784
92.0821
95.0226
97.1979
93.1256
97.4361
97.9754
125.264
97.792
108.715
88.706
96.4302
95.518
84.6087
101.997
97.8165
96.8821
94.5147
97.0641
91.4217
99.7531
108.068
95.5783
99.1422
93.9671
97.1184
90.057
99.3384
91.2033
96.372
91.8834
93.3232
98.3233
96.726
115.901
53.9033
95.7809
98.3505
93.9116
97.0863
97.251
84.523
96.3524
94.452
94.9675
123.735
97.1141
96.7358
108.017
88.1355
95.8997
108.563
95.1037
96.9339
101.429
103.551
128.774
100.048
84.5641
95.4818
96.6031
93.0191
96.6616
95.1368
98.0311
89.7105
94.9688
93.4198
93.7029
127.925
86.4849
120.604
95.6489
108.734
88.6106
95.9648
95.2371
99.7432
96.6964
109.407
99.3371
93.6879
91.2158
91.8902
97.9033
96.7864
112.238
91.8235
87.0583
94.0712
91.38
51.7162
108.833
88.9362
97.8823
40.6792
97.7968
87.5272
92.5033
96.2659
128.97
91.9001
120.394
92.4367
96.3116
94.8329
85.4474
110.373
90.1635
97.7839
97.2002
97.1523
94.709
98.3766
128.727
84.604
111.984
90.9272
97.3841
97.1355
95.3011
97.2719
101.845
91.6607
93.0281
99.1792
94.4555
92.541
96.2316
93.3882
96.8853
93.6152
97.6751
99.8392
92.7529
94.6474
97.7783
94.1161
97.7152
91.9785
99.2185
93.1676
47.8256
100.136
97.8927
123.198
93.5486
97.2477
97.65
113.164
96.7896
90.8439
126.892
86.1392
108.964
88.9303
97.2083
101.535
84.8766
112.752
91.5525
97.137
128.415
97.1348
91.8902
93.4641
99.0986
96.8562
97.3269
96.3336
86.1306
101.835
97.9438
78.9036
97.8192
97.5505
96.6763
94.6466
91.7509
93.4505
99.3515
101.451
94.4347
98.8006
94.6644
93.8647
98.2681
98.3506
93.8788
94.5369
94.9648
97.3956
86.825
96.5794
97.0388
97.3288
111.087
88.5189
98.5334
96.0902
96.7585
97.3712
93.6905
100.063
109.153
127.378
48.1064
92.8171
127.194
95.6486
97.3503
82.4057
126.862
94.7937
96.5014
110.299
64.4908
100.048
95.7347
97.3694
94.1829
96.6995
95.7473
94.9208
128.742
127.225
100.239
94.9975
52.1914
96.3932
97.2657
97.4109
96.446
95.6324
93.3597
99.8241
97.506
97.3249
98.2392
122.61
93.418
63.6189
103.679
89.1567
97.9935
97.3563
96.8509
117.424
126.912
97.2608
84.4286
97.1595
95.2957
97.3437
97.1884
95.8462
94.9057
97.3338
100.391
49.3421
97.1446
97.6572
94.2918
96.9064
127.133
97.7898
95.6934
99.219
97.4886
96.8033
94.5074
97.1927
47.0342
97.4564
94.6778
93.703
101.558
117.61
127.213
119.3
96.486
81.1188
97.3547
93.6593
94.8783
98.0602
102.001
97.1744
97.0249
97.6072
96.3074
97.0224
97.8285
95.2144
97.9915
97.9
94.0662
96.8797
97.5645
94.9637
24.6961
97.6011
124.498
96.877
94.4897
95.5226
97.7243
94.1766
97.4998
97.0296
110.019
86.4128
85.9391
99.1526
48.2965
98.7926
93.3324
93.3031
98.6827
95.1759
95.999
94.9849
126.534
49.3781
87.7111
112.776
96.9236
97.0629
91.4675
112.152
97.1487
97.9604
97.6273
93.8923
96.5838
104.608
97.2307
101.166
97.6251
93.6151
96.5309
110.809
98.1061
94.0946
97.2445
126.853
56.6553
95.4885
97.7318
97.6304
89.9978
88.3292
93.913
93.5904
98.8198
93.0934
122.218
127.586
116.556
96.537
97.3879
126.865
126.184
128.911
97.5385
97.8802
98.3723
94.6793
129.793
96.8812
96.0595
97.5157
96.9948
97.2157
97.7693
95.5435
67.7371
101.315
94.7652
99.9638
94.6567
119.895
128.244
91.2652
118.61
93.8744
98.8407
108.113
97.6948
97.679
97.8396
95.5689
97.551
93.4614
98.8649
122.935
50.0246
96.3493
35.5386
99.0398
97.2662
95.9293
96.641
95.487
97.3653
99.0928
93.3659
97.2935
90.2101
108.249
122.023
94.5202
42.7559
93.58
97.5372
98.3428
93.5419
94.8429
92.6938
95.8715
97.6323
129.301
97.0732
98.1998
95.3675
118.175
96.5667
97.3549
97.0112
97.333
94.8614
103.173
72.7875
98.4791
96.539
98.1739
128.887
97.3559
96.6274
100.569
96.9523
91.9939
97.066
118.525
95.0278
121.004
97.2808
95.1715
97.7083
128.21
119.714
96.9835
98.5611
91.8844
126.831
99.4429
103.125
46.4652
125.084
93.1233
128.983
68.753
118.056
97.2357
91.9804
95.0741
117.132
102.141
128.222
104.674
98.3817
70.3696
101.06
123.503
96.6516
93.7882
34.1288
126.966
91.3455
96.6693
114.05
98.4328
97.1145
92.8225
94.1333
97.0828
91.2252
110.232
93.2064
101.46
97.9302
95.3102
97.1239
97.3404
97.8016
94.2561
102.791
96.8742
98.8003
112.096
95.0768
74.4312
97.0626
98.9882
94.1343
96.988
92.348
114.99
95.2207
97.1084
91.9987
113.091
94.762
97.615
94.6082
97.6818
97.6998
95.7511
94.2966
97.4867
128.767
48.8833
93.7275
96.8867
97.4945
96.6778
92.9946
128.93
94.7859
95.9526
98.4159
122.924
111.701
90.9807
95.9563
93.9255
97.3268
77.3773
96.4533
60.9155
99.6056
128.854
96.3994
97.9719
97.8414
96.8327
128.377
129.565
121.937
107.888
98.6133
94.6093
95.7239
110.716
100.03
99.9383
91.8885
109.433
128.466
97.6183
97.0578
93.3491
116.372
49.363
96.9184
102.345
96.9137
94.8967
96.2182
91.3607
97.0785
111.515
101.077
97.3558
97.5169
95.015
99.2955
41.9997
96.1591
97.7106
93.6767
97.6614
126.915
98.5632
103.058
97.311
94.9714
108.729
101.524
82.0581
98.185
93.5111
98.7663
93.2442
124.954
125.407
49.6814
94.4257
97.3003
97.692
109.02
95.0574
95.5794
94.7054
105.141
98.5266
77.512
126.86
97.1679
98.829
98.5396
100.857
124.322
97.3721
58.0357
96.9642
97.4003
60.5234
111.749
100.457
94.5226
97.6057
127.803
117.932
97.5377
97.4363
91.7253
125.753
95.7435
101.432
125.34
94.0123
98.7957
94.1234
94.4288
101.323
94.8197
96.3155
97.3162
94.7006
96.9493
97.3287
97.6603
97.2708
122.894
97.3815
101.249
97.077
94.0471
93.3848
97.4522
98.42
126.947
127.16
58.1067
95.1532
95.7
101.567
97.3434
53.0906
107.65
87.6796
121.53
97.3715
91.0666
99.1128
97.5769
93.5676
109.041
95.4918
95.3909
94.279
97.3052
97.8697
121.205
97.878
98.2161
113.382
91.6299
97.1842
97.0783
115.611
97.6624
97.1554
94.8414
96.978
88.3439
128.443
113.223
101.479
97.2441
81.2955
97.3588
96.5365
86.536
46.4085
101.918
93.9109
105.406
98.1761
96.4637
94.254
97.6534
93.2199
98.8873
97.569
97.5544
96.5646
97.8756
97.0653
97.6847
97.6846
101.248
98.8619
102.111
97.1188
96.9834
113.417
101.816
95.5988
97.5497
93.5711
97.4809
127.793
103.75
93.7839
97.7698
93.9043
126.797
97.7268
101.514
96.4919
97.9725
101.505
74.5305
100.742
90.5637
106.652
97.3135
102.193
96.3644
98.1392
114.487
74.4376
98.0755
104.553
97.9576
95.5824
97.2125
97.5706
106.527
109.804
46.8616
83.084
99.703
97.2239
97.601
97.3553
90.1578
107.609
117.731
97.6469
96.691
97.449
95.0336
101.728
97.5987
99.7859
98.4073
101.128
101.814
102.891
99.9383
97.6287
95.8571
94.7839
99.7893
126.942
97.7272
101.408
93.4638
97.1705
95.1511
97.1955
93.9218
128.683
97.2224
128.995
97.4416
103.303
128.8
97.7683
93.972
113.937
97.246
99.3418
94.2669
97.3245
94.2354
93.1059
97.0089
97.5516
93.293
97.2529
97.369
100.763
97.6861
97.2497
98.6124
93.5948
91.9803
100.61
109.633
107.474
93.8033
97.4719
97.2844
97.6632
94.3229
99.2474
95.7682
97.0313
97.3354
122.064
97.3551
94.4278
96.9664
126.674
97.0088
86.3651
95.1223
97.2214
102.336
94.9658
98.4972
93.8305
97.6743
101.146
101.676
97.0026
102.185
97.2875
97.1106
93.6496
97.4715
96.9164
94.479
98.5341
127.911
97.5921
55.8957
97.1772
97.0727
97.7039
101.383
98.4481
105.625
98.302
96.3987
100.302
107.872
88.8865
94.679
97.4678
99.2444
94.1535
96.9099
94.9869
101.519
97.8269
98.2057
123.499
117.453
96.1671
106.449
105.448
96.4934
97.89
92.1633
97.3486
33.086
101.781
97.3169
98.389
126.852
127.113
98.3639
97.7476
95.621
94.6477
94.0106
97.4716
93.5604
94.0063
95.4731
98.7149
94.0636
96.5538
97.6897
93.8273
94.0882
95.3698
98.4254
97.4375
93.5272
96.6833
90.1606
94.3594
97.3325
107.385
108.474
102.605
99.3603
101.375
107.24
97.4432
94.4265
98.0428
108.964
104.082
97.3726
96.2339
119.474
95.886
121.519
96.607
93.0101
107.023
94.0319
119.993
110.334
97.3567
93.7368
101.661
116.114
97.3149
97.8661
97.3443
55.8597
97.284
97.1189
93.3405
97.1141
97.9957
102.354
95.9916
120.301
97.9591
94.828
104.868
98.094
87.5643
97.0621
97.6793
98.7025
93.0827
126.65
128.115
94.1489
101.576
97.2762
98.3442
96.7437
88.1358
108.12
129.33
119.069
102.035
94.6495
97.0204
100.055
96.9881
101.384
96.4074
92.565
93.6717
97.6804
98.0792
79.7271
95.6181
53.944
96.4271
97.3254
118.228
102.416
99.8475
97.2883
100.921
94.3458
98.1777
97.5102
98.5003
96.7452
97.316
93.6702
94.2375
100.083
97.2649
98.5222
95.2764
93.2063
80.8676
93.8325
122.537
100.719
96.3777
98.2725
97.9999
113.182
92.5984
96.9954
96.0568
94.6861
128.298
51.1012
94.2723
96.6964
97.2869
86.5594
98.0935
96.418
94.6901
97.6308
94.0371
94.1613
96.6628
95.7983
98.5224
98.0727
97.1078
101.346
95.4674
97.5824
96.3296
114.931
102.117
128.064
127.529
93.4551
97.7689
96.1837
98.2011
128.829
94.4031
92.7744
97.2702
97.6242
98.0057
97.3851
93.2912
96.9025
92.2035
97.2286
96.1032
95.6931
39.267
93.5878
35.4946
48.2772
94.1754
101.185
97.709
95.996
99.2393
94.2003
96.8791
95.0574
98.1002
87.8977
107.839
107.064
97.6882
98.9208
91.1151
88.0497
94.6855
97.912
96.5554
128.126
97.0751
95.5628
97.2279
97.7297
96.576
116.785
98.5529
94.8419
93.2842
98.4387
92.6326
94.6959
96.4333
97.6905
101.444
95.6094
133.686
127.749
97.114
40.808
128.356
98.1351
94.3457
97.2796
106.777
97.3854
97.5013
96.957
93.7125
11.9145
102.157
97.86
89.2665
113.855
55.9011
118.159
94.032
96.8127
97.4008
96.6156
98.2524
93.811
94.6001
97.3531
94.071
98.3426
98.189
95.0985
93.8352
96.7958
97.4519
98.276
93.8615
94.3342
97.9312
93.8021
95.4615
96.9441
97.471
97.7376
98.5864
93.4952
95.0902
96.5066
98.2575
96.6467
93.831
95.0336
97.4215
96.8473
97.3664
96.7412
98.194
93.9504
97.3723
98.3969
96.5085
97.5317
94.932
93.8121
91.169
91.8541
55.8433
97.5707
98.4658
105.836
96.6269
94.6963
97.2216
97.3511
98.3773
97.1537
94.3831
97.1221
50.9217
92.3347
94.6368
94.4475
97.1983
97.2115
97.8717
96.5498
97.4375
96.0897
98.1949
94.1809
93.6079
98.511
127.042
95.1977
96.1111
96.6536
92.7751
47.5308
97.2523
93.0329
96.64
110.356
99.766
94.1382
93.6533
95.0136
123.216
94.6071
94.3504
94.6834
96.6609
100.93
100.196
12.7719
97.2786
95.7431
97.7856
98.0952
96.0187
97.1012
142.939
97.9012
97.343
98.2261
94.7461
93.8678
96.6555
94.1333
98.3028
97.4541
96.5369
98.3187
93.831
94.9726
97.6027
93.7794
96.5196
93.8328
95.2131
97.466
98.0802
96.8935
96.8372
94.0741
97.3929
104.072
93.0662
129.191
113.202
95.8046
100.931
94.5949
97.3209
123.061
94.9606
94.5999
132.882
96.6193
95.7316
97.6125
96.827
121.481
95.3118
76.7275
96.0159
98.2235
97.3213
99.5512
102.097
97.1098
99.9548
101.844
97.8165
98.13
94.8574
98.1704
97.6154
97.1524
96.2915
90.2483
98.2731
95.5497
97.5305
95.7122
96.5812
97.6673
97.2904
97.1014
97.7256
97.767
99.0476
97.2086
96.7251
101.867
97.0232
90.8276
97.407
94.3834
84.6296
97.7203
101.515
110.69
97.7086
125.856
93.338
97.5201
97.9605
94.3777
99.216
101.781
97.2192
98.4692
94.7586
94.4235
97.0408
95.534
94.3684
97.7633
96.5351
95.0521
98.1198
98.1085
94.7326
100.128
98.3161
98.85
90.0895
95.6918
98.5269
99.4506
97.162
92.8919
97.3378
93.7515
96.6842
97.9121
120.063
97.3785
93.7826
92.9217
94.3834
96.3911
97.2645
97.4987
94.3564
95.1363
98.2653
116.563
97.4331
98.6665
100.061
93.7919
122.464
121.849
95.3672
96.6646
92.4142
103.481
98.0454
111.575
98.6368
145.488
94.0047
90.5402
108.431
119.136
91.85
91.2973
95.7241
135.172
95.5044
112.231
92.2192
135.689
96.5965
92.9286
31.0347
94.2879
94.111
96.4299
97.3446
96.5339
93.7732
99.4225
96.5137
97.4651
93.9503
97.4387
97.0363
93.1013
93.4687
97.3942
93.3708
96.3557
97.0982
97.3508
98.1963
93.7081
94.2093
97.7235
93.8004
98.8713
98.7709
99.0315
93.8596
93.3056
93.6345
45.4256
93.2396
96.2099
97.4475
92.4582
97.5794
97.0029
95.4644
95.9238
98.2379
97.8589
97.5943
92.4902
95.6683
92.2782
92.1133
97.3099
91.8605
97.4052
94.7903
94.8926
93.6494
124.495
95.0816
94.258
98.4568
93.8704
97.8858
92.2717
97.8935
91.6639
98.3732
97.6424
93.9191
91.9206
97.5375
92.1852
97.9049
97.5756
111.64
97.5606
90.6206
88.6813
93.0706
109.262
84.8035
97.5068
111.311
109.561
89.2237
85.835
99.5434
97.7492
84.4983
107.937
113.889
97.4495
92.6528
111.488
84.4836
110.507
97.6641
97.6589
97.7831
88.1699
93.295
51.8559
97.6436
92.8918
93.1186
97.5139
88.1663
99.5589
93.594
109.383
108.046
91.5522
51.398
84.0735
97.7718
84.2276
97.4179
92.4373
91.3849
99.4203
111.101
93.7442
50.6623
91.4404
92.481
99.3611
84.2382
47.0975
97.8214
149.614
84.9319
94.0673
91.47
92.4152
97.8452
95.9556
108.014
88.0777
85.1851
46.7145
46.586
93.4185
92.2387
93.8255
94.9255
94.0159
99.0177
99.8503
88.7284
96.4958
93.782
97.4978
127.633
91.8188
94.1191
94.519
92.0457
94.0655
97.8323
96.8416
98.0323
93.7201
97.313
96.7689
98.2256
98.7637
91.6013
92.649
97.8489
94.6018
93.9675
93.9014
98.477
98.5871
93.1163
92.0992
97.5984
94.2541
97.8294
96.7225
88.2176
108.179
96.9441
91.9698
97.3204
94.1437
98.3955
98.5097
93.2999
98.3872
98.7983
98.9237
92.1476
94.182
96.2871
45.8659
98.4164
96.0397
98.5787
98.4097
94.0854
94.92
94.8216
98.2532
98.1512
98.4759
98.9007
98.6523
94.2032
95.0898
98.2991
94.7036
98.3836
98.2944
97.9673
98.1562
95.1595
94.999
94.9097
97.7965
98.3706
97.4816
98.6717
95.0834
97.2293
97.1222
97.3571
93.7552
96.4158
98.3307
88.3643
96.683
108.251
92.4725
97.1844
97.3186
98.4202
98.3668
127.884
88.1061
92.2252
95.8666
98.4305
93.8751
93.0505
98.8339
91.7772
98.3503
100.032
98.3715
44.1587
120.069
99.1227
94.6118
92.6815
97.8376
93.7146
96.369
97.272
128.101
92.5591
96.3164
93.8625
100.225
93.6848
96.392
97.2425
109.2
89.3802
96.088
128.303
89.0982
92.7978
96.4908
94.1545
42.0467
119.933
98.7317
92.2549
95.3838
94.6863
97.8845
95.4375
98.4522
89.3609
91.3434
100.421
93.7181
96.4238
97.268
95.2303
94.5189
98.9152
128.158
89.7649
98.1434
42.3257
47.6268
95.0609
119.983
93.6702
96.7408
94.9175
94.2331
97.8173
97.9404
93.6167
89.9534
100.335
96.5508
91.6731
111.4
95.126
118.536
92.7477
96.4488
98.3574
96.2389
96.3076
94.2998
94.5394
93.8289
93.9127
98.5168
92.6565
94.1949
97.8321
90.0806
100.309
93.7288
96.5128
97.2822
91.2993
111.252
95.3989
128.326
93.0301
92.7282
94.2897
92.7511
96.4682
95.0984
94.9315
98.2057
45.4231
94.9574
104.419
94.5116
99.6399
119.934
99.1121
96.9603
99.0573
94.7164
94.816
92.8268
94.5214
90.5857
98.182
97.8899
94.6646
103.975
95.5079
98.1481
94.7121
92.501
92.9185
94.2736
98.4505
98.1017
100.389
93.8099
96.6514
97.3833
95.9837
97.0512
95.1555
97.0672
98.0865
98.7318
122.738
97.1616
97.6009
92.7516
96.4657
94.8366
98.262
41.1948
94.7445
97.062
96.3554
99.4539
100.694
93.0569
93.7375
99.506
94.5679
97.6528
93.3138
92.5705
94.2586
101.95
98.3931
98.5817
98.4357
98.8351
94.7034
93.5183
93.6427
98.7792
92.9175
95.7924
94.6389
96.2159
94.5426
97.8811
98.682
129.082
98.3756
98.4018
88.4426
92.4304
94.2305
93.9138
91.0226
100.52
93.9177
93.9681
94.0101
93.0209
98.5636
93.7648
96.6509
97.3613
98.3118
98.3465
98.2596
93.34
113.307
95.5144
99.4116
98.0401
94.6854
98.2196
94.7636
94.8751
98.0233
95.364
98.0336
93.1543
102.598
93.1427
94.2651
101.515
97.6518
122.107
97.8802
98.4354
94.9979
128.44
95.0687
92.7992
96.4992
94.5961
89.2426
94.806
93.7111
97.62
98.2463
93.0194
93.5438
95.9939
93.5527
96.4392
97.2458
127.339
94.6671
94.5174
97.3948
97.2477
94.3547
98.4173
98.4815
94.2467
92.9338
97.7586
100.217
98.39
98.2388
96.2519
92.7074
96.8974
94.7435
93.4522
97.6758
94.5017
93.8326
97.0513
119.948
120.848
97.5904
93.6609
98.0277
93.4291
120.22
97.9416
94.7005
98.8005
94.6664
121.11
93.8782
97.9519
91.3574
91.9951
93.7712
94.2444
99.2183
98.477
94.4407
99.6053
93.5583
99.9318
93.8727
97.581
128.196
94.0313
98.3898
96.0165
94.3323
95.1022
94.8244
98.1338
95.7994
97.8946
94.5593
93.9116
94.0389
93.7832
101.339
94.5691
97.8912
95.7445
94.8418
97.9562
94.6941
93.8315
96.7748
97.4312
94.908
83.0497
94.4223
93.6364
97.1268
96.7287
92.1845
85.8901
97.381
99.4504
98.758
94.9956
94.4077
100.662
94.5834
97.685
95.5195
95.4213
97.6654
94.1392
105.71
99.3168
131.367
93.6353
94.9046
96.9583
97.4252
94.3886
99.6296
93.8648
96.5061
94.3057
122.852
92.3653
112.722
96.222
97.3302
98.8057
92.515
94.8264
95.0129
109.62
95.2622
99.6362
105.173
110.313
98.9351
97.0522
94.1586
93.8782
96.5203
97.5607
128.544
88.5629
93.9128
89.9663
95.4269
54.127
97.8304
92.6449
96.4303
95.0025
98.6742
93.5389
85.4407
96.7864
97.6392
94.3587
97.575
97.4673
96.3109
98.6635
95.9674
92.6548
45.0474
94.8794
98.0071
114.496
95.4026
85.628
98.345
39.0105
106.563
96.5299
97.7637
97.0679
95.1102
128.029
94.6698
93.8998
97.3477
135.787
95.0359
93.8783
98.639
96.9979
94.2864
97.6976
98.3267
98.549
95.8083
97.5847
94.4131
121.168
92.3273
95.1324
93.3052
97.324
96.1749
98.5202
98.6487
96.7926
97.8425
94.9621
139.916
98.1649
95.4067
94.518
94.6196
94.9787
94.3709
126.921
98.7198
93.9277
98.9968
98.3138
72.7834
127.47
98.6254
98.7862
99.0597
97.6802
103.482
97.3573
94.4903
93.5983
101.407
92.9006
94.2988
92.6711
97.5384
95.5053
104.023
95.3573
94.1113
95.7323
89.4884
94.095
93.7642
96.4724
94.3006
97.7351
95.7499
97.4007
97.1637
97.3554
99.652
95.7171
94.541
98.4001
93.4045
97.0747
95.7272
104.75
96.6116
92.775
98.7767
95.4674
93.6728
98.3243
99.2194
100.24
101.337
93.7905
96.8079
97.4116
79.2504
94.6766
97.1218
99.2256
93.4446
116.312
95.9903
92.3437
93.8532
105.509
91.7335
96.1614
93.0498
97.0118
97.9934
91.9169
114.704
90.8811
94.3426
94.2833
93.5511
95.3557
96.5417
99.0194
94.791
96.6988
92.0291
113.413
97.7138
97.5985
96.8625
93.7826
96.7793
97.4199
93.8222
97.1855
93.8402
98.1705
97.5565
98.4741
93.8678
97.7671
94.4014
93.8265
94.7125
95.412
97.1642
97.0782
98.3824
95.3637
96.5792
93.796
96.8464
97.4351
135.757
111.43
94.504
94.799
104.226
112.36
111.832
98.4031
99.7947
97.5502
94.6949
98.4506
97.5604
99.2424
127.708
94.1975
97.6335
95.8451
89.9702
109.862
97.6491
96.6713
95.5656
93.6207
98.5236
94.0056
97.3738
91.9225
49.9418
73.1093
97.5081
92.6576
96.8513
92.8773
100.243
97.8196
104.521
97.8346
119.533
94.6011
98.0296
95.2944
99.3458
97.0055
97.736
93.9408
94.5142
93.7633
102.463
98.3582
98.1888
96.7363
126.973
97.6944
94.0964
86.6836
95.3041
127.06
128.045
98.4656
95.0337
96.8902
97.3265
93.0047
93.7324
21.0328
96.917
122.597
87.4002
99.3764
97.3597
94.821
127.088
91.9321
93.6547
96.8669
97.419
98.5765
118.305
98.0069
92.7159
97.2055
95.3162
97.7229
96.8731
97.1274
94.334
101.27
127.336
106.852
98.6673
98.6652
97.692
94.4717
94.7513
97.7016
97.7258
96.1908
97.2173
97.3121
97.4678
98.9205
97.4764
121.077
97.2971
97.2303
101.266
94.1117
44.1844
94.5332
97.7321
93.7424
96.8511
97.4267
108.877
96.9016
94.9505
93.4674
94.7101
98.3128
97.1786
98.5619
98.3524
97.8724
96.9412
94.8724
97.0479
96.055
96.3833
97.5964
94.4826
93.8326
95.967
98.5551
99.1126
98.2036
94.9153
96.9993
101.315
97.7689
96.9301
94.2067
120.916
122.697
93.4301
97.4201
98.4896
98.1329
98.8407
93.8425
94.9376
94.2091
97.6194
97.115
104.363
98.8488
93.882
94.1898
99.2827
95.6763
97.0056
88.8474
99.5467
95.0766
114.193
97.1564
94.5456
97.7114
97.7458
93.9065
92.442
94.2922
97.653
94.1308
96.8478
99.1658
83.7998
103.801
98.3442
95.2144
99.4389
94.2565
99.3968
97.3481
94.4188
101.589
101.33
98.8903
93.9785
98.0823
97.3602
97.2753
94.3666
97.4357
93.951
97.3188
96.8634
97.2743
97.2679
97.8327
97.5816
94.6751
95.3024
101.876
93.4644
96.9689
97.6467
99.2891
98.1101
97.8287
94.7157
99.2657
94.3892
97.4776
95.6855
127.483
90.8481
37.6098
94.6047
96.3445
94.7812
95.3352
94.3216
96.8814
97.3727
97.5986
96.8877
97.3073
101.503
94.5523
118.821
97.3394
97.5639
94.8398
94.0178
119.829
97.0508
97.1426
98.2802
97.0482
119.236
93.147
95.2317
98.133
92.7795
128.852
100.357
93.9019
97.8795
109.943
84.503
94.5847
94.127
97.3358
97.8902
94.5194
93.5293
96.9565
97.5678
94.2604
97.4141
93.9587
93.7043
94.8253
98.5193
97.9297
96.61
94.7969
95.1929
97.4414
97.0887
97.3523
93.8332
94.3328
96.6944
99.2838
89.7356
97.4642
118.098
93.8984
95.2887
93.6023
35.231
95.4489
124.439
97.7878
93.8546
93.4095
98.1197
98.7343
97.5446
94.9378
97.2845
97.0514
98.2703
97.7628
120.536
96.5517
88.9476
97.7197
95.7888
129.305
98.2031
93.4525
97.7308
96.7606
94.3632
99.3548
98.7161
95.9293
93.5444
96.8758
97.377
96.8533
94.025
97.3456
98.7239
96.4771
84.2782
93.5819
92.6583
96.4538
56.3675
101.612
110.446
95.7214
93.8443
127.496
70.6343
114.112
98.7582
93.5802
96.8746
97.3909
99.5201
105.597
93.0682
96.4675
97.2968
97.2092
100.293
121.633
133.36
91.9889
113.731
99.7828
126.767
97.4708
94.2396
97.3471
96.184
92.697
98.2584
113.175
99.3559
97.4387
98.5085
97.0276
127.349
94.4985
114.518
94.0872
96.1424
96.5347
92.8338
97.6799
98.0386
96.6868
93.7769
97.349
97.6072
94.8083
98.3825
94.0168
97.4284
94.4702
97.9405
95.5898
102.255
39.8357
126.956
97.3263
97.1755
97.6772
99.4484
98.4186
97.5235
94.2712
96.6495
99.144
94.178
95.3963
112.549
96.5831
90.3864
111.384
95.8447
97.6132
97.6783
102.092
34.7476
95.5726
87.954
107.903
93.2356
94.6385
103.031
101.153
94.7171
93.6649
96.1718
93.2135
129.067
97.2838
93.4588
97.2879
102.684
43.4913
95.3942
99.0269
94.0882
99.5197
93.8353
91.6529
97.2597
111.526
95.249
97.2824
98.6374
119.214
97.3708
98.9092
95.8966
96.2512
97.7204
96.0374
97.2146
97.2838
97.6052
97.0821
110.985
96.8826
110.389
93.6959
94.2875
96.9157
94.4418
128.687
98.2218
97.7983
104.597
114.969
95.0022
96.1375
94.7386
97.5703
96.2667
93.3432
126.208
94.3051
96.5032
98.3959
95.0766
95.655
125.541
126.747
97.9518
94.5536
96.986
97.5382
97.7286
94.6463
91.5437
95.3298
96.8665
97.2241
97.5793
97.4762
97.9446
80.7438
93.8729
126.583
96.9323
96.3758
99.3671
94.1316
93.0324
121.353
98.2217
97.7374
119.48
97.2206
116.293
110.187
96.9624
126.047
98.62
126.806
96.0605
97.6519
96.0601
104.009
96.6328
107.674
91.8131
102.756
27.9474
97.5263
125.201
93.7813
106.374
94.0111
107.452
95.9016
125.833
126.674
96.0751
111.739
94.5705
93.0955
97.0156
97.8242
93.7035
99.4396
107.971
97.1049
109.747
108.23
96.9117
97.6286
95.2285
127.957
93.2935
94.3917
97.8478
101.406
97.7647
101.666
102.004
97.0968
111.533
95.5325
99.3128
92.9974
92.8341
97.3163
109.851
127.118
97.6695
115.428
106.865
92.072
97.4824
97.4625
97.72
97.0324
97.7219
126.856
101.059
93.0574
94.9575
92.6361
114.695
91.0771
97.9786
96.7008
93.2518
93.4574
99.3288
95.4491
94.2854
99.2311
94.6282
97.6524
99.0839
96.1494
98.3505
113.935
103.556
94.6308
97.7176
97.7512
96.6455
109.021
93.8139
96.7976
96.2364
97.5198
95.523
91.0102
93.3026
48.1605
97.1978
97.1983
102.166
96.8456
93.847
97.4108
126.549
98.5887
119.711
97.17
98.4139
85.3104
93.8488
97.6935
99.9631
96.383
105.437
94.2889
114.403
96.4807
96.8601
97.2885
94.2721
99.9902
94.8775
55.9062
55.0673
94.0629
99.8186
94.9805
95.7558
97.426
96.9318
92.7867
97.9322
97.237
93.7536
93.1832
93.7272
94.8131
92.6676
96.5896
129.035
94.3573
96.7868
91.0981
94.4652
107.42
99.3386
94.1288
97.0998
94.5536
115.951
95.4528
96.6693
97.043
92.2465
45.0697
96.8847
97.8417
110.688
127.441
97.4609
94.8856
97.6245
97.0177
96.0647
95.8969
97.6852
94.5631
97.1033
94.9636
96.7542
93.8226
97.3664
94.8087
97.9812
93.4943
112.221
97.747
94.3929
98.8398
97.6555
95.5852
96.5051
96.7228
107.86
88.0008
94.8592
94.3959
96.8183
97.7673
95.1915
92.2928
91.474
103.639
99.9437
114.516
124.019
144.866
94.9323
95.2796
129.263
92.5687
97.8892
97.7902
123.905
98.7054
100.739
10.4868
101.751
96.5853
95.7121
97.1003
96.8771
97.404
93.8005
97.893
96.6568
90.0789
97.9454
95.8859
100.794
94.3307
128.768
93.8744
114.77
92.499
97.9766
93.3974
96.846
97.339
96.9385
91.9132
96.2192
94.2105
93.8243
35.2232
116.345
94.6997
98.3796
97.6677
97.9798
93.3343
98.6188
99.4629
90.3195
97.8112
97.797
97.6728
98.1453
95.0021
94.122
95.093
99.1521
93.4742
120.623
97.4003
96.2498
97.9314
97.4532
102.122
108.795
99.7576
100.919
97.0505
90.845
94.5393
97.4932
92.078
97.1936
99.3321
95.5279
93.8919
96.0352
128.887
96.8837
97.3096
128.437
98.2427
94.8999
97.8748
83.9724
102.881
102.657
97.3191
100.096
97.3596
100.179
100.307
103.567
101.714
97.8123
99.1265
95.7608
97.8851
93.5238
106.577
97.3724
99.8561
97.5177
94.2003
94.2629
102.344
98.3248
99.2716
93.7635
97.1992
98.0766
93.8425
97.358
97.7962
99.9002
48.8843
93.2308
96.8741
97.3139
94.1038
98.34
96.6642
93.8179
97.3104
96.827
93.5973
97.3193
125.524
97.8984
97.5565
95.4671
94.6885
94.1143
101.037
93.2176
94.3506
95.9147
94.1757
96.3176
97.2936
95.3311
117.227
114.102
94.1979
95.4597
95.924
97.8044
97.4718
98.7936
93.6715
127.513
102.802
92.2319
118.539
96.665
95.6806
92.2116
99.0783
99.1369
84.0382
97.2694
103.315
93.1252
97.6021
95.0805
100.046
94.8953
89.2257
130.977
92.397
95.1985
98.0636
97.1397
97.0791
116.832
126.348
98.7344
99.6512
93.6054
111.784
95.8557
92.2946
97.9698
98.3971
93.7443
93.8974
98.1491
92.4367
94.2211
98.1076
94.6951
87.9598
107.87
97.5724
97.2791
94.0492
96.6677
92.9548
103.96
97.1464
93.1806
98.2059
94.2733
98.5386
97.3365
101.343
94.3128
18.3456
99.7345
94.1199
94.18
97.5021
93.931
98.1972
92.1028
98.1399
96.6962
97.444
97.4879
97.7251
126.207
94.453
127.327
97.9108
94.6327
97.0205
99.0936
95.6058
93.7414
53.9401
119.861
101.563
97.2717
95.9277
94.2095
86.269
90.2403
94.7826
97.4278
101.6
101.248
95.242
94.7586
45.7614
97.4196
93.712
96.8875
96.2889
92.4564
94.9167
98.2653
93.7779
52.406
98.0497
94.4151
95.8895
97.48
96.1614
92.29
93.0324
97.0844
99.9092
112.256
97.6973
97.9307
97.1785
98.4657
92.7441
91.2068
97.1342
129.24
120.441
98.1172
84.0686
94.9325
96.8594
93.5696
97.3246
99.7206
119.696
97.251
102.969
95.8787
96.2704
94.7125
97.9672
101.47
94.1848
114.271
97.0431
90.6949
96.5402
97.2548
128.901
97.6444
92.5763
93.4031
97.9061
98.3944
89.0896
43.7702
110.999
94.2179
98.5578
92.3795
94.2102
97.9224
94.1622
97.0776
97.7909
97.2375
97.455
96.9518
128.449
96.1227
95.7074
94.1388
98.4597
51.6647
93.9402
91.6195
112.377
96.954
99.0822
97.5092
101.518
93.2417
97.2975
96.8965
92.8922
97.919
94.6747
92.8732
126.538
98.4314
98.979
97.3164
96.4786
93.31
91.5626
100.211
99.9908
93.2851
97.8602
97.5493
101.843
95.9748
97.6127
118.523
69.0252
99.926
54.0262
97.8334
94.3831
87.383
86.0245
97.5241
98.03
78.656
98.5105
120.558
97.6013
90.3601
114.547
125.619
118.665
100.048
98.5631
94.9511
95.0054
92.2774
85.0119
91.6844
93.5806
99.4293
109.13
108.728
103.273
92.1048
99.1664
92.3612
101.749
97.4581
97.1253
94.9148
97.1336
95.7599
126.471
92.1588
92.2014
92.3274
101.256
92.9595
94.4466
91.4785
97.7761
96.6264
93.7626
97.3046
95.8586
92.1674
99.7338
94.6814
97.7189
89.3599
92.9715
94.2256
94.1969
94.878
109.87
98.4367
94.9964
95.0518
98.4748
115.584
123.594
98.538
96.8582
117.728
96.2231
103.489
97.8008
95.7646
96.4484
97.2213
97.1687
97.5692
98.3895
93.7145
97.2034
97.9699
127.991
98.7093
96.9901
95.0776
97.2941
94.6554
97.027
88.7939
95.4185
97.5762
101.161
122.609
94.3951
93.3085
96.2588
92.3748
99.7589
94.8072
98.7296
99.4108
97.8042
97.7148
95.1729
98.3727
50.9647
94.2991
127.043
99.1228
97.992
99.3575
125.103
94.4171
53.0368
101.899
97.5532
97.5791
97.7816
96.9159
97.5951
97.0402
93.3587
97.701
92.7992
97.0206
97.5301
94.347
98.891
101.969
127.62
98.9898
95.0459
96.3098
98.6578
97.7037
94.2875
108.429
88.5024
93.9068
101.33
95.1652
99.8684
96.0725
101.348
120.13
96.9428
97.7991
98.0229
93.047
128.962
91.2316
97.6181
91.6836
92.8528
97.8817
98.5978
98.1233
127.592
103.138
97.4576
96.9854
92.9052
101.766
97.1753
96.1631
92.367
98.7218
97.1983
96.1118
44.7368
98.4671
95.1386
112.317
128.801
94.442
94.9091
96.8928
127.047
96.6504
99.7152
93.97
35.9003
58.1816
98.8111
47.4259
97.2673
34.8671
93.4518
112.644
95.4277
93.8986
97.6559
97.6375
97.6107
97.6214
97.3127
97.2256
97.392
97.4629
97.6781
97.5286
63.2397
98.5833
98.2338
97.6525
97.9023
56.598
98.9357
96.7328
93.0734
95.6276
94.4472
91.9783
69.1117
49.2249
91.3921
78.8909
74.0875
91.5866
99.0132
94.8528
95.6206
95.2772
94.4835
95.8687
97.5899
95.7778
97.4925
97.7021
95.7548
95.4186
96.3281
95.3229
95.779
97.5394
113.992
115.214
98.7827
99.1504
96.5141
92.0602
95.5573
101.315
113.703
117.881
107.014
104.208
121.72
125.631
129.57
128.381
94.6379
98.4962
93.9679
93.8069
97.7155
98.3049
92.1371
98.1726
99.1758
97.7261
97.7471
78.3182
97.8767
97.7631
97.7749
94.1038
120.875
119.838
96.7957
96.7955
93.8687
97.3429
97.0229
97.2432
99.6153
128.921
101.692
95.7458
97.6582
93.3883
92.7785
95.9712
109.56
96.7044
92.9503
98.071
97.7789
97.5481
96.0666
96.8848
97.8695
94.6922
97.0831
88.1991
108.173
98.7422
93.3225
97.3266
78.1415
96.4147
94.9859
89.8253
98.0334
37.7467
97.2906
95.8121
97.8906
94.6431
97.0258
97.621
96.9347
94.6298
98.2211
98.2516
112.203
97.9342
86.9671
94.5816
97.8374
94.117
87.937
107.846
113.386
93.8549
97.4458
96.8581
124.431
95.7412
97.7365
117.119
94.8146
95.0431
97.3854
51.5994
97.7321
89.9336
95.581
109.728
94.19
94.782
98.6383
93.2458
93.9493
99.4433
96.6137
94.2826
99.1089
96.8539
97.875
96.9463
93.808
96.4831
97.3337
98.3295
78.4728
94.8313
94.47
97.6807
97.0408
94.3048
95.8187
97.9208
95.7792
97.8167
95.3818
98.5982
127.578
92.9782
98.2839
97.4732
100.304
96.6801
94.4205
94.1499
96.4101
98.9788
95.3684
94.3441
99.3061
90.2525
95.094
98.2097
127.989
95.6066
89.805
101.452
95.8143
97.9213
95.7972
97.8846
94.8017
97.4337
94.7863
94.2299
97.1042
109.075
104.438
96.9797
94.1454
52.2912
94.3226
97.6999
94.3298
86.5052
94.2508
98.115
96.0424
97.7183
94.8738
94.593
98.1988
95.555
94.875
97.7381
97.3641
92.3754
96.3332
97.9842
92.7411
96.3763
106.728
48.2727
126.958
97.0758
118.909
101.424
92.8586
98.2585
95.9786
97.6487
97.5672
99.0065
96.736
108.306
88.4387
99.7112
92.6066
97.3283
101.791
96.0905
96.0767
94.4641
98.0963
98.9504
57.3485
97.6355
94.2149
99.132
92.2255
91.4069
102.303
97.2585
97.863
96.5343
93.8704
97.4417
96.7927
94.6263
94.2048
126.876
126.022
94.7952
91.5565
93.1189
95.6196
127.444
97.2391
98.168
93.9658
98.1633
89.8881
114.245
121.503
118.903
97.1137
99.1384
97.0943
96.6058
128.717
100.192
108.807
88.9511
93.0097
107.707
126.176
97.4034
85.5542
96.5535
95.5694
98.1183
94.2114
98.6194
102.267
100.132
92.8657
94.9043
97.7808
96.7835
97.6004
101.942
97.4709
84.5866
47.6662
97.0168
99.2262
94.6206
92.4694
96.8411
99.9351
96.8502
95.5438
93.4267
97.6038
94.2418
129.008
96.1229
88.2771
108.181
85.3025
99.8742
97.5488
95.5968
136.475
94.6198
94.1573
95.2678
98.8202
101.252
94.0118
113.424
94.4137
97.5262
90.8143
104.498
116.466
96.7063
123.124
94.8691
97.4727
97.3096
93.0404
96.8379
91.1816
112.106
41.2
92.7005
98.2884
108.566
88.6316
97.5936
98.9468
96.1685
93.3058
97.4023
90.6745
95.0116
97.8454
95.0732
97.3086
94.3301
94.4599
94.1706
97.3442
99.4507
96.6895
93.7797
97.2954
93.7177
97.4333
96.4313
86.779
97.068
97.7364
30.1608
96.9807
95.9971
97.7819
85.6658
104.525
98.4034
97.7215
95.0419
97.1742
97.9207
38.3202
97.5739
93.8431
97.3913
96.6765
94.2957
98.9818
84.5325
98.1892
97.7917
98.3265
94.0974
93.9639
115.533
128.16
94.1684
95.5354
98.9226
97.0851
97.7525
128.089
97.9932
128.784
96.3691
93.9774
97.9098
94.7821
94.7734
89.8324
93.2097
98.2415
97.7787
96.7691
90.6184
97.9199
94.9502
128.141
95.2045
101.437
96.5664
92.7998
97.7009
91.2603
97.2741
111.872
94.9928
58.6018
37.8575
120.421
94.6311
97.9654
94.7038
94.6045
98.5295
93.6659
95.8848
97.5177
96.5957
96.7229
96.868
93.806
97.3457
128.606
92.8047
112.941
96.6526
94.5644
97.7824
93.7465
97.3086
96.4089
128.474
96.4808
88.9415
108.886
97.2442
114.019
97.4879
91.5338
115.372
93.0297
86.0473
94.1779
97.1542
110.006
115.201
97.9207
94.1188
96.7869
126.27
96.8649
94.3304
95.3267
109.051
97.2512
96.5201
93.9702
96.8016
92.828
39.3925
93.8068
97.3383
96.5515
97.6698
100.507
94.5771
97.3294
97.5444
96.723
94.3588
92.2198
93.8761
98.2041
95.5201
97.6109
98.2737
104.319
94.7695
95.3438
98.7811
97.5651
97.6553
120.762
96.7653
94.6378
94.5623
98.2509
120.443
130.134
91.4824
92.65
99.4729
97.9576
86.8598
96.4426
90.2219
110.266
98.7822
118.919
91.3479
96.9607
111.861
97.2593
93.4519
122.902
98.5582
96.7203
94.1122
128.882
95.898
97.606
95.442
93.5929
93.1537
93.3397
98.584
86.9946
96.8091
95.9883
101.701
127.378
101.06
94.8761
94.651
97.7173
127.29
28.5111
19.7418
96.7424
93.0921
94.2783
97.6672
97.8466
97.7553
111.915
86.6728
94.8272
97.4006
96.0515
99.3204
100.71
84.6456
112.694
48.519
98.4654
93.7393
113.793
97.5398
90.3341
95.4189
97.1045
97.1823
112.918
100.399
91.5566
97.0421
72.0528
101.531
93.9857
97.5352
94.6747
91.921
47.356
94.6296
98.1242
96.3196
97.0172
100.216
89.6628
99.0683
98.4421
128.588
96.0586
126.817
94.386
102.479
102.45
97.6193
96.8656
85.1311
95.2816
98.5
98.453
49.1325
90.1965
97.0403
127.701
94.067
129.03
97.9908
96.6508
97.4613
99.0125
119.287
128.559
94.4898
121.487
97.5968
96.7963
96.6248
121.996
93.182
96.7219
96.6416
117.187
122.657
94.9239
97.4038
52.5868
95.1201
98.8583
90.1831
129.35
98.0754
101.592
98.065
97.2991
94.832
93.8852
96.5774
105.694
8.29662
97.7779
96.8182
128.593
96.7238
97.5405
94.3258
122.103
99.1072
90.7558
95.8546
97.772
93.8125
93.9418
92.7988
96.4978
128.032
38.8362
96.2353
58.4189
98.5613
98.4864
121.882
96.7228
92.9625
97.4363
94.7517
100.282
127.126
95.2069
126.422
127.273
102.535
96.9491
127.724
92.3348
97.4104
107.405
95.9595
97.5687
94.6848
97.8763
95.3409
98.5618
95.0044
96.6643
97.4584
96.2544
98.0938
97.5909
97.1529
93.3455
97.3115
124.829
96.6742
83.3422
122.255
128.972
97.2974
94.7139
98.0308
94.6119
102.088
98.2909
130.244
94.1125
96.7887
92.6112
96.3178
96.8796
93.6189
97.3616
105.544
129.354
99.0646
97.0088
92.8987
128.534
97.2152
98.3736
65.6375
92.1758
97.7026
93.5829
96.549
127.758
99.6166
94.9098
91.8853
94.2107
94.9449
98.2468
99.3985
111.358
53.1018
127.881
98.3753
52.0519
97.0702
99.9545
127.624
92.8509
96.5031
120.913
117.756
94.5646
54.2973
94.0698
96.8449
128.219
127.985
128.33
128.106
70.7089
121.62
66.1753
61.7585
50.4041
121.317
50.4665
49.7143
57.4767
127.155
127.232
50.7787
127.341
127.479
96.3978
118.717
119.319
96.301
95.4223
95.5629
96.1491
95.9914
95.8598
98.5877
94.0963
93.4426
99.463
99.1713
113.6
90.0972
98.3315
115.759
93.2063
94.7277
97.7954
96.5993
94.288
102.379
127.247
97.2864
98.6747
97.7283
96.567
98.056
127.622
93.2252
97.1407
93.3294
98.2172
97.4369
96.4089
96.1399
128.347
98.3914
86.328
112.895
96.8298
90.3855
95.7414
95.9055
97.7102
96.5231
92.5961
97.0776
93.867
91.4898
92.9062
99.6654
97.7538
97.6375
89.759
97.8734
97.5276
93.7969
98.5107
98.1929
95.9775
97.3956
94.8323
125.029
96.5223
94.3427
94.96
92.0203
93.6569
98.4606
102.465
97.766
92.7941
95.6844
92.5452
96.4397
126.902
97.7149
112.34
98.2444
127.818
97.5403
97.0668
97.8067
95.8307
97.7447
94.0387
96.9502
94.1559
97.5962
95.4424
126.629
97.1689
97.7911
82.1647
94.9141
97.7803
98.3146
129.68
94.4232
94.1023
96.3037
93.1963
48.1889
119.627
120.501
97.8241
98.9043
94.6566
97.3629
92.2424
118.674
129.167
95.1818
97.863
96.44
96.7982
93.8969
97.3885
117.911
95.2756
94.4047
97.7456
98.9369
100.118
95.9982
94.0939
95.2995
98.7376
96.4678
35.386
97.9513
99.9361
98.7853
96.1209
91.0699
95.0403
91.146
96.9754
113.179
95.7523
97.6713
118.462
89.8867
100.879
127.755
97.358
86.6356
96.3756
125.802
94.9344
101.687
97.6962
86.5224
108.032
88.2978
92.9635
96.8696
93.947
97.382
96.3068
122.067
124.203
93.8763
93.7201
94.8992
108.481
88.6431
97.1448
96.4601
92.6927
94.476
96.3104
92.4099
94.5215
105.476
126.711
98.2967
112.517
102.174
97.6093
88.8145
87.289
96.6178
84.6532
100.014
94.2805
97.3943
96.5465
89.3788
97.0245
89.4483
109.331
123.348
96.5211
93.7666
97.2769
94.7784
116.047
104.017
98.7083
108.509
96.0088
92.3259
97.6084
118.323
108.592
17.9949
96.8576
93.9516
97.4089
97.5798
96.0688
101.893
94.5518
98.9964
93.7556
92.0341
99.741
93.9929
97.8456
97.9151
97.6512
99.9411
44.167
100.19
8.78675
119.693
98.3717
120.927
120.578
95.0666
96.8684
97.6065
95.5228
93.9976
96.9009
94.8934
113.411
86.6545
115.482
96.1487
97.4608
97.6412
95.413
126.894
97.289
101.26
97.4561
97.7062
98.3367
47.3143
97.5621
93.9044
91.1803
99.1057
127.507
109.454
89.2833
93.6352
131.305
97.5236
102.865
95.3948
96.5373
93.6994
97.278
41.6858
97.3055
97.7557
99.6852
94.1449
104.083
95.0629
97.4407
96.3333
97.2772
94.553
96.9563
96.7246
99.2331
94.2097
86.0268
95.229
98.8611
93.6324
102.018
119.629
99.8739
74.7146
104.219
98.6162
112.792
96.6918
90.6712
93.977
97.8227
99.7515
123.869
97.6928
90.9967
97.2889
97.2672
93.8527
98.4295
88.2012
98.326
95.3808
93.6049
97.8387
93.9747
94.1021
97.4545
101.129
98.3291
103.131
98.0726
93.7295
91.7026
97.3131
97.9602
92.2976
96.0919
93.15
96.6857
88.9674
61.088
123.976
98.8244
86.8846
97.3229
96.9351
92.5973
97.2658
86.4266
94.295
97.1317
37.6791
99.868
101.92
119.262
101.633
18.7521
91.2089
98.395
102.883
128.15
94.7381
97.938
96.2212
93.8591
84.9508
94.5391
95.5574
99.2541
93.6238
97.1692
94.2058
93.9737
96.5738
97.4519
98.2751
94.8268
89.0626
94.3409
93.9036
92.4275
96.2192
94.062
96.9126
94.2683
97.9228
93.1843
92.42
97.4139
87.8341
128.803
94.2126
91.7219
108.906
88.867
97.3607
94.6176
97.8633
97.1994
96.9843
98.441
96.9649
100.102
109.255
121.021
126.704
47.0833
96.9337
96.2433
99.6252
97.9492
41.068
94.3052
118.211
128.892
125.832
94.259
96.9175
127.009
97.4838
88.2961
108.164
97.3843
123.782
124.211
120.662
97.5885
100.517
97.3203
100.877
99.1918
97.9421
127.482
111.08
98.722
84.7683
118.35
103.232
92.3958
98.3489
66.168
126.822
96.8148
93.6299
99.693
97.44
92.6397
96.6133
93.1628
128.889
128.881
83.1298
97.4127
96.4746
92.7971
96.3522
94.2767
99.0669
96.4766
86.8803
97.3659
96.5549
93.7047
97.4941
96.4431
99.1947
46.5898
115.772
98.0635
97.6992
97.6471
96.0249
97.5793
46.5634
95.0802
97.8217
96.085
89.8929
109.673
94.2639
98.1366
35.8606
86.7341
98.1638
96.6846
97.1031
119.812
93.2176
95.2249
97.0994
95.4542
97.9005
96.7949
97.3133
93.5192
94.4131
98.6842
95.4918
93.2287
98.1426
97.5365
119.454
97.4052
96.8211
93.7418
98.2107
90.7262
101.307
95.1329
115.43
117.333
98.6494
94.7695
96.8417
94.2878
94.8955
96.1481
53.0578
98.9432
96.6381
94.1711
97.0123
91.9761
94.9249
99.3298
97.2503
96.9062
92.555
93.4204
93.6409
94.9148
88.8379
96.2972
108.727
108.416
88.6747
97.4695
98.7566
97.8795
100.621
97.4149
87.3841
95.7625
99.4871
99.4519
94.019
96.8586
101.432
99.6714
94.2832
126.45
90.8728
110.614
97.5935
95.8416
52.867
88.9648
99.958
97.982
92.7391
96.4172
96.369
86.4378
86.3791
100.187
98.3497
93.7878
97.7746
109.711
96.9118
88.5809
108.596
94.3457
97.9586
96.4863
98.188
95.7225
94.2279
93.9291
97.6162
92.2786
86.9223
98.3888
97.7934
92.3403
99.3305
97.2583
94.8267
96.5481
97.3372
92.8143
96.9353
127.076
101.875
94.7721
127.007
111.418
96.4167
90.8904
99.1869
101.025
45.7003
97.3381
93.9091
97.2234
97.9886
100.292
92.957
118.873
96.5542
96.5185
95.6549
97.7511
101.88
104.408
97.0179
97.3588
125.452
94.1555
96.102
97.7444
121.219
96.2403
86.3623
94.1787
97.1448
97.6056
109.105
89.2375
97.0459
94.349
124.947
97.5842
96.3142
97.2938
99.038
130.729
80.4962
92.1647
93.9099
96.5493
95.106
96.8662
31.1256
97.31
128.157
94.6684
94.0827
95.9548
99.1092
94.1477
95.5731
99.1643
98.2892
93.2765
128.723
95.3393
97.1896
85.4238
93.9953
97.1158
62.5228
97.677
93.9082
95.0238
99.5181
98.1353
97.6151
96.9756
99.988
92.9741
96.8891
100.326
97.0837
98.452
98.7398
96.7833
99.4439
97.1354
98.7997
94.8422
97.3362
95.2091
96.9648
101.099
97.4866
96.9274
93.5972
95.7976
119.461
89.944
94.5269
100.581
97.0671
96.9955
97.8743
95.2516
94.1658
92.8151
96.8793
97.274
96.6048
89.3352
94.1401
96.2092
99.2272
95.3687
101.789
98.0332
95.7635
94.1456
94.0598
95.0503
98.6948
127.631
94.1279
95.3357
98.8701
53.9278
98.5417
101.528
56.6239
98.1645
94.0632
99.5176
97.2931
94.8297
97.7258
100.337
103.901
95.864
97.9795
96.1401
97.3129
96.9721
109.466
89.5032
93.5244
99.0073
127.049
95.6945
94.2332
96.0769
97.3215
96.2306
97.2471
94.2414
98.3847
93.5614
97.3532
93.4381
97.19
98.3409
88.7582
94.0164
95.5536
96.0845
124.484
97.2886
95.7982
94.5525
98.0606
96.9251
35.6652
95.1415
92.9782
93.8759
97.3141
96.1405
97.3906
95.6142
97.5128
96.165
97.2664
97.9735
93.3888
99.4674
92.9451
91.5204
97.6606
96.597
97.8828
95.0249
98.557
97.782
96.619
114.282
91.2302
96.615
112.106
94.5726
97.2856
93.1483
97.5746
75.5941
97.3845
98.8197
96.8898
97.0051
127.46
93.3756
48.7148
89.743
96.3555
129.145
91.0755
120.693
96.4759
89.488
96.1347
97.6236
98.204
98.0287
95.3038
95.7682
97.6058
93.3549
97.4114
97.8528
96.7167
94.1264
96.0721
92.3001
96.0207
97.5069
115.99
94.2869
96.7118
98.5301
97.5463
93.7565
96.4875
97.3703
97.1527
97.3856
93.8963
92.1068
102.565
112.91
95.9154
92.3565
97.475
93.8509
96.8808
109.74
97.5402
83.4031
91.2332
96.9466
111.25
93.1545
77.6379
120.272
101.175
89.6755
111.306
96.8713
90.9957
97.4692
94.6203
96.7454
98.9866
95.1805
49.7884
97.7975
121.096
98.0824
94.3098
98.4756
94.2045
97.4151
92.3847
96.6145
96.7081
88.1707
108.032
94.4885
84.6182
97.4114
93.8386
96.6861
95.4453
101.065
99.2317
56.8173
116.297
96.6261
91.6436
113.922
97.2641
95.2688
98.1308
97.2601
91.5542
90.7327
98.2113
53.5387
94.7252
92.6401
96.4022
97.4777
93.7861
96.9161
98.4413
92.4326
95.9398
97.6295
98.9955
100.324
97.4541
93.8609
96.8069
91.673
94.0157
99.6275
99.8151
95.2605
98.5373
40.6234
127.768
96.0999
93.0564
98.2013
99.2755
115.636
97.6911
128.768
98.2886
97.1028
94.2802
94.3498
95.0467
97.4469
96.4634
93.7932
91.4241
99.3003
92.2448
123.275
41.7728
95.6469
97.6978
93.3969
50.2649
95.4436
97.8821
84.7685
97.3123
101.429
129.31
94.796
95.857
97.8043
94.761
94.9775
122.009
98.147
129.452
55.2547
94.0158
116.578
95.2618
97.9591
96.514
94.9539
97.7449
94.5645
93.5273
35.2451
120.667
97.6703
96.5603
97.3407
93.7357
96.383
96.2491
89.1132
77.4986
100.119
97.2076
98.2434
95.5923
97.7201
129.062
115.269
97.7704
91.7534
46.593
98.5853
95.7446
128.721
103.621
93.2865
97.5863
93.2514
96.9528
97.2654
97.2185
97.6004
96.2015
92.3346
104.226
17.8367
89.9297
94.0717
96.9262
102.873
95.823
95.1079
100.784
92.9639
98.3753
96.2628
127.956
99.1349
93.6312
92.3546
127.677
88.7686
65.8422
94.9457
87.2124
97.4509
96.826
96.2409
116.294
126.175
97.7834
42.6985
126.435
97.655
96.8223
93.5171
126.615
57.3769
97.2868
110.777
97.443
90.3431
95.0038
127.486
126.533
95.0791
96.8896
97.3971
95.5315
97.2993
93.7175
95.2401
125.786
49.8472
94.2737
97.6261
95.9825
94.626
110.51
90.093
94.0826
126.773
94.036
98.6669
97.4099
125.459
126.309
97.3081
94.4261
97.5847
96.9816
92.6651
127.893
97.2064
97.2858
106.058
96.8143
129.075
125.032
100.088
125.388
96.3695
94.9815
98.335
95.2863
94.2745
54.358
129.172
97.7482
105.943
97.4003
93.7461
96.4168
94.8109
129.302
116.912
100.844
128.426
97.3504
100.367
94.5924
126.769
89.2079
97.2847
104.921
98.3514
93.49
95.1734
100.723
122.598
97.7804
128.159
94.2626
103.262
91.4863
130.229
97.6166
96.9593
93.641
96.0611
94.6784
96.9725
97.7642
97.7302
59.1643
128.127
54.9356
95.7845
97.9365
86.8835
94.6899
97.3224
97.4441
97.7943
87.6387
95.7052
96.8546
98.0282
97.1174
128.101
85.6904
86.2195
91.0095
94.1891
96.4995
99.1575
99.1927
92.4014
91.5686
84.9502
97.3791
96.9564
92.522
85.5532
89.3647
97.73
97.4749
92.6797
97.7752
97.3068
97.4224
99.3882
94.1845
98.4298
88.3105
108.292
98.0963
97.7902
96.1304
97.305
92.5417
96.9167
97.5071
95.8311
97.8137
97.3567
124.51
129.669
93.2552
96.428
97.6167
97.2406
93.912
95.8425
97.9143
120.727
92.2917
96.394
95.0548
98.7847
67.2134
94.7557
98.6175
121.294
102.611
95.5633
98.2122
78.3812
106.858
96.4469
92.8016
95.9299
128.162
101.866
94.6845
98.5477
97.3421
97.3901
88.7214
108.645
127.188
97.7514
95.2792
101.833
91.4115
127.643
113.263
97.0493
91.2388
123.612
92.9998
96.7803
94.6441
98.7774
95.3849
95.7539
62.5996
128.399
98.3594
97.2901
95.5786
94.3003
97.4709
49.7326
91.5621
97.9485
96.4153
97.7864
97.2352
97.1762
86.3166
95.4494
98.0425
95.0031
91.8895
99.7281
91.3896
98.4679
109.64
94.0564
89.0167
91.5439
91.7423
99.363
99.2628
92.6455
92.7938
124.666
127.617
99.8692
127.351
101.191
127.301
127.823
128.262
102.01
101.329
120.183
93.4461
97.68
96.8179
95.9066
97.5946
93.4967
125.646
97.9111
96.4887
97.2925
59.0041
97.9792
110.16
83.5307
99.7467
98.1348
90.2898
95.449
94.0841
98.878
95.2204
102.353
117.641
46.6574
91.8521
95.8704
128.225
95.9318
94.054
95.1201
98.7231
97.7806
96.9773
89.4328
94.0854
95.4132
98.9868
94.1824
116.643
94.8258
98.1259
95.2791
35.8994
101.407
103.002
89.2638
127.932
83.0885
89.6004
110.533
127.107
93.1014
93.5116
93.4515
89.8691
90.8011
121.833
95.0753
95.3851
96.8514
92.3847
95.4602
97.6447
97.3974
97.7409
100.197
100.265
96.4539
99.8645
99.586
95.4536
97.8827
97.8266
97.2789
96.5209
97.4465
97.092
94.8148
25.2245
55.419
88.4843
110.451
89.1394
91.2488
90.4326
98.7486
106.06
95.0483
98.2955
101.245
101.251
95.3823
96.792
97.4705
101.806
91.5435
93.4113
111.014
141.087
106.03
111.895
123.388
129.283
120.3
118.144
116.767
92.2798
91.802
95.3341
94.4501
99.5089
90.9529
96.1903
94.6515
93.3365
91.2905
95.574
95.8396
111.783
92.2397
127.086
127.43
128.003
)
;

boundaryField
{
    frontAndBack
    {
        type            empty;
    }
    wallOuter
    {
        type            zeroGradient;
    }
    inlet
    {
        type            zeroGradient;
    }
    outlet
    {
        type            fixedValue;
        value           uniform 0;
    }
    wallInner
    {
        type            zeroGradient;
    }
}


// ************************************************************************* //
