/*--------------------------------*- C++ -*----------------------------------*\
| =========                 |                                                 |
| \\      /  F ield         | OpenFOAM: The Open Source CFD Toolbox           |
|  \\    /   O peration     | Version:  v1912                                 |
|   \\  /    A nd           | Website:  www.openfoam.com                      |
|    \\/     M anipulation  |                                                 |
\*---------------------------------------------------------------------------*/
FoamFile
{
    version     2.0;
    format      ascii;
    class       volVectorField;
    location    "0.08";
    object      U;
}
// * * * * * * * * * * * * * * * * * * * * * * * * * * * * * * * * * * * * * //

dimensions      [0 1 -1 0 0 0 0];


internalField   nonuniform List<vector> 
1431
(
(-0.142979 2.37603 -2.26064e-17)
(1.68186 0.584009 -7.93955e-17)
(2.6106 -0.175105 1.31603e-16)
(-2.89411 1.1127 -3.86926e-17)
(-0.16489 2.54394 -1.122e-16)
(1.07635 -0.384253 3.57714e-16)
(-0.115629 -0.733478 -2.28585e-16)
(9.90229 1.31118 -1.78106e-16)
(-1.04469 5.43429 0)
(0.151703 3.12615 -1.16116e-16)
(0.775494 2.52564 0)
(-0.0996304 0.0329997 7.7198e-17)
(-1.40771 1.25071 0)
(7.33734 0.960324 1.84021e-18)
(-1.66023 8.52391 -9.84685e-17)
(-0.137628 3.25398 0)
(-1.89855 9.24796 -1.33704e-16)
(0.0914988 -1.12756 0)
(0.297452 -0.00904997 1.45698e-16)
(0.719575 2.21024 3.58465e-17)
(0.0416647 3.05183 -1.31995e-17)
(0.178714 2.92398 1.31364e-19)
(1.62474 0.0256211 -4.8966e-17)
(6.60635 0.96678 -3.07613e-17)
(1.85508 2.94193 -1.07612e-16)
(0.521114 1.82929 -1.06392e-16)
(-1.12018 4.3777 9.40511e-17)
(7.98163 0.916766 -1.50594e-20)
(10.8143 0.504133 5.28196e-18)
(-0.889079 0.1419 -5.7405e-16)
(4.1844 -0.158811 2.54272e-16)
(5.93491 -0.11157 -1.78698e-16)
(-2.34996 0.174776 -1.17269e-16)
(-1.36654 -0.388709 0)
(-0.943955 -0.308235 1.05513e-16)
(0.307212 8.48852 1.23397e-16)
(-0.280118 1.47694 1.08462e-16)
(9.89258 0.0802382 0)
(0.420142 -0.92039 -1.95117e-16)
(9.80124 0.053639 0)
(1.05501 0.202858 1.65596e-16)
(2.65692 -0.889529 -4.40629e-17)
(-1.67092 -0.170025 0)
(-1.12041 0.136289 -7.27162e-17)
(-1.91705 -0.242851 1.51859e-16)
(-0.017006 2.73791 -2.93915e-16)
(2.32903 7.82939 1.54215e-16)
(6.77225 1.40552 -5.48849e-17)
(7.68342 0.0672283 1.49773e-16)
(9.67027 0.0966238 3.05151e-17)
(-0.702612 -0.156419 -9.90158e-17)
(0.165725 3.29805 1.12874e-16)
(-0.728516 4.04005 5.62003e-17)
(-0.734456 -0.905564 -1.70297e-17)
(-0.256947 -0.580529 -1.49798e-16)
(7.44774 2.25565 0)
(-0.0188503 2.55816 6.97533e-17)
(-1.03525 1.69489 -2.66932e-16)
(-0.336221 6.122 0)
(0.0338722 2.58051 -5.26151e-16)
(2.1869 6.84979 0)
(0.0275939 0.932976 -1.66156e-16)
(0.586923 9.10661 -1.20404e-16)
(10.6677 0.131962 0)
(9.70194 0.522663 -1.61448e-17)
(-0.764338 -0.419912 0)
(1.66543 -0.657009 0)
(0.709288 -0.251447 0)
(0.30311 2.53207 1.42424e-16)
(10.8499 0.164577 0)
(-1.81817 -0.121121 8.47198e-17)
(-1.2217 -0.035474 -9.86185e-17)
(0.555978 0.891502 0)
(0.931419 -0.494488 -3.30768e-16)
(0.118041 2.19367 4.88418e-20)
(-1.44622 0.180147 2.80626e-16)
(0.022113 2.51488 4.24512e-17)
(1.45869 -0.851449 4.13947e-16)
(10.1269 0.416691 1.08788e-17)
(1.20448 -3.27584 -1.68611e-17)
(10.0425 0.0979044 -2.11636e-16)
(-0.613942 -0.126078 -2.52039e-18)
(1.19651 -0.804854 1.76287e-16)
(4.07045 3.30355 -4.32118e-17)
(-2.55403 0.791204 3.79304e-17)
(-0.152377 2.9122 -3.60199e-16)
(-0.372161 3.44039 -7.45823e-17)
(-1.10837 1.2742 1.37375e-16)
(5.7496 0.916392 9.64316e-17)
(0.40535 2.28771 -4.75373e-17)
(-0.577243 0.785993 1.95468e-16)
(-1.46917 1.17529 2.1205e-16)
(-0.394087 3.27348 0)
(9.97041 0.161856 0)
(-0.502911 -0.0576116 2.55304e-18)
(-0.0290002 3.11574 -2.86805e-19)
(-0.0484095 2.21014 -2.40319e-19)
(10.4838 1.21855 2.71264e-18)
(-0.212287 3.02109 1.50604e-16)
(6.20631 0.0206941 -4.55931e-16)
(0.228988 2.87439 -1.55024e-16)
(10.122 0.383652 -5.35001e-17)
(-0.795885 2.58184 0)
(-0.217365 3.22135 -2.12623e-19)
(-1.0525 1.92364 1.56757e-16)
(-0.622992 -0.0442108 7.55775e-17)
(10.1405 0.15516 -8.82538e-17)
(1.47581 -0.473451 8.32244e-17)
(4.37277 -0.864598 9.65518e-17)
(-0.00541861 2.37309 6.24746e-17)
(-0.553885 -2.93 1.33729e-16)
(-0.878921 -0.307229 -7.69961e-17)
(9.74061 1.72286 0)
(-0.25733 1.57278 -1.54404e-16)
(-0.547251 2.19289 0)
(-0.103198 3.209 0)
(0.463277 -0.907814 0)
(0.545745 5.76505 5.13059e-18)
(4.77978 0.801822 -6.97802e-17)
(-2.54996 0.340127 -1.42727e-16)
(10.2707 0.548398 -1.5788e-17)
(-0.955861 3.10617 -1.5786e-16)
(0.0488168 3.19115 -5.11098e-16)
(5.06648 0.958118 -1.26793e-16)
(10.1908 0.145557 0)
(1.16333 0.888803 -8.02514e-17)
(3.7655 0.652133 1.93624e-17)
(0.315409 1.61659 4.62285e-17)
(0.0389199 3.06459 6.24504e-17)
(10.7202 0.418597 -6.1757e-17)
(-1.11458 -0.26523 -1.3393e-16)
(2.16852 -0.766071 2.58411e-16)
(7.49681 0.0799617 0)
(-0.937304 2.12305 -1.52893e-16)
(-0.358853 3.20011 -8.17841e-18)
(-1.98905 1.51487 -2.31115e-16)
(0.617466 1.11069 0)
(-0.683292 -0.157654 1.36377e-16)
(-0.352537 2.10891 3.69463e-17)
(1.03019 -0.474994 -4.94707e-16)
(0.444592 2.96423 0)
(-0.27775 1.69923 2.88962e-17)
(10.6205 0.0842549 -6.38441e-18)
(7.22002 -0.361972 -1.98073e-17)
(6.70223 -0.912277 0)
(11.4553 0.274214 3.68895e-17)
(10.4628 0.806276 2.90075e-17)
(1.71346 -0.498263 0)
(0.622278 1.44361 -1.0526e-16)
(8.28122 1.11901 -4.64146e-17)
(10.9583 0.0520657 6.6796e-17)
(9.48953 0.698047 -1.39855e-17)
(-2.45907 -4.75354 -7.26786e-17)
(2.45302 -0.603528 6.83071e-17)
(-0.708772 0.206789 1.75354e-16)
(0.270905 1.74632 -3.31059e-17)
(10.1766 0.105431 7.31945e-17)
(-1.02208 1.47359 -3.86045e-16)
(9.58091 1.90442 0)
(9.52098 2.18691 -8.02786e-17)
(-0.158677 -0.751083 -1.28684e-20)
(0.826728 2.36616 3.13119e-17)
(-0.575654 2.82392 0)
(-0.639688 1.72531 -3.00787e-17)
(-0.178617 3.66997 -1.4166e-16)
(-0.50696 -0.999684 -1.44295e-16)
(-0.0455056 2.84523 -8.90277e-17)
(10.087 0.292275 0)
(-0.789275 -0.110249 4.4317e-16)
(-0.584748 2.64218 -1.28123e-16)
(7.26879 1.44087 -1.33325e-17)
(-0.0702733 2.62909 2.21943e-17)
(5.00848 0.336837 -1.299e-16)
(11.1414 0.108644 0)
(10.6055 0.0786817 1.21489e-17)
(0.736432 1.12267 0)
(-0.243375 0.323303 7.65346e-17)
(9.5322 0.423659 -1.52397e-17)
(-0.811874 0.566164 3.31949e-16)
(9.79711 2.24506 8.22778e-17)
(9.83182 0.217055 3.5076e-17)
(0.994546 6.40674 5.40262e-17)
(8.2142 2.60838 0)
(-0.0657176 2.27566 2.77135e-16)
(11.3207 0.108455 8.14406e-17)
(8.58606 1.87554 -1.21747e-17)
(9.94899 1.53368 8.47129e-17)
(-2.58759 4.61954 -1.1515e-16)
(0.253041 1.45843 1.5886e-16)
(10.3512 0.0979271 -7.34519e-20)
(-1.81836 1.38197 -2.44749e-18)
(-0.213107 8.73167 -5.5621e-17)
(0.042516 3.11271 -2.51194e-16)
(10.176 0.0779345 -5.35011e-17)
(-2.64457 7.12121 2.33463e-19)
(10.4595 0.954414 2.95694e-17)
(10.1457 0.218906 0)
(6.05509 2.30049 -1.0438e-16)
(0.332273 0.375545 0)
(0.346277 -0.122609 0)
(0.0283455 -1.537 -1.71789e-16)
(2.78571 2.21337 -2.5002e-16)
(8.77655 1.59348 -2.39467e-17)
(0.00543182 0.187054 -6.70467e-16)
(10.1566 0.110273 2.93351e-17)
(-2.06057 1.94397 -2.48348e-16)
(-0.166557 3.16981 6.47066e-16)
(9.869 0.158305 2.10678e-17)
(0.493049 2.10734 1.17911e-17)
(9.48972 0.155973 0)
(10.2351 0.0893196 6.63025e-18)
(10.0996 0.769294 5.20618e-17)
(3.87887 0.674814 1.56296e-17)
(9.93593 0.159806 2.02631e-17)
(-0.415588 1.08521 0)
(-1.56746 0.729095 3.49096e-16)
(9.3951 2.07257 0)
(-1.44744 0.662832 0)
(-1.41069 -0.106132 0)
(10.17 0.20912 -5.29246e-17)
(9.96456 0.138993 0)
(0.45672 0.888228 1.18381e-16)
(11.2152 0.0452048 -1.07022e-16)
(2.3687 0.526805 -7.9541e-17)
(10.7578 0.333773 0)
(9.44372 0.733729 0)
(6.94988 1.2271 -6.95326e-17)
(-0.487004 2.2022 0)
(9.95575 1.44242 0)
(4.41842 -0.466589 -7.58101e-17)
(-0.348299 3.35008 0)
(-2.55828 1.79816 2.87121e-16)
(10.7175 0.192692 -1.11925e-19)
(10.1108 1.1153 -1.49779e-16)
(9.98638 0.957656 6.94449e-17)
(9.98678 0.859714 4.00853e-17)
(10.596 0.594775 -2.25903e-17)
(-0.209617 3.18301 1.53878e-16)
(9.94714 0.0941072 0)
(-2.25573 -4.56382 7.47245e-17)
(9.71345 0.111525 -2.68889e-17)
(9.20366 1.95658 6.9454e-17)
(-0.331923 4.95076 -2.15115e-16)
(0.395563 8.92162 -1.71244e-16)
(-0.374406 1.93464 -3.12437e-20)
(-0.762119 1.76302 1.35408e-19)
(10.5812 0.253128 -1.4917e-16)
(-0.704275 -0.527384 0)
(-1.10526 -0.55561 0)
(8.25329 1.58177 0)
(10.0917 2.02724 -8.15494e-17)
(-0.660427 5.28711 0)
(0.214488 3.02913 1.16625e-16)
(4.93915 3.31301 2.09555e-17)
(1.43918 8.26393 -1.21708e-16)
(8.27885 0.0244099 -3.73412e-17)
(-0.692434 -0.01243 1.99448e-17)
(-2.1483 -5.71951 -4.54971e-18)
(8.47979 0.0193441 2.08511e-19)
(8.38906 0.0135556 7.18592e-17)
(8.23373 0.0301376 7.15999e-17)
(-0.949355 1.5 2.16304e-17)
(-0.045257 3.51505 2.77357e-16)
(0.714708 3.21876 -4.87715e-17)
(9.95677 0.717953 -6.21724e-17)
(10.268 1.28563 5.77776e-18)
(8.92897 0.0514227 -5.76019e-17)
(9.922 1.87913 0)
(7.14317 3.70581 2.4805e-17)
(0.398258 3.81663 -1.56011e-17)
(9.71225 2.11058 0)
(7.32176 0.53889 2.92475e-16)
(10.2712 1.83555 2.22177e-17)
(10.3806 1.64295 0)
(8.20947 0.0210338 -4.4044e-17)
(10.2646 1.44973 4.03691e-18)
(-1.04645 2.02951 -9.28492e-17)
(-0.300708 0.0218409 -4.55816e-20)
(-0.546389 -0.163209 -4.24369e-17)
(0.0351235 3.1615 1.95508e-16)
(-1.41804 5.4531 0)
(-2.27329 -2.63381 -2.14581e-17)
(0.557481 -0.536606 0)
(-1.29495 1.58683 2.57156e-16)
(8.84903 0.0822987 -3.39216e-17)
(-3.24066 2.986 4.52922e-17)
(-0.27291 3.16758 8.02257e-17)
(9.18057 2.2531 4.42479e-17)
(9.00072 1.61974 1.84524e-19)
(9.79921 0.124804 5.59607e-17)
(11.2241 0.426461 1.276e-16)
(9.71121 0.0312921 -4.95211e-17)
(9.63011 2.13262 0)
(-1.0083 1.53013 0)
(9.82424 2.10024 -3.66794e-17)
(9.04135 2.45876 3.83952e-18)
(0.120229 3.04902 0)
(7.98922 3.04417 2.14941e-18)
(-1.74171 -5.27008 -8.09361e-17)
(9.73753 2.27984 2.30911e-17)
(9.79098 0.240502 2.40721e-17)
(6.40042 0.810583 7.3351e-17)
(1.8487 0.983328 0)
(7.706 -0.43283 0)
(-1.0168 0.781873 -2.43681e-16)
(0.443606 -4.03652 8.57305e-17)
(10.0116 0.104952 6.77291e-17)
(8.33719 0.0176485 -7.28514e-17)
(8.416 0.0139047 -6.96355e-17)
(0.00113354 -0.175533 2.01724e-16)
(9.78991 0.169633 -1.12585e-17)
(10.8693 0.194916 4.5036e-17)
(2.06652 1.15415 -9.66341e-18)
(-0.400467 1.65104 -1.54237e-17)
(-1.00403 0.484699 -1.1453e-18)
(0.859775 -3.20406 -6.99044e-17)
(-0.0242095 3.08789 -5.48686e-17)
(-1.26366 -0.184446 -6.46141e-17)
(10.0426 0.754906 -3.65054e-17)
(-0.101398 1.58856 -1.52559e-16)
(-0.0591102 -4.20675 -1.22453e-16)
(0.0504606 0.215832 2.78386e-16)
(0.426625 2.52382 1.67157e-19)
(-1.57281 -2.65932 -9.47918e-20)
(-0.431202 3.59176 -1.44645e-16)
(-0.0499434 2.4372 -7.42083e-17)
(9.96254 0.0794714 1.44572e-16)
(0.1772 2.85505 -6.55238e-17)
(3.37038 0.343657 0)
(9.87474 0.129856 -5.64444e-17)
(2.36707 1.35692 -4.92923e-17)
(1.43021 -0.91565 0)
(-1.96652 -2.32725 0)
(-1.40667 1.5551 1.74359e-16)
(10.3864 0.127397 0)
(-0.871088 4.8688 -1.18089e-16)
(-0.899556 0.0279361 -6.40256e-17)
(0.0317062 -0.273754 0)
(-0.819598 -0.0783638 -1.87212e-17)
(-1.9876 0.738125 1.12344e-16)
(0.413245 -0.437644 0)
(9.94154 0.0762584 -6.52236e-17)
(0.0528901 2.97407 6.90603e-17)
(10.065 0.188608 2.8364e-17)
(6.0471 4.69905 -2.55182e-16)
(2.26826 -0.525853 1.17264e-16)
(10.5501 0.216754 1.21283e-17)
(-0.819435 -0.059638 1.34813e-16)
(-0.349579 -0.0369597 -8.45741e-17)
(-0.0671801 0.00990375 -8.22279e-17)
(-0.649364 -0.0717666 -1.03782e-16)
(-0.598351 0.0864576 -4.37481e-16)
(-0.406543 -0.0868832 0)
(-0.533534 -0.0342485 -1.61677e-16)
(0.395658 -0.00666157 0)
(-0.564495 -0.095556 0)
(-0.594799 -0.0185794 0)
(1.01657 -0.382126 -2.66248e-16)
(-0.201279 -0.283485 0)
(2.32615 0.324453 2.71951e-16)
(-0.785619 -0.0121873 -1.93648e-17)
(0.435596 0.0227103 1.16489e-16)
(-0.565291 -0.025732 2.51737e-18)
(-0.703559 -0.0827858 -8.4246e-17)
(-0.219128 -0.00441736 2.76518e-16)
(-0.707958 -0.043427 -1.35302e-16)
(-0.645102 -0.019474 0)
(1.05264 -0.0197144 0)
(0.0270396 -0.291607 -1.68354e-17)
(2.80037 2.83934 0)
(1.09136 -1.1749 3.13626e-16)
(-2.67378 -4.36767 4.96299e-17)
(0.108597 1.08174 -1.48344e-16)
(9.27547 2.04548 4.40322e-17)
(-0.88942 1.12433 0)
(-1.81589 -1.72222 1.24398e-16)
(2.66539 2.01906 4.73489e-17)
(9.87556 0.209675 2.61136e-17)
(10.0037 0.0235595 6.89253e-17)
(0.435875 -0.485084 6.04706e-16)
(-0.708437 -0.0928144 2.66749e-17)
(-0.65795 -0.0475619 3.24393e-17)
(-0.138524 -0.0207306 -2.605e-16)
(-0.504459 -0.0553335 0)
(0.545859 -0.0394117 1.06557e-16)
(-0.604331 -0.0245468 0)
(1.7558 -0.0715686 0)
(0.316257 -0.138268 1.49457e-16)
(-0.494176 -0.0881925 1.53381e-16)
(-0.503133 -0.0669809 1.59998e-16)
(-0.986881 -0.0766616 0)
(-0.795944 3.07438 2.20464e-16)
(7.80894 1.59009 -2.56139e-17)
(9.98718 -0.00493296 0)
(0.0752144 2.09027 -3.85273e-19)
(-0.782981 -0.0829188 -1.67404e-16)
(0.0333035 -0.289524 -1.76558e-16)
(9.99438 0.161272 0)
(-0.222669 3.01445 0)
(10.5402 0.140973 0)
(3.03992 0.454543 -3.36976e-17)
(3.16864 0.504394 8.84722e-17)
(10.0636 0.180283 2.29452e-17)
(-0.706169 -0.0835874 3.44406e-17)
(2.06455 -0.658768 7.3647e-18)
(10.2504 1.96481 0)
(-0.908971 0.132783 9.27858e-17)
(7.36677 -0.315109 1.63847e-16)
(0.000304475 -0.15903 -3.3852e-17)
(2.32579 2.75061 -5.9927e-17)
(9.79867 0.0960302 5.33198e-17)
(-1.10007 -0.863165 0)
(-0.502272 -0.105187 3.11249e-20)
(-0.345165 5.53762 -4.60873e-16)
(6.93253 -0.739426 -2.08649e-17)
(1.39769 3.83419 6.49506e-17)
(3.33722 2.34769 -6.56358e-17)
(0.349353 4.14286 2.03432e-16)
(-0.100976 -0.0712266 -2.21126e-17)
(0.00796441 -0.207906 2.1614e-19)
(-1.5542 -1.08528 3.14597e-17)
(-0.441002 2.06624 1.40624e-16)
(0.0764197 2.93501 5.38465e-17)
(-2.82502 -3.21605 -1.32558e-16)
(-0.378129 1.61202 0)
(2.55359 3.30817 7.35829e-17)
(-2.79747 -1.83669 2.29775e-17)
(-3.11447 3.62599 7.44071e-18)
(-1.38708 -1.14893 -1.2251e-16)
(-1.35005 3.19754 -1.62797e-16)
(0.00677362 -1.20483 0)
(-2.36011 -4.32913 -8.78416e-17)
(-0.883778 1.24162 0)
(-2.49055 2.85203 2.12865e-16)
(-1.85213 -0.691925 -6.29299e-18)
(0.172611 3.5836 0)
(-0.49179 2.4186 -2.05497e-16)
(-2.99768 2.78959 1.82086e-18)
(-3.04526 -2.56069 3.22082e-16)
(-0.419103 -1.00407 1.97533e-16)
(0.135554 -0.881727 2.27421e-18)
(0.403905 1.69492 -4.48442e-17)
(-2.67943 2.32937 0)
(-2.86117 1.77738 3.949e-17)
(-0.616634 -4.49226 0)
(-0.965973 3.06067 7.76462e-18)
(-0.991055 3.38944 -4.42378e-18)
(-2.04996 -3.62916 -6.37289e-17)
(-0.438981 -1.08508 0)
(-2.51015 3.61893 1.1667e-16)
(-2.23642 3.20973 -8.19001e-17)
(0.0888262 2.90257 3.87246e-16)
(-1.32186 3.43244 -1.19685e-16)
(0.0947727 2.95564 -1.36873e-16)
(-0.204946 2.15637 7.92965e-17)
(0.108766 2.96165 -1.93675e-16)
(0.135113 2.93056 -2.62251e-16)
(0.109959 2.82825 -6.64589e-18)
(0.121433 2.95141 0)
(-1.27434 0.330523 0)
(-0.00385142 1.20559 3.85983e-16)
(-0.022937 0.701016 0)
(0.224112 -1.04556 0)
(1.14977 -0.306596 -2.16754e-16)
(-0.70086 0.53328 1.66767e-16)
(-0.497188 0.218311 -3.84358e-16)
(-0.0125079 -0.167324 -1.7769e-16)
(-1.00646 2.11042 1.28542e-16)
(0.343049 -0.577629 -2.51143e-16)
(-0.13489 0.243123 -5.31646e-16)
(-1.07946 3.21384 1.94951e-16)
(-0.557228 -0.284813 0)
(7.51902 -0.532568 -1.38911e-17)
(0.868726 5.92372 -5.72797e-17)
(-0.0772371 -0.00179089 3.67868e-16)
(-0.22319 -0.0155532 -1.79152e-16)
(-0.879097 5.07155 -3.13494e-16)
(-0.547846 7.86909 2.3557e-16)
(-0.707682 9.71897 9.01214e-17)
(-0.000474795 1.22191 0)
(-0.0988249 1.72144 -4.67413e-17)
(-0.57532 -0.201249 0)
(0.594925 7.21365 -5.07911e-17)
(10.2219 0.893267 -1.37793e-17)
(7.70673 -0.769385 -2.96376e-17)
(0.158278 0.982948 -1.7247e-16)
(0.70125 0.399947 -1.53274e-16)
(-0.0450881 2.90933 1.37907e-16)
(0.0867871 2.63097 -1.05229e-16)
(-0.453174 -2.12115 0)
(-0.627654 -3.27117 -7.66472e-18)
(0.115332 0.905146 0)
(-0.00202754 -0.295886 2.17007e-17)
(-1.09661 6.71932 6.02011e-17)
(0.205591 1.26442 0)
(-0.589492 -0.165171 0)
(-0.545282 1.42799 0)
(-2.62432 0.383994 3.56139e-17)
(9.95311 0.126091 -1.13915e-17)
(-2.80458 -0.238744 0)
(-0.199357 0.883223 4.11947e-19)
(-1.168 4.68797 1.29249e-17)
(-3.46389 3.66798 -1.97801e-19)
(-2.20855 3.98519 0)
(-2.16586 2.48984 9.11347e-17)
(-1.41129 -1.73377 0)
(-0.252672 -0.273909 6.35361e-20)
(0.0210483 2.91124 -7.3192e-17)
(0.29846 1.96864 -4.21885e-17)
(0.138957 2.18762 -8.59213e-17)
(-0.0417807 2.3722 0)
(-1.63936 -2.71472 2.09142e-17)
(9.39825 2.31812 0)
(-0.834055 -0.320718 2.77903e-17)
(10.5847 0.10717 -7.81434e-17)
(0.303344 1.94836 0)
(-1.04006 9.10719 -2.72117e-16)
(-0.794153 3.04113 8.06517e-18)
(0.149677 1.91475 4.34835e-17)
(-0.698532 0.0696273 0)
(-1.29463 -0.827247 2.7614e-19)
(-2.40342 -2.50511 -6.9977e-17)
(-1.99767 -0.368529 5.61938e-17)
(-0.0340656 -0.152315 -1.84295e-16)
(-0.614679 -0.173392 1.21096e-18)
(-0.240137 2.48147 0)
(3.66521 -1.98462 6.41331e-17)
(0.170594 2.38997 0)
(-2.35031 -1.92599 2.63871e-17)
(-3.08844 1.32801 -8.13579e-17)
(7.97234 -0.636486 4.04964e-17)
(7.88505 -0.302754 -1.11888e-16)
(-3.17375 -1.16642 3.03038e-17)
(-2.15126 -1.12292 -1.30669e-17)
(0.0478479 2.76764 2.07055e-17)
(0.000212728 2.26025 -4.11712e-17)
(-3.62228 4.98334 2.20009e-17)
(-3.2716 0.886145 0)
(-1.24769 3.02643 2.99122e-16)
(4.08777 6.4508 0)
(-3.00365 3.84441 -6.16133e-17)
(1.18801 7.83595 1.04354e-16)
(3.6517 1.39108 7.25591e-17)
(0.643032 1.98956 0)
(-0.781837 -0.106789 4.32044e-17)
(-0.015337 2.95713 6.08836e-17)
(-3.36301 2.45192 1.78188e-17)
(9.94778 0.225267 0)
(0.0254803 2.85819 0)
(-0.0331087 -0.854935 5.46183e-20)
(-2.95117 -0.94201 -2.96335e-17)
(-1.32479 0.0321252 1.96286e-16)
(8.4914 0.00394902 3.4088e-17)
(-0.0458595 2.54849 7.92633e-17)
(-1.11729 -0.0221982 2.39754e-17)
(1.96718 -1.30215 -3.33209e-17)
(-3.56621 6.43126 -3.80875e-17)
(2.61459 2.98197 -8.07886e-17)
(8.52993 0.0234491 -8.80881e-19)
(9.18236 2.25529 3.7975e-17)
(-1.6843 3.19912 -2.79212e-16)
(-3.15519 -1.11288 0)
(-3.27632 7.27434 0)
(-1.4903 9.47859 3.55131e-16)
(-2.33302 -0.277577 -1.21396e-16)
(0.147685 -0.147686 -5.26362e-16)
(-0.997073 2.70944 0)
(9.93221 2.04363 1.09331e-16)
(3.86651 4.61877 0)
(-3.0766 1.8418 6.73546e-17)
(-1.34792 0.0884767 -4.62509e-16)
(-0.145997 3.10143 1.93274e-16)
(4.32934 6.02874 0)
(-0.0687394 3.01049 1.06947e-17)
(-0.162961 9.46143 0)
(-1.49354 1.02726 2.24003e-16)
(-0.766047 2.37167 1.13759e-16)
(-0.828861 1.127 1.171e-16)
(-2.73857 0.428696 -7.15341e-17)
(7.99066 3.73038 -2.51589e-17)
(-0.60446 -0.156871 -5.06129e-18)
(9.94163 0.166273 1.81327e-16)
(1.47276 -1.46438 0)
(-0.705336 4.61513 -4.78477e-18)
(-0.315068 -0.777485 -1.88898e-17)
(-3.36666 0.37781 0)
(4.07082 -1.42971 1.36578e-16)
(10.0045 2.3055 0)
(-0.655868 -0.141387 5.00531e-18)
(10.5116 1.10501 -2.74809e-18)
(0.255161 2.46314 0)
(-0.611668 1.74871 -1.0369e-16)
(10.0005 0.0508445 -9.39655e-17)
(9.64944 2.6107 0)
(9.17717 2.85936 -4.13432e-18)
(-3.42084 0.0796213 0)
(-0.312605 -0.531752 -8.65985e-17)
(-2.39982 1.03298 -1.60967e-17)
(9.95209 1.86453 5.48223e-18)
(3.14661 -0.389536 -1.26006e-16)
(4.10208 -0.392924 -1.07308e-16)
(4.59396 -1.48653 -1.66354e-16)
(-0.360245 -0.718572 -3.39898e-17)
(-3.55193 2.22166 -3.69095e-18)
(-3.67124 3.64217 3.56162e-19)
(-0.127177 2.94489 -9.63753e-17)
(0.784054 2.24501 0)
(-0.149806 -1.46386 4.03439e-19)
(-0.0139662 3.05508 5.87774e-17)
(7.93948 3.46023 -2.81824e-17)
(7.68819 4.40732 4.81687e-18)
(-0.70491 2.98916 -1.45436e-16)
(0.118432 -0.245985 0)
(-2.81552 3.91585 -1.21291e-16)
(8.0932 4.05142 0)
(9.98629 1.6498 -1.0507e-17)
(-1.38477 4.90739 0)
(-0.027234 2.83566 5.201e-17)
(-3.37986 4.75819 -6.10797e-17)
(-0.0731373 2.83317 7.35568e-20)
(-0.9241 -0.869121 7.59964e-17)
(-0.742257 -1.06802 0)
(-0.237718 -1.08345 2.94956e-16)
(-0.35859 -0.75696 -5.35535e-17)
(-1.83984 0.411858 1.31734e-19)
(5.46844 1.70876 -6.11036e-17)
(-1.37996 -1.07405 5.92777e-17)
(-0.485608 -0.669116 8.34264e-17)
(-0.463904 2.69286 -1.35616e-17)
(9.94001 0.103243 0)
(-0.0403078 3.19335 5.14253e-17)
(-0.696254 -0.965814 -9.85315e-17)
(1.42287 0.33395 -1.09859e-16)
(9.93361 0.0719777 -3.82124e-17)
(-1.13427 -4.19259 3.62297e-17)
(-0.0710041 2.71694 3.88884e-17)
(-0.728446 -1.33126 -5.91119e-17)
(9.29906 2.30263 2.99378e-17)
(9.31055 3.35254 1.55013e-17)
(-1.15335 -0.804946 2.42165e-16)
(-3.5743 1.92789 -1.08898e-17)
(0.0589022 2.98665 0)
(9.93644 0.0716952 1.51361e-16)
(-0.509988 3.02775 3.0485e-16)
(-1.20892 0.124281 -2.0929e-17)
(-3.66581 5.15638 0)
(-3.38853 1.65357 1.78892e-17)
(-0.288599 4.39453 -6.97107e-17)
(0.3854 3.13101 6.15824e-17)
(-1.06939 -0.744503 2.97667e-16)
(-0.433799 -0.146856 0)
(0.962938 -3.79036 1.13465e-17)
(8.60231 3.01123 3.6564e-17)
(9.82133 2.40855 0)
(0.265588 4.28575 9.37216e-17)
(-0.238115 2.68397 -6.969e-17)
(9.90813 0.0612912 6.8196e-17)
(9.94125 0.123713 -1.90587e-17)
(-2.25819 1.67029 -2.46931e-16)
(-0.369616 2.90145 -4.02708e-16)
(-1.92113 5.31097 8.03386e-18)
(-1.0398 0.591713 8.31779e-17)
(-1.42161 -0.305371 -3.09657e-16)
(-1.06435 0.17407 1.88459e-18)
(9.90117 0.0999634 0)
(3.12324 -0.450133 1.10738e-16)
(10.0101 0.0484147 3.31815e-17)
(0.0277564 2.9463 -6.11692e-17)
(-0.203297 2.84073 1.53006e-16)
(2.63298 4.51204 -2.46357e-17)
(-0.639687 -0.600241 -7.99806e-17)
(9.93043 0.0668208 -2.13565e-17)
(-0.89694 -0.755944 -1.82581e-16)
(-1.68284 6.84702 -7.85217e-18)
(8.22731 -0.370044 0)
(8.61172 0.670276 7.1811e-17)
(-0.982385 0.846138 6.43179e-17)
(-0.0791704 1.28626 1.98199e-16)
(-1.82883 -0.197811 0)
(8.73381 3.62896 -2.44048e-17)
(0.350759 6.94226 -6.16541e-17)
(-1.25089 -0.0915383 1.54709e-18)
(-0.488062 1.94462 -2.24974e-17)
(-0.562589 -0.0925156 2.2452e-17)
(-1.11051 1.02863 -2.00222e-16)
(-2.80419 -4.39806 2.07721e-18)
(-0.639754 1.87756 3.45962e-16)
(-3.43284 5.33561 -1.77107e-17)
(2.24854 3.80717 0)
(0.197793 -0.280338 1.6565e-16)
(4.22554 -0.746019 2.21705e-17)
(-2.36455 6.042 0)
(-3.47354 3.65072 -8.59271e-18)
(-0.408981 3.05851 -4.68468e-17)
(-0.71604 2.72255 1.04279e-16)
(-0.959204 -1.48798 -2.68711e-17)
(-0.884498 -0.0729301 -6.99372e-17)
(-1.22121 -0.0567621 2.54721e-16)
(9.91884 0.087336 0)
(9.29382 2.31365 -4.78564e-17)
(-3.68114 3.6056 0)
(0.0502123 -1.56607 1.17236e-16)
(9.52599 2.09139 -5.29239e-17)
(-1.40157 -0.708754 5.53564e-17)
(-0.149877 3.19351 1.87559e-16)
(3.61872 2.65393 9.5454e-17)
(9.65982 2.93192 -2.21534e-19)
(-0.30726 3.14133 -1.66916e-16)
(10.004 0.0518896 -9.74814e-18)
(1.06679 0.283383 2.96756e-16)
(-0.833224 0.483052 2.87105e-16)
(-0.178185 -0.368554 4.26153e-18)
(-0.57015 -0.450895 -8.29044e-17)
(0.0690673 2.9499 -4.0148e-17)
(-3.04686 4.58028 -6.04867e-17)
(8.16813 0.292056 3.61057e-21)
(3.37409 1.15404 1.27553e-16)
(-2.32122 6.5445 -8.12555e-17)
(9.24497 2.23839 -7.27267e-19)
(-0.285668 2.9558 5.92997e-17)
(8.53115 0.324246 0)
(9.74574 0.0593056 1.86549e-17)
(9.9779 0.213983 1.03348e-17)
(-2.2817 7.80819 1.00493e-16)
(-2.08389 0.287869 -3.12541e-16)
(7.75728 0.289898 -1.9588e-17)
(0.123168 2.96632 0)
(-1.70448 4.84885 9.93355e-17)
(-0.425898 0.149114 -2.7941e-16)
(-0.814172 0.00981828 0)
(0.337882 0.558037 0)
(1.51776 0.0814727 1.29026e-16)
(-0.099566 0.144888 2.91429e-16)
(0.213791 0.115611 0)
(-2.16034 8.55731 -1.0741e-16)
(9.60045 1.91747 -5.68251e-18)
(-1.63528 0.662976 1.37901e-16)
(-0.445075 -0.0828706 1.296e-16)
(-0.592348 3.24015 0)
(-1.64004 0.174588 -2.83239e-16)
(-2.93192 5.60234 6.00245e-17)
(-0.164437 4.50177 1.10931e-16)
(4.78326 -0.174031 0)
(0.679401 0.675135 0)
(4.11107 0.268895 0)
(8.94429 0.347106 6.61178e-18)
(8.62138 2.59383 9.32244e-18)
(9.54455 1.56297 -1.16818e-17)
(6.16698 1.22747 7.39715e-17)
(2.38034 0.722219 1.50176e-16)
(0.799103 3.57486 4.98591e-17)
(8.90717 2.34646 -1.09262e-16)
(0.62175 0.131739 0)
(1.71504 0.245231 5.6128e-17)
(-1.38219 0.671905 0)
(-1.42781 -0.226589 -1.02849e-16)
(9.94918 0.0196609 5.01272e-18)
(10.9875 0.127629 0)
(9.66894 0.115874 4.45933e-18)
(2.78309 0.500991 -1.93884e-16)
(1.45251 -0.392339 -3.62729e-16)
(7.11961 0.446308 1.05785e-16)
(4.01412 4.87055 0)
(3.27106 6.27885 1.56337e-18)
(9.74353 0.047103 8.41012e-17)
(1.00508 1.18906 -1.92097e-16)
(1.21148 -0.723165 -4.42119e-18)
(1.97055 5.99702 -3.5961e-17)
(4.5786 0.301141 6.4084e-19)
(1.14587 0.189191 9.47881e-19)
(-0.549158 0.354972 8.80013e-19)
(-1.31503 6.6009 0)
(-0.447764 -0.394761 1.60201e-16)
(-0.92019 -0.436838 1.26322e-16)
(2.32886 -1.15106 -8.57579e-17)
(3.50867 0.277896 0)
(-0.652728 1.21052 7.07638e-17)
(3.08155 6.05483 1.61746e-17)
(-2.13328 2.2948 -1.42745e-16)
(1.08493 0.0956754 -1.51755e-17)
(1.05013 0.782417 -1.01637e-16)
(-0.915837 -0.0871007 5.80448e-17)
(2.30095 0.277674 -5.53625e-17)
(0.892425 2.4863 0)
(0.254031 -0.190278 1.7824e-16)
(1.79764 1.18068 -4.64518e-16)
(-0.282121 -0.277133 -9.50191e-17)
(-0.689945 -0.247019 -1.16198e-16)
(-0.918449 -0.157016 6.78552e-20)
(1.885 0.388128 3.19543e-19)
(-1.09898 1.61311 1.42652e-16)
(9.68409 1.7287 0)
(-1.41931 0.0656788 0)
(2.61777 1.53652 -9.64805e-17)
(9.9936 -0.0157777 2.38419e-18)
(9.91847 0.168523 0)
(-0.669624 -0.488558 -7.96009e-17)
(-1.3407 -0.611515 0)
(-1.76414 8.78194 -6.61928e-17)
(10.0533 0.254102 2.05448e-17)
(-1.2462 2.69702 2.0977e-16)
(-3.14389 6.98612 0)
(9.17506 2.04343 2.29269e-17)
(-1.75694 -0.710753 -8.35116e-17)
(-0.996814 0.0634596 7.78336e-17)
(-0.382606 -2.1379 -1.37153e-16)
(1.28288 8.04848 9.66768e-17)
(-0.302723 -0.376491 -4.04684e-17)
(0.166981 1.74053 4.81173e-16)
(0.0575765 2.41857 0)
(9.84079 0.105161 -7.02181e-17)
(10.0062 0.174255 -2.23305e-18)
(0.339416 3.28038 -8.57847e-17)
(-0.686561 -0.175442 8.85292e-17)
(2.47865 -1.85729 -9.91888e-17)
(6.02131 0.0792692 2.81573e-17)
(5.43792 0.254902 -3.93016e-17)
(4.31427 -0.30878 -1.81282e-16)
(5.27174 0.18006 0)
(5.66012 0.0619582 -1.25556e-16)
(7.32467 -0.0388149 0)
(6.18524 -0.0781327 3.13942e-17)
(2.90372 0.287757 6.09482e-18)
(4.56616 -2.36867 -3.00881e-16)
(0.459128 -0.651014 -3.41451e-16)
(11.1549 0.425449 4.3574e-17)
(0.634067 1.10918 -2.495e-17)
(-3.47102 6.73934 8.62345e-18)
(-2.06905 -0.210769 4.11597e-16)
(-1.00039 -0.025311 2.69214e-19)
(-0.274162 -0.0880979 0)
(-0.183722 -0.164083 -2.08075e-16)
(-0.63992 -0.0462245 -3.36429e-17)
(-0.913806 0.581869 0)
(-1.81861 0.416182 2.24455e-16)
(10.126 0.912817 2.06237e-16)
(-1.71603 1.97922 -2.26615e-16)
(8.54232 0.0112804 3.36212e-17)
(-0.498434 -2.54843 -3.13952e-17)
(-1.31677 2.29164 -1.24183e-16)
(9.77287 1.51658 0)
(8.93896 1.19868 -3.39752e-17)
(10.4813 1.01373 0)
(6.00357 0.118692 0)
(-0.709691 2.22741 1.08623e-19)
(9.06293 1.71641 -1.76993e-19)
(-0.461184 -0.195911 3.53214e-17)
(-0.11944 -2.5515 -1.70307e-16)
(2.62256 -3.33437 1.41416e-16)
(9.8748 0.0335276 8.91334e-18)
(4.12635 0.345867 6.31204e-17)
(-0.700377 -0.717224 1.44728e-16)
(-2.05855 -4.9665 5.56101e-17)
(-0.00212013 0.0075406 -3.60814e-16)
(2.52712 4.34998 3.62603e-17)
(-1.53979 0.501431 2.03284e-16)
(0.431925 3.15108 -5.25178e-17)
(-0.331861 3.31961 0)
(9.92586 0.158392 0)
(9.69591 0.0360586 4.87675e-17)
(9.9355 0.112655 -7.11268e-17)
(-1.39214 1.15477 -1.84365e-16)
(1.24164 -1.42021 -2.67924e-17)
(-0.641213 -0.198513 3.81725e-17)
(-0.83159 -0.0669681 0)
(0.0394968 2.42582 0)
(10.2006 0.56149 5.03986e-17)
(7.82607 2.49057 0)
(-1.05519 0.0722331 -7.71894e-17)
(-1.78459 0.107585 -2.01045e-16)
(8.46175 -0.0172365 1.42868e-17)
(1.72294 7.33286 0)
(0.252021 0.233168 2.94097e-16)
(0.262496 2.5446 0)
(-0.154278 -0.145093 2.03327e-16)
(7.35239 2.95524 -9.19099e-17)
(-0.932233 -0.688728 0)
(-0.461551 -0.131974 -1.48777e-16)
(-0.44408 0.00684989 -9.23836e-17)
(9.9119 0.0552378 -6.4216e-17)
(-0.339321 2.03887 1.29223e-16)
(-1.79138 1.10448 0)
(-1.06773 -0.467499 7.69366e-17)
(0.0123419 -0.148451 -9.18235e-17)
(10.6206 0.238374 0)
(-0.0636945 2.4165 0)
(-1.70175 0.234552 2.01439e-16)
(-2.0509 1.40091 -1.18529e-16)
(-1.06311 -0.108712 0)
(5.41962 -0.0493501 1.90978e-16)
(9.60179 0.110016 0)
(-2.08562 7.35241 -1.05815e-17)
(1.16431 -0.616551 -1.43153e-16)
(9.86939 0.0937779 5.28028e-17)
(-0.336749 2.4057 -1.51421e-16)
(1.32195 0.344866 -4.12717e-16)
(-0.159668 -0.193567 -1.28667e-16)
(-0.619756 -0.13171 0)
(-0.843698 1.12235 -2.43576e-16)
(0.601545 1.48041 2.48385e-17)
(-0.70486 -0.247465 0)
(-0.644337 -0.235575 -2.11315e-17)
(0.182852 2.84559 1.65991e-16)
(0.263248 2.57094 7.03465e-17)
(-1.405 0.04224 0)
(-0.527588 0.0308458 3.39084e-18)
(11.1956 0.377857 -4.1107e-17)
(-0.518297 2.86678 2.89598e-17)
(-0.079148 -0.194246 6.13347e-16)
(0.328404 -0.0116901 1.06389e-16)
(-0.444565 -0.390459 3.70899e-16)
(9.95965 0.159884 4.94189e-17)
(-2.10241 6.72153 0)
(-0.639882 -0.0726199 2.50195e-18)
(0.191458 2.97682 -1.69211e-16)
(1.38042 4.92342 -1.34698e-16)
(1.78358 0.201019 -5.91181e-17)
(9.67868 0.0462112 1.43175e-19)
(-0.283017 2.14601 0)
(-0.382002 1.68401 3.91728e-18)
(-1.21099 1.84512 -9.64038e-17)
(10.1018 0.555239 2.38409e-17)
(-1.66662 -0.151887 2.02449e-16)
(9.9286 0.0531899 5.57857e-20)
(9.95387 0.309918 0)
(8.05214 0.00482072 4.02806e-17)
(-1.08065 1.61484 0)
(5.80716 -0.0328956 -1.70817e-16)
(0.0377881 3.00357 -1.9698e-16)
(-0.812684 0.120124 0)
(-3.13483 5.69803 -4.62242e-17)
(8.51881 2.24549 -1.66164e-17)
(0.537728 1.79656 8.09076e-17)
(0.282643 2.34059 -6.70757e-18)
(0.350316 1.22543 0)
(0.353577 1.81756 7.04437e-18)
(0.1858 2.77184 1.40857e-17)
(0.238263 0.650439 3.44018e-17)
(0.0660069 0.202402 -7.92381e-17)
(3.12176 -1.76515 9.27571e-17)
(-0.719372 0.045581 0)
(-1.24535 0.20144 2.54969e-16)
(9.89395 0.0613841 9.21412e-18)
(-0.0551583 -0.0762911 -1.28524e-19)
(-0.00902364 2.41553 0)
(-1.07568 0.108397 6.92912e-17)
(0.510241 -3.03928 1.10781e-18)
(0.00900596 2.36393 -1.56871e-16)
(-0.514035 -0.15344 -5.06855e-18)
(-0.280269 0.981282 -1.70593e-16)
(0.00747709 2.99576 -1.00053e-16)
(0.0396359 2.06314 -9.80269e-17)
(-0.278453 3.1225 4.60678e-17)
(-1.97637 2.77657 2.88468e-16)
(-0.646023 3.63444 0)
(0.59011 -1.19867 -1.31881e-16)
(-0.0939195 -0.199529 -1.27578e-17)
(-0.552831 -0.462121 3.91124e-17)
(-1.50479 2.81732 -1.01741e-16)
(-0.884489 -0.664018 -3.98626e-17)
(0.864702 2.83926 1.49536e-16)
(-1.33335 4.4995 6.14977e-17)
(0.177903 0.402496 1.13257e-16)
(-0.569709 -0.128705 2.54813e-18)
(3.46093 -1.98896 -8.97477e-18)
(-0.23761 0.791886 1.67638e-16)
(-0.189391 0.0127247 -2.42522e-17)
(-1.69456 0.174447 -5.67236e-17)
(-0.060427 1.62395 0)
(0.921456 0.108801 2.72529e-17)
(-0.742659 3.44149 1.51792e-16)
(0.14181 3.01907 9.23241e-17)
(2.36225 -2.1715 -1.09958e-17)
(5.13782 0.661809 -1.79824e-16)
(0.0947659 2.96301 2.06303e-17)
(0.0486734 2.97854 2.16591e-16)
(9.91935 0.050153 -6.13416e-17)
(-0.22992 0.389599 -4.45233e-17)
(-0.232714 0.179492 9.06559e-17)
(-0.722435 -0.0497918 2.52722e-17)
(2.21043 1.97543 -5.89682e-17)
(10.7498 0.767985 -1.64071e-19)
(-1.62285 2.3787 1.29209e-16)
(-0.955495 3.36639 -1.41767e-16)
(-0.103245 3.12057 2.81555e-16)
(-1.27961 2.69209 1.94476e-17)
(-0.207647 1.98766 -9.75963e-17)
(-0.264724 3.42441 1.62685e-16)
(0.00272823 1.68623 0)
(-1.32783 1.34879 0)
(-0.0890456 1.92401 1.92183e-16)
(9.8472 0.0298399 2.7341e-17)
(-1.04989 2.35399 2.63629e-16)
(0.416991 0.292882 -1.01044e-16)
(10.4272 0.179761 1.18687e-17)
(0.291011 -0.666982 1.37179e-16)
(-3.07764 6.79881 -1.98826e-17)
(5.4926 0.18122 0)
(-1.57985 -1.88696 0)
(-0.0443138 2.2719 2.47444e-17)
(-0.0712054 2.20673 1.90851e-16)
(-0.372501 0.289893 1.99617e-16)
(10.9145 0.21678 3.73067e-17)
(-1.11521 0.0648157 5.81847e-17)
(-0.608104 0.564954 2.30774e-17)
(9.92552 1.17798 2.05564e-16)
(1.41977 -0.242607 4.49936e-16)
(-1.08577 9.1024 -1.64493e-16)
(9.98544 0.0925978 -7.00108e-17)
(-1.03353 1.15711 -2.92874e-16)
(-2.06529 4.34138 1.06242e-16)
(0.101599 2.95941 0)
(9.94687 0.0737006 4.8464e-17)
(10.4455 1.42858 -2.6835e-18)
(-1.21308 0.0414489 0)
(-1.7445 6.31874 -2.74022e-18)
(3.25078 6.99708 1.67957e-18)
(0.133086 2.67199 -3.69752e-17)
(-0.401782 -0.0625507 8.2504e-17)
(0.0972018 3.22349 1.84654e-17)
(0.627712 4.93985 1.31238e-16)
(1.31149 0.561561 1.99242e-16)
(-0.645071 0.753101 7.53359e-17)
(-2.34073 0.704381 2.44121e-16)
(8.98318 0.780453 -1.64386e-18)
(0.238779 -0.157697 0)
(0.384674 -3.37023 -2.43032e-17)
(-0.58694 -0.193647 2.60541e-17)
(-0.0221532 3.26549 0)
(1.03241 -0.0367557 0)
(-1.39877 3.91161 -1.216e-16)
(0.129116 2.937 -2.45952e-16)
(-2.34607 -1.46954 -6.40671e-17)
(6.1477 3.98699 0)
(-1.58388 -5.9087 0)
(0.221565 2.9186 8.74327e-18)
(5.32425 4.85154 3.75316e-17)
(9.8894 0.172533 6.70689e-17)
(-0.919886 1.60274 -3.75583e-17)
(-0.639965 -0.0924752 -1.40877e-16)
(-2.1942 1.6427 0)
(-0.204712 2.79306 -2.22721e-16)
(-0.948821 -0.228725 6.75686e-17)
(-1.56952 -0.174824 -1.09842e-16)
(-1.0034 2.01632 3.34771e-17)
(0.0490789 0.487301 1.34917e-16)
(1.85153 -1.44762 -1.76934e-16)
(0.0849876 3.4683 3.23422e-16)
(8.69911 2.33778 1.21157e-17)
(-2.32107 8.16279 2.30736e-16)
(0.180831 0.0209721 -1.17167e-18)
(7.07455 0.250161 0)
(0.383199 3.44409 -9.58324e-17)
(1.72616 4.84703 1.85252e-16)
(-1.34801 -0.519595 1.4352e-17)
(-0.877389 -0.305795 0)
(0.354244 -0.844358 -7.11199e-16)
(10.6725 0.927254 1.24833e-17)
(-0.501364 0.289089 9.34168e-18)
(8.14322 1.19588 -1.62331e-16)
(-0.761661 2.09259 -4.92083e-16)
(-2.51964 8.61028 8.69492e-17)
(9.98512 0.154616 -6.1392e-17)
(2.88579 -0.273627 -8.2347e-17)
(7.3986 0.181623 -9.05578e-17)
(-0.351884 1.41318 0)
(0.265013 2.84167 -6.92832e-18)
(10.8938 0.126747 -1.38193e-16)
(9.91014 0.16042 -5.62547e-17)
(0.250802 3.13816 -1.67624e-17)
(-1.50194 -0.517591 -1.52836e-16)
(10.061 0.556709 4.82877e-17)
(-0.49024 2.87058 -4.42887e-17)
(2.38291 7.45362 -1.54593e-18)
(9.86561 0.0279289 7.01255e-18)
(-0.606416 0.493767 1.75038e-16)
(0.118853 1.88569 4.21145e-16)
(0.534964 4.34063 0)
(10.9574 0.361248 2.57526e-17)
(10.8326 0.361106 -2.73772e-18)
(-0.00780834 2.06383 1.10414e-16)
(-0.392705 1.14334 0)
(-0.612195 -0.0289361 0)
(0.0619728 -0.112551 3.48012e-16)
(8.22053 -0.000473552 -7.12605e-17)
(-0.0571332 2.08122 9.21421e-17)
(-0.841989 2.37205 -7.65439e-17)
(-0.858733 0.132176 2.30365e-16)
(10.8743 0.463712 -3.98483e-17)
(-3.32242 7.70995 1.73071e-17)
(0.251163 -0.0402259 -1.69141e-16)
(9.86824 0.129023 -2.13223e-17)
(-0.801131 -0.0341457 1.51404e-16)
(7.81365 0.698022 1.51556e-16)
(5.66648 0.201932 0)
(-0.0925448 1.35461 -2.11703e-16)
(-0.593018 -0.370746 3.43349e-17)
(10.2768 0.126877 1.16519e-17)
(-0.101551 3.14846 -1.79565e-16)
(5.50143 5.62071 0)
(7.72518 2.81775 3.4452e-17)
(0.0748878 1.63493 0)
(0.10869 2.74444 1.40686e-18)
(0.310992 -4.03681 3.61559e-17)
(-1.05551 -0.0906038 -1.88658e-17)
(9.66451 0.0657918 -5.00647e-17)
(-0.518559 5.9146 6.08153e-17)
(-0.889753 -0.41958 -7.73997e-17)
(-1.83417 -0.396251 -1.39252e-16)
(4.83059 0.328427 0)
(2.3302 0.204095 -2.21537e-16)
(-2.75829 8.76624 2.59089e-17)
(-0.796944 1.67146 -3.56756e-16)
(-0.837794 -0.0458724 -3.01891e-16)
(-0.592458 -0.159782 2.28508e-19)
(0.185976 -0.133713 0)
(-0.916023 1.55077 0)
(1.91241 0.0722746 2.98842e-17)
(5.96635 3.76929 4.73148e-17)
(6.70203 2.70811 1.19375e-18)
(1.72096 -0.954738 -5.63325e-17)
(-0.621782 -0.179527 1.539e-17)
(11.0113 0.378433 -1.18933e-17)
(0.0644624 1.50202 0)
(-0.911249 -4.40917 0)
(-0.0185005 1.55095 -7.21716e-17)
(-0.437629 -0.216381 8.94069e-17)
(0.452938 0.252054 0)
(0.0261406 -0.836805 0)
(0.433744 -0.241208 3.36504e-16)
(11.0239 0.357465 -2.05245e-17)
(0.189901 -0.0336991 -3.81813e-16)
(-0.24525 2.19567 1.36645e-17)
(-2.76313 6.33495 0)
(0.216532 -0.187539 4.78747e-16)
(0.297204 2.11591 0)
(1.76415 -2.37759 9.57486e-17)
(9.78342 1.799 -8.82681e-17)
(-1.57941 -3.99709 1.02726e-16)
(-0.331776 -0.182758 0)
(-0.729908 -0.109333 0)
(-1.31293 -0.559351 -3.09988e-16)
(-1.99191 6.0897 8.96313e-17)
(0.0747906 3.02575 2.56215e-16)
(-0.748435 2.2124 -4.2984e-17)
(10.0363 0.402739 -1.98354e-17)
(-0.622308 4.85904 -7.00946e-17)
(-0.121883 2.18925 3.66464e-16)
(2.65881 0.525833 2.45183e-16)
(9.8832 0.0762172 1.74014e-17)
(-0.871306 1.3419 1.49031e-17)
(-0.729162 -0.284192 1.24989e-18)
(-1.16783 -0.259013 1.19933e-16)
(-3.15184 7.94279 -9.64051e-18)
(-0.62634 -0.0112633 1.86497e-16)
(-0.577646 -0.0643848 2.52742e-18)
(-1.72116 5.66726 -3.46891e-17)
(8.5354 0.846866 -6.89802e-18)
(-1.04044 0.124007 2.00574e-16)
(9.79943 0.054923 -3.56561e-17)
(3.40719 0.395167 -3.96361e-17)
(-0.00874294 1.44837 1.00006e-17)
(-0.0726453 -0.094732 1.38938e-16)
(-0.599618 0.000356507 -1.44801e-16)
(0.0590415 3.00707 1.87589e-17)
(3.812 0.0275044 0)
(-0.282926 0.0315934 3.26249e-16)
(-0.505999 -0.238667 2.10704e-17)
(-0.889188 -0.180534 -1.99755e-18)
(0.0233857 1.70613 0)
(9.93227 0.0742691 1.65789e-17)
(0.711675 -0.784825 3.71025e-16)
(-2.82773 7.67127 1.87904e-17)
(-1.61722 -2.13025 5.10582e-17)
(10.7515 -0.0230891 -9.686e-17)
(10.2397 0.122913 1.99062e-17)
(7.09777 1.88041 0)
(0.0855076 -0.00680038 5.55819e-16)
(-0.473244 -0.201128 -7.08701e-17)
(0.186505 2.71772 -9.21657e-17)
(-1.39098 0.0869589 1.97864e-16)
(0.443543 0.0503237 -3.8315e-16)
(8.3716 2.0452 5.77317e-18)
(0.122252 3.06418 -9.61751e-17)
(0.262635 2.64131 3.1195e-16)
(10.1309 0.159306 4.35606e-19)
(1.55066 1.1063 -1.24847e-16)
(-3.42514 6.07214 1.01885e-16)
(7.39997 0.312653 1.6893e-17)
(-0.0807322 -0.250648 -3.17273e-16)
(-0.437991 0.00807473 3.60581e-16)
(6.4925 5.19955 9.219e-17)
(6.69833 -0.0510727 1.08626e-16)
(0.0666406 1.59246 0)
(-2.51472 8.1634 -4.87254e-18)
(-0.0600334 4.00207 0)
(0.384986 -2.97733 5.24366e-17)
(0.136558 2.98843 0)
(0.517355 1.42658 0)
(10.6921 0.4579 0)
(-2.69916 7.44709 -1.37785e-16)
(-0.147507 2.74222 -1.27626e-16)
(-1.12271 1.75793 5.36667e-16)
(-0.565182 -0.265401 0)
(-2.88433 8.2355 0)
(7.24815 -0.128807 1.05988e-16)
(10.0321 0.203899 1.91814e-16)
(-1.37857 1.2773 -3.02445e-17)
(-0.0913904 3.37918 -8.34166e-17)
(10.0211 0.0124254 -5.20191e-18)
(10.6132 0.296476 0)
(7.05399 4.40097 5.1301e-17)
(0.125791 3.00943 -8.80782e-18)
(0.693591 2.39345 4.32332e-17)
(-0.569422 -0.257496 0)
(0.056803 -0.174923 0)
(-1.70896 1.57262 4.75107e-16)
(0.715462 -1.52409 9.78076e-17)
(-0.904963 -0.359435 3.43051e-17)
(5.03994 0.85468 -2.38959e-16)
(-0.597638 -0.130701 -4.13779e-17)
(0.0731531 3.06517 0)
(5.86902 0.131545 4.24779e-17)
(0.0853802 2.1049 4.21713e-17)
(-2.3138 9.25067 0)
(8.22543 1.7166 0)
(0.636597 2.12461 2.20686e-17)
(8.55327 0.455957 -1.75896e-16)
(11.2887 0.0108045 1.85926e-16)
(9.9605 0.0890845 9.37771e-17)
(10.7257 0.0336072 8.50075e-17)
(-1.89362 -1.469 -9.5262e-17)
(-0.09998 2.32673 -3.75582e-17)
(-0.395638 -4.82514 -3.59347e-17)
(0.0232769 1.45681 0)
(-0.876628 3.777 1.59726e-16)
(-1.7048 5.96879 6.74562e-17)
(-0.262424 3.15844 -1.55022e-16)
(0.042211 1.33615 -1.12035e-16)
(0.179675 1.55919 0)
(-0.425633 -0.21219 2.17905e-17)
(4.09874 2.48484 0)
(0.792515 8.83916 -8.53306e-17)
(-1.9073 0.364257 -1.0437e-16)
(-1.11419 0.514538 3.43533e-17)
(0.0997834 2.94885 -3.89828e-16)
(-0.32344 2.27245 0)
(-1.41035 0.925233 -5.36012e-17)
(2.54808 1.55517 5.04264e-17)
(6.93384 -0.296785 0)
(-0.280827 3.61605 -2.34511e-16)
(-0.82876 1.52298 0)
(9.97367 0.555893 1.69803e-17)
(-0.276669 -0.186172 -5.29957e-17)
(5.18482 2.61964 0)
(-0.332512 3.32319 0)
(2.52614 0.808087 -1.70375e-17)
(6.28911 0.25277 0)
(-0.102663 3.66029 -1.39145e-16)
(-0.552112 -0.81434 -1.52154e-18)
(-1.60081 0.569023 1.5501e-16)
(-2.61379 -6.06096 1.37239e-18)
(-1.61368 7.40088 7.41632e-17)
(1.10822 1.95325 -3.59265e-16)
(11.1651 0.0204672 -2.38915e-17)
(9.93243 0.172894 1.27032e-16)
(2.13158 3.91926 -1.46621e-16)
(-1.7531 -0.152222 -1.10578e-16)
(-0.669147 -0.0579082 -2.9275e-17)
(-2.35283 7.49519 2.34455e-18)
(1.43784 3.08309 7.58139e-17)
(-0.353857 -0.14815 -8.52707e-17)
(-0.00426764 -0.0980064 1.64975e-16)
(9.82409 0.0298251 -4.98652e-17)
(0.704078 2.73458 -1.18363e-17)
(9.93939 0.0822633 -1.36248e-16)
(10.5637 1.25838 8.7764e-17)
(0.0110314 2.04288 2.342e-16)
(10.9462 -0.106471 -2.06207e-17)
(9.30156 0.750147 6.24043e-18)
(0.0823348 3.09102 -1.79381e-17)
(2.59353 -2.86322 1.34018e-17)
(6.45994 0.78665 1.08355e-16)
(5.27262 0.664054 1.38003e-16)
(-1.99068 -3.50331 7.0032e-17)
(3.69879 1.52835 0)
(-1.09278 4.07298 2.12994e-16)
(-1.2322 5.32061 1.06566e-16)
(0.165457 2.97743 3.70051e-16)
(-0.683524 -0.269806 -3.87255e-17)
(-1.62989 5.89404 -2.38567e-16)
(0.670875 8.38916 5.79207e-17)
(0.912553 1.64436 -9.55079e-17)
(2.73801 -0.839626 1.00002e-16)
(-0.401555 2.13055 1.96201e-19)
(9.98722 0.0600962 3.65989e-17)
(-0.00091043 -0.582395 4.62737e-17)
(-2.47915 9.002 -3.0005e-17)
(-1.89244 0.573979 0)
(-0.694559 0.705929 -1.15153e-16)
(-0.638954 4.38283 -9.69221e-19)
(10.1403 0.31938 0)
(-0.517231 7.89801 1.80994e-16)
(-2.45933 4.82673 -9.49722e-19)
(0.082851 2.97008 7.97295e-17)
(-1.85047 3.75927 1.05765e-16)
(0.109298 2.95008 1.41277e-16)
(11.1156 0.0843732 0)
(-0.697934 -3.62984 -1.70443e-16)
(0.03141 2.97843 6.39377e-17)
(9.89625 0.271876 -1.71581e-16)
(10.8203 0.611079 5.50697e-17)
(0.139921 2.35412 0)
(0.180099 1.6511 -1.32821e-16)
(2.0717 -1.91445 8.12132e-17)
(0.0946699 3.02807 -6.33857e-17)
(1.58026 4.20483 -6.52585e-17)
(-2.79568 5.28466 5.34199e-17)
(1.02033 -0.393441 -6.34304e-16)
(-0.491259 -0.218493 0)
(0.132607 3.10604 1.04041e-16)
(0.0502826 1.67706 0)
(-0.540095 -1.9245 9.86043e-17)
(0.0529634 2.97476 1.04409e-16)
(-2.38672 -4.51519 -7.5906e-17)
(6.81491 4.86197 1.93254e-17)
(8.28305 0.929318 0)
(10.0273 0.119071 -5.21124e-17)
(0.108817 2.97969 1.61896e-16)
(-0.829953 1.67536 0)
(-2.24587 -5.74223 7.26284e-17)
(-1.08516 -2.61056 3.40013e-18)
(0.0418064 3.2359 3.1299e-16)
(0.954822 0.966262 9.12559e-17)
(10.0835 1.0234 -1.3293e-16)
(0.816193 -0.689774 -7.194e-18)
(1.92159 -1.31588 1.10287e-16)
(9.89124 0.0529146 -1.03257e-16)
(-1.7291 1.72607 -2.50348e-16)
(-0.304979 3.24716 8.78989e-17)
(7.01438 -0.214977 2.2914e-16)
(4.23935 -2.59525 1.75992e-16)
(-0.713701 0.498567 0)
(-1.23923 -3.19935 0)
(-0.0394915 1.51713 0)
(0.190624 0.0316894 1.62524e-18)
(-0.776195 1.11306 7.5393e-19)
(10.0049 0.290168 -9.91683e-18)
(-0.757196 -0.0278394 4.23621e-16)
(1.8526 -1.04186 0)
(0.410826 -0.228234 -1.75959e-16)
(5.7772 0.186814 -9.03669e-18)
(-0.623946 1.39602 0)
(4.02701 -0.962674 8.14704e-18)
(-0.599635 -0.162804 3.89325e-17)
(0.5704 0.802818 1.31366e-16)
(0.491629 -0.980772 0)
(10.3353 0.28769 4.31912e-17)
(-0.101695 1.33224 -4.10008e-16)
(-2.06551 0.717066 -4.54809e-17)
(-0.757277 -0.211421 3.89731e-17)
(0.231916 0.11276 0)
(7.39948 -0.346156 -6.48044e-17)
(-0.334346 0.734258 1.02671e-16)
(0.0210457 2.35435 -3.13967e-16)
(0.140439 0.421042 0)
(0.00490641 1.09777 -1.03483e-16)
(9.98999 1.41901 0)
(2.75187 -0.0552747 -2.18366e-16)
(9.395 0.300198 -5.97349e-18)
(10.1573 0.279023 -1.38058e-17)
(-0.370819 1.42405 4.00623e-17)
(0.300159 2.16509 -1.23356e-17)
(-0.7404 0.403339 -9.17595e-18)
(2.87074 -0.523804 -1.29164e-16)
(1.16771 -0.429217 2.77466e-18)
(-1.00732 6.84035 0)
(0.952575 0.968618 -2.96075e-17)
(6.30482 0.280712 0)
(0.0574583 2.99707 1.523e-16)
(0.573575 2.84452 7.11237e-19)
(5.03801 5.41195 8.43892e-17)
(0.212642 1.00421 -1.77586e-16)
(1.27703 -0.33503 -9.27246e-17)
(9.97248 0.117672 9.71599e-17)
(10.0755 0.181158 -2.05528e-18)
(6.39071 1.97062 8.68024e-17)
(9.91844 0.148836 -2.19174e-16)
(4.22798 -2.15507 -7.82492e-19)
(-0.0111215 3.27288 1.27845e-16)
(-0.265248 2.4405 -2.28011e-17)
(-0.464203 2.38995 0)
(4.80116 0.957973 0)
(0.356702 -0.0897902 0)
(-0.499219 3.95537 -1.3532e-16)
(-0.423077 1.24628 3.05082e-17)
(6.51606 1.39814 0)
(-0.413924 0.322965 -1.04094e-16)
(-0.321994 1.58852 2.28256e-16)
(0.419249 2.87806 -1.42001e-18)
(-0.412048 1.79696 2.03284e-16)
(10.1361 0.0740805 -8.31963e-18)
(9.82023 0.0461463 2.60253e-17)
(2.59857 3.08515 0)
(0.277642 1.54206 1.80226e-17)
(0.577307 5.99115 0)
(10.4696 0.00279063 1.56914e-16)
(10.5285 0.195644 0)
(10.6026 -0.0906161 -1.92096e-16)
(9.96312 0.422031 -1.08511e-17)
(-2.5441 -6.1772 0)
(0.083616 3.03048 7.39448e-17)
(-2.06828 5.40927 -2.09198e-16)
(0.0976708 2.99089 -1.45391e-16)
(10.7342 0.401487 0)
(4.05546 -0.0710146 -4.07647e-16)
(-2.42752 5.86895 -9.73186e-17)
(0.0704364 2.99834 7.74485e-17)
(-1.62597 5.72579 -7.76313e-20)
(0.125532 3.01935 -2.51409e-16)
(-0.298098 6.96551 5.96628e-17)
(11.0345 0.166221 2.89604e-17)
(10.0254 1.23257 0)
(0.144527 1.36258 0)
(4.74371 0.173247 1.10666e-16)
(-1.80706 0.0893097 -8.17106e-17)
(-1.56338 0.101587 -2.48612e-16)
(0.18185 1.2537 4.41967e-16)
(-1.01369 -0.121484 0)
(-0.279306 1.14161 -2.82261e-16)
(1.27338 0.335891 -2.40534e-16)
)
;

boundaryField
{
    frontAndBack
    {
        type            empty;
    }
    wallOuter
    {
        type            noSlip;
    }
    inlet
    {
        type            fixedValue;
        value           uniform (10 0 0);
    }
    outlet
    {
        type            zeroGradient;
    }
    wallInner
    {
        type            noSlip;
    }
    procBoundary0to1
    {
        type            processor;
        value           nonuniform List<vector> 
29
(
(-0.102735 -0.494649 -7.52296e-16)
(0.145957 -0.715383 4.34142e-16)
(-0.580298 -0.757518 2.26237e-16)
(-0.580298 -0.757518 2.26237e-16)
(-1.66157 -0.876572 -1.35474e-16)
(-1.66157 -0.876572 -1.35474e-16)
(2.58662 -0.78092 9.70021e-17)
(0.387266 -0.104177 0)
(0.07184 -0.482351 1.08495e-17)
(0.256278 -0.728211 -1.23192e-16)
(0.571415 -0.452048 -6.21486e-17)
(-1.80276 -0.261134 0)
(-0.841068 -0.178493 0)
(-0.510315 -0.187586 0)
(4.37671 -0.895716 6.68655e-17)
(6.56926 -0.945461 8.44662e-17)
(-0.69546 -1.61124 4.99376e-16)
(0.697921 -1.63155 -3.88419e-16)
(-0.114837 -0.838184 3.51729e-16)
(0.42658 -0.833957 6.71241e-16)
(7.36425 -0.769592 3.57897e-17)
(7.23946 -0.502042 -2.25479e-18)
(0.80161 -1.19389 1.28931e-17)
(6.1749 -0.0559579 -8.54707e-17)
(3.90263 -0.0377144 9.54815e-17)
(0.697921 -1.63155 -3.88419e-16)
(6.90472 -0.198466 0)
(0.733954 -0.248136 7.3636e-17)
(6.1749 -0.0559579 -8.54707e-17)
)
;
    }
    procBoundary0to2
    {
        type            processor;
        value           nonuniform List<vector> 
42
(
(0.229623 2.92198 2.23931e-16)
(0.159734 2.87692 -2.05711e-16)
(-0.0291714 3.66605 -2.61267e-17)
(0.127108 3.34747 2.09995e-16)
(-0.211832 -0.245593 -1.12973e-16)
(0.229623 2.92198 2.23931e-16)
(-0.0291714 3.66605 -2.61267e-17)
(-0.0674611 3.02944 0)
(-0.0679231 -0.278772 1.88954e-19)
(-0.0225731 -0.177089 0)
(-0.173956 0.662138 4.27361e-16)
(-0.246643 2.00243 5.33641e-16)
(-0.173956 0.662138 4.27361e-16)
(-0.119807 2.63416 -9.62559e-17)
(-0.0169042 2.97121 -7.35219e-18)
(0.368252 2.97673 5.15458e-22)
(-0.0169042 2.97121 -7.35219e-18)
(-0.00769709 -0.186612 -5.75969e-17)
(-0.0469444 -0.203623 -2.31231e-17)
(0.826562 -0.706367 -1.07771e-15)
(0.826562 -0.706367 -1.07771e-15)
(-0.00769709 -0.186612 -5.75969e-17)
(0.00166609 -0.18431 1.42359e-16)
(0.732188 0.421734 -2.53671e-16)
(0.732188 0.421734 -2.53671e-16)
(-0.00866857 -0.305998 -9.83201e-17)
(1.13043 1.32846 -8.64912e-19)
(-0.0463201 -0.412831 2.87418e-18)
(0.743305 2.73463 -1.77902e-16)
(0.113726 2.90192 1.53584e-20)
(0.113726 2.90192 1.53584e-20)
(-0.114825 -0.602604 0)
(-0.190126 -0.768096 -8.13159e-17)
(-0.239297 -0.701019 8.39799e-17)
(-0.226175 -0.274614 3.62637e-21)
(-0.0291714 3.66605 -2.61267e-17)
(0.0693699 2.90652 0)
(0.128492 2.2961 0)
(0.743305 2.73463 -1.77902e-16)
(-0.0674611 3.02944 0)
(-0.141893 1.46342 -3.82527e-16)
(-0.342345 0.575303 -1.95277e-17)
)
;
    }
}


// ************************************************************************* //
