/*--------------------------------*- C++ -*----------------------------------*\
| =========                 |                                                 |
| \\      /  F ield         | OpenFOAM: The Open Source CFD Toolbox           |
|  \\    /   O peration     | Version:  v1912                                 |
|   \\  /    A nd           | Website:  www.openfoam.com                      |
|    \\/     M anipulation  |                                                 |
\*---------------------------------------------------------------------------*/
FoamFile
{
    version     2.0;
    format      ascii;
    class       volVectorField;
    location    "0.34";
    object      U;
}
// * * * * * * * * * * * * * * * * * * * * * * * * * * * * * * * * * * * * * //

dimensions      [0 1 -1 0 0 0 0];


internalField   nonuniform List<vector> 
1466
(
(3.61019 0.039142 -1.26652e-16)
(4.80039 -0.112534 -3.1019e-19)
(-2.46796 -0.257085 4.0843e-16)
(0.307171 9.67681 -2.9329e-17)
(0.726539 -1.04753 -4.74313e-16)
(-2.25639 0.16014 -7.59246e-16)
(0.677241 -0.266392 1.47087e-16)
(3.55474 -0.453552 1.04372e-16)
(7.36187 0.110925 -8.76098e-19)
(4.87818 -0.118248 1.12941e-16)
(6.22809 -0.178256 -1.46446e-16)
(5.18808 -0.500489 0)
(8.32909 0.0604779 0)
(0.594119 -1.68904 -1.04811e-16)
(-1.24204 0.295697 0)
(4.9675 -0.45062 1.12539e-16)
(2.41851 -1.7472 -6.8936e-17)
(-0.00545114 5.2831 -2.14645e-17)
(0.965319 5.68743 -6.81972e-17)
(-0.0506284 7.85096 1.03389e-16)
(0.120124 7.579 4.90838e-17)
(-2.00055 0.0224677 4.43486e-18)
(0.0363712 6.30327 -4.70719e-17)
(-0.124794 7.62449 -1.11325e-17)
(8.2337 0.140109 6.39353e-17)
(-0.513578 0.116708 -2.34242e-16)
(-1.25763 0.538587 -1.02154e-16)
(-0.04658 7.76467 0)
(-1.68623 -0.410451 0)
(4.91286 2.4769 4.39755e-17)
(6.53598 -0.505033 9.64517e-17)
(-0.503412 -0.0402234 1.45623e-16)
(-0.160496 -1.08002 1.78504e-16)
(-0.488874 7.45291 1.00122e-16)
(4.63967 -0.191905 7.88872e-17)
(-0.870912 0.764902 1.79021e-16)
(-0.590568 7.03115 0)
(2.31372 -0.747405 -2.03594e-16)
(5.03528 0.178101 -2.30886e-16)
(2.26723 0.212459 -2.47449e-16)
(-1.52382 -0.0214765 -1.13061e-16)
(-2.85707 0.016996 -2.50302e-16)
(-2.95412 -0.0859424 1.37194e-16)
(-0.217438 -0.276252 1.16902e-18)
(1.85387 0.0306875 -2.75362e-18)
(4.08347 -0.00712037 0)
(6.27807 0.144367 5.64401e-18)
(2.51161 0.22497 0)
(-2.1149 -0.363758 1.04292e-16)
(1.35047 -0.325776 0)
(-0.991406 0.345542 -8.80678e-17)
(4.71073 -0.0660828 -3.00265e-16)
(-2.49062 -0.107355 5.02103e-16)
(1.57301 -0.619461 4.38676e-16)
(-0.646012 -0.415207 -8.40103e-17)
(6.39387 -0.0450839 1.06039e-16)
(3.67942 -0.201065 -1.40109e-17)
(6.05049 0.0394718 0)
(-0.0402868 -0.332334 9.31465e-18)
(4.75994 0.0644728 0)
(0.360278 -0.143528 2.3233e-19)
(0.203002 -0.852571 -8.84752e-17)
(2.08127 0.3549 1.10902e-16)
(4.15487 -0.199764 1.16701e-16)
(1.36295 5.86592 -1.44275e-16)
(2.29008 0.576427 1.66253e-16)
(-0.430895 1.86615 0)
(-0.0730722 5.30215 2.13334e-17)
(7.50503 0.552747 2.48852e-17)
(-2.22404 -0.0108136 -1.26284e-16)
(1.30602 0.729001 1.00391e-15)
(-0.115073 6.179 0)
(-0.0530811 6.30323 0)
(8.1468 0.215953 -1.31285e-16)
(0.0193489 -0.580494 2.45203e-16)
(6.31923 -0.0408241 -9.5734e-17)
(0.455346 -0.769156 7.6058e-17)
(1.95004 0.264164 -6.59766e-17)
(-1.4791 -0.0865921 0)
(3.96122 0.844072 0)
(4.26437 0.0685567 -1.06915e-16)
(5.15454 -0.293041 -1.36026e-16)
(-1.49921 1.08355 -2.0252e-16)
(0.904362 3.18627 2.2033e-16)
(-0.103215 5.41697 9.02149e-17)
(0.626086 5.77883 3.49339e-17)
(-0.589588 8.56758 0)
(3.77874 0.303218 1.41893e-18)
(4.84917 0.134245 2.14643e-16)
(-0.134623 0.174499 -2.6875e-16)
(-0.177809 0.148021 -8.34916e-17)
(-1.94784 0.352302 -1.82508e-16)
(0.38365 7.76275 -3.23279e-17)
(3.40013 0.640806 -1.23886e-16)
(1.93146 -0.585293 0)
(-1.6753 -0.243547 -2.75705e-16)
(4.58234 -0.131936 2.63199e-16)
(6.39512 -0.00327127 -5.83924e-18)
(6.55862 -0.123398 2.65953e-16)
(0.176374 -0.286855 7.78894e-17)
(-1.79728 0.324068 4.24903e-16)
(-0.294502 -0.031879 0)
(1.70395 0.0925329 2.72476e-16)
(-1.2089 -0.606645 2.71689e-16)
(-2.87639 -0.126128 -1.02559e-16)
(3.97605 0.182536 4.72304e-17)
(-2.63857 -0.175792 -1.88103e-17)
(2.38307 -0.201043 0)
(5.56629 -0.387305 1.40116e-16)
(3.27983 -0.0364099 4.99756e-17)
(0.170152 -0.0636686 -2.39801e-16)
(5.05522 -0.0775414 3.12667e-17)
(3.80257 -0.201559 -2.23652e-17)
(-3.08324 -0.0076508 -3.15757e-17)
(4.34744 -0.319766 0)
(0.547701 0.173929 7.59402e-17)
(-2.67406 0.152839 1.16828e-16)
(3.91585 -0.0404521 0)
(-0.576461 -0.568266 1.17344e-16)
(2.4697 0.213814 -3.69007e-16)
(0.059968 9.13868 -2.35865e-17)
(1.65967 -0.421158 2.00692e-16)
(0.886313 0.331865 -6.85204e-16)
(0.221407 -0.264033 0)
(1.69746 0.0179596 -5.05357e-16)
(-1.14767 1.17501 -9.93825e-19)
(6.67611 1.02691 3.99933e-17)
(-0.277276 5.91207 -5.15831e-17)
(-0.104759 7.44173 1.75348e-17)
(0.838464 0.468605 1.55352e-16)
(4.96715 0.0130442 1.74214e-17)
(-2.34479 0.170474 0)
(-0.144249 6.44968 3.24537e-17)
(-0.169868 7.69606 2.32522e-17)
(-0.0539618 0.0114602 -1.37533e-17)
(-2.33881 -0.448907 0)
(2.54531 0.0996867 0)
(0.632701 -0.552899 -8.25604e-18)
(-1.71822 -0.370381 -6.93523e-17)
(2.49965 0.228229 1.226e-16)
(0.583466 -0.586066 0)
(-0.00329864 7.75048 -4.71885e-17)
(-0.0996514 6.77122 -2.11256e-17)
(0.386719 5.2347 -1.88003e-18)
(-1.50635 -0.411387 -1.79239e-16)
(0.959023 6.49918 7.44676e-17)
(-0.503235 -0.0402714 -2.51224e-16)
(0.514722 0.0857501 -3.96505e-16)
(1.55734 0.72255 -6.12046e-17)
(-0.93842 -1.16453 9.8268e-16)
(-0.0439201 0.134336 1.54958e-16)
(3.42144 -0.132042 -7.19717e-20)
(7.10881 0.88224 -1.41886e-19)
(0.777957 0.0590925 0)
(1.58197 0.712019 0)
(-1.9533 0.11491 1.72358e-16)
(-0.141082 7.74962 -1.12067e-17)
(-0.636485 9.30614 -9.55435e-17)
(-0.225713 0.0294199 9.55432e-16)
(5.54545 3.80062 5.47475e-17)
(-0.489544 0.0128358 1.11127e-16)
(5.58182 1.38441 0)
(0.561631 2.94323 6.11493e-17)
(-0.0858331 6.98655 2.98532e-19)
(2.71852 2.61434 0)
(-2.55067 -0.191713 1.15165e-16)
(-0.110072 6.84366 0)
(-0.185136 4.89138 1.5856e-16)
(-0.0620239 6.68668 -2.30214e-17)
(1.97194 8.95787 4.74626e-17)
(-0.0331375 6.84232 1.56677e-16)
(-0.422986 0.0627478 -1.06713e-16)
(1.78554 -0.0267489 3.32787e-17)
(7.41181 0.717014 -1.29581e-17)
(3.99455 -0.00295494 -2.03817e-16)
(7.66636 0.144867 -2.52296e-16)
(5.23965 3.05259 1.41253e-16)
(3.74591 1.74008 -6.44165e-17)
(-0.0120798 0.00434971 -3.24079e-16)
(1.00707 1.04246 -2.13688e-16)
(8.58507 0.165229 3.11998e-16)
(3.9843 -0.128151 -2.12008e-17)
(-0.0199846 4.73358 -1.47776e-16)
(1.39753 0.470658 2.15872e-16)
(4.08166 0.21872 -3.58745e-17)
(0.244253 5.50757 -2.30322e-18)
(-0.0731955 5.34744 -8.93527e-17)
(2.0191 4.54236 -1.21191e-16)
(7.37123 0.377572 6.12278e-17)
(-1.34974 0.0508534 3.16738e-16)
(0.00264465 6.94467 -1.06037e-16)
(0.420536 -0.265262 2.58616e-19)
(0.801806 4.65025 5.34779e-18)
(0.752892 6.17138 1.95324e-16)
(5.9104 3.31109 -3.19566e-17)
(0.323541 0.13628 0)
(-1.58394 0.165534 2.62808e-18)
(3.40049 1.08795 -3.11394e-16)
(1.38112 2.26034 -2.24711e-16)
(1.69821 5.83332 -3.95841e-16)
(0.614766 3.57968 0)
(1.16407 0.557125 0)
(5.54552 2.27644 6.08257e-22)
(0.633957 2.99054 0)
(1.47207 0.573317 1.73857e-16)
(1.76626 1.80131 -1.61627e-16)
(0.577488 6.89597 -8.7176e-17)
(6.84043 3.6945 0)
(-0.0809206 0.0981908 1.2148e-16)
(-0.0444479 7.7471 1.63586e-19)
(0.584616 6.10373 6.30616e-17)
(-0.080509 5.4481 -8.42618e-17)
(-0.251198 2.25785 0)
(-0.0824611 7.29069 1.14021e-16)
(0.255056 7.36493 -3.03974e-17)
(-0.0771574 6.75963 4.51706e-19)
(0.0509164 5.52193 2.45437e-18)
(-0.01946 5.15474 -8.00976e-17)
(3.71625 4.1394 1.23482e-16)
(-0.141037 7.24253 1.6135e-16)
(-0.272985 5.48483 -1.19423e-16)
(0.576878 0.100342 -1.07594e-16)
(-0.0359521 6.52788 -1.68795e-16)
(0.621541 0.154837 2.11562e-16)
(-0.0502585 6.56742 7.26159e-17)
(3.66598 3.61519 -1.29097e-16)
(-1.00666 -1.56714 4.04289e-16)
(0.830823 1.0817 -1.94714e-16)
(-0.0554008 0.116799 -2.59583e-16)
(0.535397 0.0457124 -2.12581e-20)
(0.774595 0.225312 -5.31361e-16)
(4.39862 0.11573 1.91065e-16)
(0.975374 5.0177 9.89444e-17)
(0.396197 3.38602 1.69004e-16)
(-0.923443 0.792419 4.77661e-17)
(2.20043 1.33234 -6.27846e-16)
(-0.0997539 6.77573 3.09313e-17)
(0.0452517 5.02481 1.51145e-17)
(0.573532 0.261987 2.18796e-16)
(0.021843 6.60606 1.9981e-17)
(0.319554 1.92612 0)
(4.38561 0.791154 4.0833e-17)
(5.82541 3.20422 7.48555e-17)
(2.32003 4.29695 1.8005e-16)
(0.108503 0.182747 0)
(6.00987 1.27385 0)
(-0.465868 -0.0338325 0)
(8.53555 0.337946 0)
(3.01252 0.848457 -1.08093e-16)
(6.057 3.66144 -6.79968e-17)
(0.00070482 6.18988 -4.44131e-17)
(1.14679 6.28231 -2.07681e-16)
(6.98337 4.28281 3.43248e-18)
(4.24435 -0.43084 -7.94388e-17)
(-0.512082 0.0576231 2.73097e-16)
(0.358955 0.0255925 -2.46131e-16)
(-0.205773 7.9428 0)
(8.94783 3.99051 -1.56438e-16)
(-0.0250265 3.87892 -5.81391e-17)
(-0.0897126 2.30827 9.55798e-17)
(0.0850003 -0.633876 0)
(-0.201184 6.58864 -2.04974e-17)
(-0.160418 7.67943 -2.95201e-17)
(0.552497 -0.0266763 4.7479e-21)
(4.39142 3.90289 8.2454e-18)
(1.4189 0.105563 -2.34879e-16)
(4.14713 -0.0686302 2.09056e-16)
(1.56684 0.785737 -1.08245e-16)
(0.487481 6.74281 -1.58777e-17)
(9.25499 3.60581 -7.64175e-17)
(1.75739 4.08938 -1.0365e-16)
(-0.0425828 3.86012 0)
(-0.234718 -0.688347 5.939e-18)
(-0.0251149 0.105817 -1.55697e-16)
(-0.184001 0.0656585 -3.44058e-16)
(0.813898 0.179684 4.06439e-16)
(0.246927 0.174498 -2.22018e-16)
(2.75099 5.48379 -1.05327e-16)
(-0.0975961 6.28259 -1.04199e-16)
(2.04396 0.878432 1.65831e-16)
(0.389161 -0.0596584 1.94678e-16)
(1.69012 -0.982395 2.02979e-17)
(2.54048 3.87215 0)
(5.49569 0.570396 -3.63449e-17)
(-0.248475 -1.634 3.7994e-16)
(0.862949 -0.281507 -1.40223e-16)
(2.68065 1.31792 0)
(2.74149 1.2938 -3.00464e-16)
(-0.469838 -0.303062 0)
(7.87078 4.11784 -2.54027e-16)
(7.78825 1.23334 1.29434e-16)
(3.0709 0.022737 2.18285e-19)
(8.50178 0.121706 -3.27876e-16)
(-0.826416 -0.0166105 0)
(3.91324 5.96825 9.17329e-17)
(0.964263 2.3733 -3.32289e-16)
(0.0327197 3.67259 1.05867e-16)
(1.06774 -0.689131 3.29825e-17)
(2.60901 1.27246 7.35329e-17)
(0.357397 -0.0301734 -2.35956e-16)
(0.715254 -0.991093 0)
(-0.762611 0.0618617 1.63637e-16)
(-0.526221 -0.266525 0)
(8.70668 0.39731 -1.97067e-16)
(-0.833469 9.39169 0)
(-0.214165 1.76953 7.48236e-17)
(1.3414 0.403568 1.27282e-16)
(0.0645304 -1.60133 -1.97597e-17)
(3.19151 8.47787 -2.45109e-17)
(0.0675096 7.33496 5.79126e-17)
(7.19044 1.96185 1.41074e-16)
(-0.395636 4.4325 0)
(-0.13551 6.80586 -2.92957e-19)
(3.0978 0.370257 -1.32742e-16)
(3.92436 1.94542 -1.7534e-16)
(4.95873 2.97704 -2.62978e-16)
(-0.148099 0.0508152 0)
(5.36586 3.62849 1.99144e-16)
(-0.378361 -1.20723 0)
(-0.590592 0.351103 2.72076e-16)
(0.0222554 -1.36307 0)
(-0.0347195 3.82242 -1.10808e-16)
(0.0617372 1.75518 -5.8976e-17)
(0.243588 -0.0276112 3.04592e-16)
(-0.206279 9.24544 -1.54442e-17)
(7.81209 5.29712 -7.98184e-17)
(1.2383 -0.130108 -6.93087e-17)
(4.87705 3.82106 -2.00128e-16)
(-0.0448581 -0.0569633 -2.5144e-16)
(3.0982 0.163202 1.58037e-16)
(-0.00217884 5.86699 8.54023e-17)
(7.89076 4.70204 4.81561e-16)
(-1.57039 -1.23934 -3.08273e-16)
(3.57797 7.35302 1.99852e-17)
(2.46668 2.79766 -1.33881e-16)
(7.1844 1.77721 5.72504e-17)
(2.53489 1.43838 -3.49323e-16)
(0.609494 0.165132 3.82665e-16)
(1.96365 1.04508 -1.70886e-16)
(0.958529 -0.135312 -1.60263e-16)
(1.2389 0.385869 1.80243e-19)
(6.63264 3.25297 6.34012e-17)
(1.0711 -1.49699 3.47892e-17)
(3.22954 3.36046 -3.18817e-17)
(1.56942 8.88967 -5.23339e-17)
(-0.826348 -0.185229 -8.27284e-17)
(5.7587 0.465745 -1.70327e-17)
(3.85837 6.15825 -7.38553e-17)
(7.09293 0.251654 2.27727e-17)
(2.92299 2.30315 1.45858e-16)
(6.35225 4.64482 -2.21652e-18)
(8.60196 2.76872 -4.35188e-17)
(0.104498 10.3974 -5.27196e-17)
(0.921061 0.95956 1.06198e-17)
(-0.90349 -0.952904 0)
(1.02023 1.70168 1.88846e-16)
(-0.547054 3.65112 -1.78392e-16)
(3.57454 0.461583 6.5908e-18)
(9.51578 2.5138 0)
(3.48755 7.46128 2.19708e-17)
(-0.316506 -0.317565 0)
(1.39259 3.06026 8.97155e-17)
(1.95612 5.15504 9.39751e-17)
(0.198049 3.09661 0)
(-0.686366 -0.816861 -2.38378e-16)
(-0.106529 1.88485 2.8751e-19)
(7.20333 3.03161 5.04858e-17)
(7.40015 2.59282 4.38804e-17)
(-0.983 -2.05165 1.3951e-16)
(2.82261 7.08787 3.45302e-18)
(3.00747 9.00064 0)
(0.730881 2.55201 9.68278e-17)
(1.37336 3.01481 -3.06583e-17)
(3.01431 8.56266 -2.80443e-18)
(-0.200999 -1.90522 4.59272e-16)
(-0.0021495 5.74044 3.1559e-17)
(3.2004 -0.51175 -2.21766e-17)
(1.21672 5.43156 6.79197e-17)
(3.10211 0.317884 3.60105e-16)
(4.12452 4.75384 -7.39219e-17)
(0.743343 2.19183 9.16039e-17)
(1.29595 2.54622 -2.83604e-16)
(0.777221 2.81802 -1.71438e-16)
(0.789697 3.3978 2.34134e-16)
(1.17736 3.8316 0)
(1.28483 3.20711 1.28047e-16)
(0.503392 -2.10742 -1.69134e-17)
(0.213473 -2.36703 -1.63885e-16)
(0.123297 -1.81877 1.40839e-16)
(0.0957337 -1.40775 -3.71302e-17)
(-0.354507 0.163125 1.66278e-17)
(-0.0709541 3.45446 3.7756e-17)
(0.0489268 1.72337 -5.49027e-17)
(0.102069 3.60726 -4.4476e-17)
(0.201056 -0.061708 3.06916e-19)
(-0.0484968 -0.568637 1.32004e-16)
(0.118292 -0.440713 -4.96331e-17)
(1.20886 7.12252 -2.7308e-17)
(-0.0522975 -0.272001 7.32581e-17)
(0.0577623 -0.194248 0)
(0.145963 0.415705 -1.67243e-16)
(0.78677 0.537285 1.83092e-16)
(1.54743 8.86559 0)
(-0.41919 -0.872883 2.18784e-16)
(1.1644 9.75191 -1.78864e-17)
(0.130308 -0.148499 6.51382e-19)
(1.58435 7.65388 -2.841e-16)
(-0.301593 0.310035 -1.08809e-16)
(2.55073 -0.302593 0)
(1.85243 -0.107188 8.66422e-17)
(0.103572 0.578475 -1.26865e-16)
(1.32971 6.73359 -1.28097e-16)
(1.04506 3.33996 2.31699e-16)
(0.996183 -0.157097 4.9169e-16)
(2.78785 1.33888 -1.03551e-16)
(-0.378957 -1.54121 0)
(-0.524051 -1.07976 0)
(0.925248 0.79866 1.20738e-16)
(0.389308 0.334674 0)
(4.04453 -0.733554 0)
(0.451421 0.135652 -1.49192e-16)
(-0.352219 0.0684226 3.36169e-16)
(4.12593 -0.742903 0)
(1.01076 4.41832 9.40185e-17)
(2.74803 -0.884917 8.64632e-17)
(-0.00408601 0.154725 9.22995e-20)
(-0.0928934 0.52175 3.7062e-16)
(2.09673 0.540818 2.45874e-17)
(2.13519 -0.607866 -4.6494e-16)
(0.328289 -0.00320161 2.67441e-16)
(0.800237 0.0320885 0)
(-0.0938544 -0.611437 1.49758e-20)
(-0.374432 -1.12235 4.6904e-16)
(-1.56667 10.2369 1.59021e-17)
(2.17098 -0.0390004 -4.45584e-16)
(-0.178397 -0.349805 -3.77249e-16)
(-0.602106 -0.427005 6.35581e-17)
(-0.419855 -0.863122 -6.44398e-17)
(-0.092346 -0.854275 2.61381e-16)
(0.126486 -0.0484067 -3.10286e-16)
(-0.380369 0.34154 3.74747e-17)
(0.229933 -1.04236 -6.78274e-17)
(1.08888 -0.176485 2.26308e-16)
(-1.28669 -0.38056 0)
(1.34482 -0.0360812 -2.67949e-16)
(3.28269 -0.472122 1.13954e-16)
(8.68687 0.100228 6.89332e-17)
(2.19332 -0.10114 0)
(3.17035 -0.199494 -6.62539e-17)
(1.8338 -0.365212 1.34147e-16)
(2.56224 -0.133868 -1.36587e-20)
(3.35672 0.112875 -8.89113e-17)
(0.353551 0.639688 -3.13504e-17)
(8.70412 0.133228 3.17358e-17)
(-0.0251572 2.17609 -1.6277e-18)
(-0.0845145 -1.07849 3.96287e-18)
(0.362252 1.05969 0)
(-0.713923 1.84566 0)
(0.000843092 -1.51172 0)
(1.47496 -0.0860239 2.35349e-16)
(0.00511528 -1.74982 -3.74778e-16)
(-0.13717 0.281119 -2.04475e-17)
(-0.343233 1.36138 -1.59848e-16)
(-0.622436 1.67795 4.72883e-16)
(1.13293 -1.01548 1.85043e-16)
(2.59266 0.0491094 -1.03461e-16)
(1.62583 4.1765 -7.83742e-17)
(0.503329 0.750775 -2.67706e-17)
(3.40811 2.55804 -3.42032e-17)
(1.96785 3.60857 4.36822e-17)
(1.61388 2.22303 8.93728e-17)
(0.28865 1.40296 -1.32768e-18)
(-0.595033 -1.51946 -5.14925e-16)
(0.491982 1.42758 1.51552e-18)
(1.0793 -0.0703692 1.34544e-16)
(1.90022 0.0242627 3.41926e-19)
(0.417888 0.540729 -1.68085e-16)
(0.788747 3.25801 0)
(0.437652 2.21944 0)
(1.61354 1.1903 -7.12158e-18)
(2.51538 7.71534 -7.56476e-17)
(-0.475821 4.92086 1.43028e-16)
(-0.57479 9.15581 -9.47405e-17)
(0.505225 2.68885 6.64753e-17)
(0.928179 1.44615 -2.58395e-17)
(6.86299 4.82657 -1.5835e-16)
(1.76732 0.136186 -1.22355e-16)
(0.285964 0.707568 1.59071e-16)
(0.472758 2.57331 -8.91444e-17)
(1.55582 5.38617 8.80053e-17)
(0.711184 0.877479 1.12589e-16)
(-0.0581657 7.84577 2.94396e-17)
(1.06467 -2.19384 -1.46054e-16)
(1.16063 4.48372 7.86728e-17)
(1.01636 2.90724 0)
(0.103423 4.38476 2.03721e-17)
(-0.11382 5.40054 0)
(0.953525 4.31266 4.58996e-18)
(4.64626 2.86381 0)
(0.145348 2.69865 5.05678e-17)
(0.723462 4.00868 0)
(0.459013 4.61259 0)
(-0.189658 3.01467 -1.32821e-18)
(-0.149565 -1.51226 2.16136e-16)
(-0.0596722 1.59823 -1.8923e-16)
(0.236964 4.00191 0)
(2.26405 8.11076 0)
(2.00277 -0.0392231 1.95217e-16)
(2.45607 0.429992 8.57742e-17)
(-0.0512386 4.90647 0)
(1.74598 -0.0546839 2.49667e-16)
(1.04419 2.1033 -1.17881e-17)
(0.355369 3.00455 4.27733e-17)
(-0.619622 9.5491 -5.43558e-17)
(-0.316245 5.44727 -6.58527e-17)
(0.126472 3.00375 -7.75666e-17)
(1.39191 3.11107 -1.51347e-17)
(8.73941 0.141907 -2.94987e-16)
(8.30734 0.27641 7.35356e-18)
(2.27233 -1.30782 4.43218e-16)
(0.635425 4.42008 -2.69353e-18)
(4.08522 2.77793 1.43771e-16)
(0.125018 4.34495 5.18313e-18)
(5.76794 4.91152 0)
(0.987289 2.75731 0)
(2.53417 3.96241 2.1457e-17)
(3.47175 3.25572 0)
(0.313414 -1.00223 -3.49959e-16)
(1.80655 4.23105 -3.10066e-17)
(0.50315 3.21683 -8.53758e-17)
(0.597932 -0.333279 1.52949e-16)
(-1.10563 10.3428 -1.83159e-17)
(0.194476 0.882997 -2.08516e-16)
(0.352832 4.46664 0)
(0.397147 4.74863 0)
(2.48288 3.48662 -2.58295e-17)
(5.2926 6.31838 0)
(2.29273 6.71125 0)
(0.502054 2.61611 0)
(-0.380981 8.43546 -1.00883e-16)
(6.75803 5.54797 6.30671e-17)
(-0.750744 -1.34761 -2.08634e-16)
(0.144203 1.64536 -1.83353e-16)
(0.0169693 1.74457 1.5025e-16)
(1.04801 4.15924 4.20217e-17)
(4.50275 7.31152 -2.77355e-17)
(0.45342 3.89692 1.3342e-18)
(6.5928 6.30898 -3.227e-17)
(-0.167011 6.49215 -3.76398e-17)
(1.35922 0.0533557 1.07939e-16)
(2.29016 -0.925907 1.6092e-16)
(1.77855 0.361421 6.79936e-17)
(-0.107426 1.23106 -3.19581e-17)
(0.670882 4.60468 -6.91606e-18)
(-0.727782 9.9221 2.21402e-17)
(-0.392436 5.16769 1.07569e-16)
(-0.239739 4.9553 2.20712e-19)
(0.159274 1.80393 2.38167e-17)
(2.07541 -0.288363 1.07905e-16)
(7.45945 5.89852 -1.40186e-16)
(0.43995 3.7243 1.03616e-17)
(-0.528906 -0.521454 1.57381e-16)
(0.785238 -0.0602074 2.50513e-16)
(4.34944 4.8248 2.40858e-17)
(8.33978 0.358178 -2.54476e-16)
(-0.0442838 0.573319 6.1696e-17)
(0.705802 4.54274 4.96278e-18)
(0.0855885 4.761 -9.85224e-18)
(2.56775 5.00948 5.33101e-17)
(0.053343 6.21487 6.57542e-17)
(-0.12551 9.14603 1.40278e-17)
(0.0846115 5.14601 0)
(0.780195 0.403082 0)
(3.98908 2.08882 4.22377e-16)
(1.72382 2.2475 -4.42196e-18)
(-0.275271 9.07973 3.96525e-17)
(8.76703 3.60013 -3.3832e-17)
(0.165438 5.48228 1.75339e-17)
(0.157867 4.82171 -9.36352e-18)
(5.60536 -0.431672 1.97391e-16)
(1.71221 1.96839 -4.0121e-17)
(-0.105942 6.51225 -3.01392e-17)
(0.0929217 5.1873 6.90232e-17)
(0.392293 3.80428 -1.19439e-16)
(0.363309 2.16705 1.67568e-16)
(1.46345 2.60728 4.56466e-17)
(0.0177266 9.32239 3.9721e-20)
(8.95748 1.856 9.51197e-18)
(-0.101117 4.38062 -1.19857e-16)
(0.112905 0.760391 -9.98617e-17)
(-0.733721 8.86071 -5.54483e-17)
(5.49818 7.03534 0)
(-1.40962 -1.37534 0)
(0.292662 5.00863 -7.27154e-17)
(0.236646 6.76917 2.5559e-19)
(-0.0864549 6.87745 2.41157e-17)
(1.62671 5.49991 6.37285e-17)
(-0.409412 10.5401 4.29931e-18)
(2.33722 1.83995 1.67047e-18)
(-0.266201 8.67943 1.33216e-17)
(4.32069 2.45154 0)
(8.54272 4.74358 -5.48614e-18)
(8.35216 4.39024 -6.51673e-17)
(3.68223 8.26839 2.68703e-18)
(0.855508 3.69717 -6.17077e-17)
(-1.08462 -1.09087 -1.41836e-16)
(1.78857 -0.0364815 -1.80539e-16)
(1.23902 1.0922 -8.61289e-17)
(-0.85787 -1.02049 -8.55351e-17)
(0.481675 4.08696 0)
(0.926926 2.09996 5.25886e-18)
(0.427083 7.18978 0)
(6.32206 6.40752 0)
(5.88031 5.37969 3.37378e-17)
(-0.24745 6.99783 0)
(5.84442 4.03777 9.38524e-17)
(4.26975 2.22424 -1.1407e-16)
(5.50455 5.91195 4.25824e-17)
(7.51535 1.41395 0)
(-0.128668 9.45165 -5.37117e-18)
(4.29706 7.77588 9.75605e-18)
(0.613875 -1.00549 2.72684e-16)
(1.07858 -0.0593226 -1.30561e-16)
(7.35078 5.50916 1.8954e-16)
(7.46748 0.128871 -4.8025e-18)
(0.475571 4.76802 7.46298e-17)
(-0.531627 7.9478 7.34693e-17)
(-1.31086 -1.42548 8.11804e-17)
(-0.951878 -1.29473 -1.36552e-16)
(-0.206439 6.00507 0)
(1.30949 0.538198 -3.72513e-17)
(7.67071 3.56614 9.1892e-17)
(7.53135 1.74828 -9.47946e-17)
(7.69183 4.78827 5.30051e-17)
(0.302748 5.23276 -3.75005e-17)
(9.03964 2.89754 4.82246e-17)
(-0.357022 9.33829 -5.27078e-19)
(-0.214606 8.91357 -1.81223e-17)
(2.88575 1.16292 3.41302e-16)
(0.00956739 9.71691 2.77814e-17)
(-0.139706 6.78624 3.80615e-17)
(0.51998 8.7686 2.54839e-17)
(0.235359 10.6881 4.39725e-18)
(0.702649 0.21392 1.82683e-16)
(0.230335 5.58701 -6.54498e-17)
(8.21055 5.23899 -8.17443e-17)
(-1.01262 -1.63517 7.88557e-17)
(0.166275 4.87293 0)
(0.0429415 10.7563 1.98661e-18)
(4.9493 6.93425 -2.09781e-17)
(0.388774 5.02086 -3.50229e-17)
(8.63175 0.392235 3.57714e-16)
(4.0721 0.34946 2.35536e-19)
(0.643228 -1.16185 2.03828e-16)
(-0.135912 0.336234 1.82891e-16)
(0.265559 5.07439 1.29607e-16)
(1.92988 0.702444 1.19074e-16)
(-0.288932 7.40481 8.59419e-17)
(-0.0408037 -0.0626915 3.20429e-16)
(9.38818 1.17873 5.83423e-17)
(0.193512 4.01057 -6.43128e-17)
(4.89241 0.033738 4.22332e-18)
(-0.195923 -0.476315 3.72915e-16)
(8.64411 4.19389 0)
(0.471424 0.347787 0)
(0.442623 0.251653 1.45709e-16)
(-0.372789 4.07551 1.14027e-18)
(1.94453 0.715327 0)
(2.93495 -0.33723 0)
(2.71746 0.823188 0)
(0.101886 -1.01746 -3.75117e-17)
(0.513774 0.142202 5.00179e-17)
(2.23724 -1.09685 0)
(0.717989 0.423301 6.61094e-16)
(-0.796082 -1.06443 -7.48202e-16)
(-0.00299074 -1.61832 1.01318e-16)
(-0.108043 0.202236 -2.34546e-16)
(-0.706852 -0.265087 2.15946e-17)
(4.41632 -0.367462 7.1132e-17)
(8.12255 3.09474 2.27983e-16)
(-0.214981 9.60432 2.708e-18)
(-0.290704 -2.02394 -1.50941e-17)
(-0.64274 0.0628563 7.55296e-16)
(-0.0966341 -0.802423 0)
(-0.25587 0.0993477 -3.37996e-16)
(0.481623 -0.0111272 2.21064e-16)
(0.483901 0.190395 0)
(-0.669929 0.0378458 1.87104e-16)
(2.34359 1.06943 7.3016e-18)
(-0.591625 0.036602 0)
(-0.186308 0.318161 9.22083e-17)
(8.20524 2.50998 -3.36317e-17)
(8.58728 3.68027 -1.53675e-16)
(1.9626 9.30238 -9.98952e-17)
(-0.0450261 0.119623 3.27107e-16)
(-0.707331 0.0414505 -6.5021e-16)
(1.72865 9.89501 -5.85278e-17)
(1.33878 -1.18441 -7.9402e-17)
(0.739944 0.196342 -4.94652e-18)
(0.572147 3.57857 6.27225e-17)
(0.10051 6.73375 9.823e-17)
(0.234341 0.145444 0)
(-0.633991 0.0346483 1.72744e-16)
(-0.0414982 -0.0527998 0)
(0.461262 3.52024 0)
(0.190071 3.0074 9.11763e-17)
(1.19965 0.317221 -1.54737e-16)
(-0.225414 -0.677303 8.3344e-17)
(-0.750198 0.0434194 3.14801e-16)
(0.414537 2.90001 -8.05082e-17)
(0.417326 1.87861 0)
(0.145887 4.41931 9.24949e-19)
(3.71144 0.257543 1.92481e-16)
(-0.0246379 10.5699 1.61751e-17)
(-0.110656 7.02258 3.83795e-17)
(-0.486068 9.43207 8.46034e-17)
(4.31913 1.32519 -4.1102e-17)
(0.16459 4.06273 -2.3123e-19)
(-0.659643 -1.38388 -1.17424e-16)
(1.69017 0.628368 -1.03414e-16)
(6.98151 -0.0422162 5.15593e-17)
(3.75552 -0.367959 -1.33503e-16)
(-0.637209 -0.0947315 0)
(-0.0787693 3.50809 0)
(-0.412526 7.76699 0)
(0.0433565 6.89694 1.81067e-16)
(-0.042578 9.70607 -1.61162e-17)
(3.0078 3.38881 0)
(1.20134 0.793896 0)
(-1.03323 -0.127524 4.89039e-17)
(0.597898 -1.4866 6.60127e-17)
(-0.129396 4.56298 1.29724e-16)
(-0.301999 -1.17183 2.76276e-16)
(0.0210178 -1.65255 0)
(1.02958 -0.592103 -4.11344e-17)
(3.24893 1.97496 5.78866e-16)
(-0.0974478 7.17401 -1.9948e-20)
(-0.224355 8.90609 0)
(-0.523098 -0.278653 -2.07939e-16)
(-0.0690235 6.20384 3.5379e-17)
(-0.393011 6.50737 5.3546e-17)
(1.86023 0.125789 9.48166e-17)
(0.361747 5.22223 0)
(-1.15565 -0.265159 1.23417e-16)
(-0.771225 -0.217202 4.12427e-16)
(3.39417 -0.345367 1.63996e-16)
(1.55294 0.184838 0)
(0.000103568 -0.998745 2.42683e-17)
(0.121272 1.77617 -9.82376e-17)
(6.30183 1.14547 -8.56184e-18)
(-0.107197 9.62088 -8.9191e-18)
(5.22049 -0.537553 -2.3825e-16)
(-0.540368 0.11974 -4.29849e-20)
(0.588827 1.32046 1.06099e-16)
(0.0447438 6.21991 1.75431e-16)
(2.60474 0.336892 -9.56306e-17)
(1.28851 6.05503 9.60841e-17)
(0.0231628 9.6634 0)
(8.50712 0.94345 -1.0467e-16)
(0.154931 2.52862 -7.45629e-17)
(-0.0981846 5.44123 4.46345e-17)
(-0.0399188 -0.407405 1.57125e-16)
(1.11168 0.30015 -1.4857e-20)
(3.46997 1.38129 -3.70378e-17)
(0.338675 3.63257 -4.2955e-17)
(5.7259 2.78861 0)
(-0.0749448 7.67541 -1.52047e-17)
(2.6892 2.91222 0)
(1.22364 -1.04582 0)
(-0.0176073 5.31307 1.48757e-16)
(1.86462 -0.0285828 -6.80199e-17)
(0.136279 0.247546 2.29016e-19)
(0.630001 0.298972 1.73387e-16)
(2.00577 -0.566056 1.33733e-16)
(-0.835998 0.335807 4.3369e-19)
(-0.0234258 5.22908 -2.40923e-16)
(4.17844 2.00052 2.54584e-17)
(-0.418173 0.0731228 3.47051e-16)
(2.10292 2.90665 1.96965e-18)
(1.31955 6.35741 1.40654e-16)
(-0.150671 1.89606 0)
(0.20815 -0.439374 3.72463e-17)
(-0.0212812 7.66617 2.02781e-17)
(2.70783 0.167234 -1.43118e-17)
(-0.51736 -0.808098 -5.45622e-17)
(-0.053706 -2.09446 -1.66675e-16)
(0.466601 0.233933 2.89383e-16)
(-0.469968 6.06785 0)
(0.163874 3.76116 4.3481e-17)
(2.25642 8.32351 -1.18059e-16)
(1.28707 1.91734 1.0062e-16)
(0.254446 -0.165978 -3.41862e-16)
(-0.04247 5.45732 0)
(-0.210687 -0.552318 -3.95133e-16)
(2.85912 -0.109992 -8.92559e-18)
(8.35167 1.52117 -5.2658e-17)
(-0.282897 8.09541 6.38525e-17)
(6.26703 -0.0500594 6.72599e-18)
(-1.38151 -0.659285 -1.76633e-16)
(0.136206 1.23938 -4.04015e-17)
(0.911023 -0.000798472 -2.46749e-16)
(-0.230398 -0.904654 -1.33092e-16)
(-0.201968 7.46942 5.93528e-17)
(-0.593145 -2.04727 -1.98233e-16)
(5.90812 2.65912 1.63004e-16)
(1.55412 0.175484 -2.47159e-16)
(-0.140352 -0.775107 1.60957e-16)
(8.49461 0.531454 7.02655e-17)
(-1.48098 0.210499 2.52927e-19)
(0.109232 9.53869 5.94494e-17)
(-0.0455867 7.31153 3.45999e-17)
(-0.139019 8.38197 -4.87312e-17)
(-0.247088 5.76938 3.18244e-18)
(-0.142408 7.45279 7.01583e-17)
(1.37135 0.429896 -7.36391e-20)
(-1.47337 -1.39475 1.63237e-16)
(1.11266 -0.246732 -6.3928e-17)
(-0.0601292 7.7092 0)
(-0.173404 0.0622753 -1.64442e-16)
(-0.354763 8.9576 -3.89471e-17)
(4.49244 0.542012 -6.05745e-17)
(0.17431 4.47175 2.10737e-19)
(-0.619962 0.770344 -2.18009e-16)
(2.76693 1.15404 -8.62751e-17)
(-0.0758429 0.239903 1.23496e-16)
(3.03054 -0.967657 1.00971e-16)
(-0.0105668 3.56987 0)
(8.73567 1.4576 0)
(8.26941 1.10195 3.83992e-17)
(-0.159687 5.76528 0)
(3.52267 0.881485 0)
(2.12373 0.71094 -1.68457e-16)
(-0.024125 0.474551 0)
(1.78575 -0.312215 7.66899e-17)
(4.47772 -0.172219 1.06688e-16)
(-0.0244685 0.698334 7.97282e-19)
(-0.933535 0.835195 -8.86468e-17)
(-0.526141 0.052529 -3.50956e-16)
(-0.16609 -0.489167 -7.76317e-19)
(-0.156283 -0.319273 0)
(-0.118684 0.491688 -6.1853e-17)
(0.189798 5.65944 6.70541e-17)
(0.355266 4.14331 2.03218e-17)
(3.96149 -0.265251 4.60925e-20)
(0.646031 -0.859681 0)
(2.0339 8.62267 2.70076e-18)
(1.79044 0.152828 -1.3321e-16)
(-0.387361 7.88184 1.05918e-16)
(4.45553 -0.0614233 0)
(-0.723489 -1.23724 -5.11064e-16)
(3.1556 -0.705147 1.32621e-16)
(5.85329 0.351793 3.51213e-17)
(0.385546 9.83311 -3.78975e-17)
(-0.390047 3.64916 0)
(0.584758 0.513644 1.3169e-16)
(1.1849 0.11376 5.56513e-16)
(2.81224 0.411082 -8.06928e-19)
(4.08232 0.128856 3.86453e-16)
(3.13638 0.123696 5.13138e-17)
(-0.270134 10.5814 -7.67158e-17)
(0.426212 2.96564 -2.60541e-16)
(-0.296174 6.89977 -2.13826e-16)
(8.62172 0.247343 6.55925e-19)
(2.06118 1.60104 -4.01993e-16)
(-0.376128 -0.100761 -1.0888e-17)
(1.53626 -0.0874859 1.37717e-16)
(0.313769 9.80475 4.11648e-17)
(-0.646516 7.96996 -1.40175e-16)
(3.02107 -0.0627414 2.06853e-16)
(-0.290863 4.46123 3.83722e-17)
(0.26434 0.98085 -7.43097e-17)
(-0.900362 0.101383 4.44527e-16)
(-1.05699 -1.09042 -7.41662e-17)
(-0.128853 0.0681048 -5.91474e-17)
(0.328501 1.80903 -9.93192e-17)
(3.17001 2.69914 3.85301e-18)
(0.263149 4.50197 0)
(0.075216 6.6514 0)
(0.0458714 6.57199 0)
(0.0563147 6.6063 -2.86396e-17)
(-0.155539 6.46484 1.73059e-17)
(-0.00125979 6.40992 0)
(-0.155772 6.84858 0)
(-0.0756512 6.36064 0)
(0.104841 7.40345 -6.54617e-17)
(0.0752592 6.30945 0)
(0.182618 6.05035 0)
(0.159128 7.09191 6.61275e-17)
(0.0311083 7.46418 0)
(-0.0262192 7.43909 -2.96983e-17)
(0.194775 6.73121 1.62535e-17)
(-0.027931 6.36323 0)
(0.326085 5.51315 -8.66339e-17)
(0.219422 5.91054 -3.16955e-17)
(0.223796 6.33513 1.93504e-17)
(0.484161 4.6919 9.70293e-17)
(0.59083 3.65362 3.01017e-17)
(0.6955 1.74683 1.66172e-17)
(0.649352 2.67037 -1.80109e-17)
(-0.0437793 7.41425 3.08906e-17)
(-0.0441474 7.42274 0)
(-0.0319279 7.43343 0)
(-0.00261118 6.51405 2.86297e-17)
(5.03446 -0.0508588 3.69366e-17)
(8.29213 0.0248054 -2.08769e-18)
(-1.10899 -0.0295444 -2.58019e-16)
(-0.799757 -1.50396 -6.71773e-17)
(1.72932 1.4766 -1.24077e-16)
(-1.31314 0.586865 -1.75752e-16)
(3.09978 1.28483 1.71636e-16)
(1.36222 -1.05894 1.71616e-16)
(-1.79823 0.0964626 0)
(0.00844673 6.82139 -1.18973e-16)
(0.170637 6.07015 -5.75855e-17)
(0.109185 6.56963 -3.35989e-17)
(-1.33366 0.448519 -3.61439e-16)
(1.29731 0.201956 0)
(8.77198 2.22072 -8.9235e-18)
(0.538174 -0.587589 -1.23657e-16)
(3.20566 1.96699 1.00448e-16)
(-1.31383 -1.18898 6.19147e-17)
(1.46552 -0.0646627 7.34213e-16)
(0.264024 8.7822 8.0417e-17)
(3.15542 -0.0976533 0)
(2.26941 9.7804 2.68268e-16)
(0.0668051 5.51406 0)
(-1.70791 -0.221327 0)
(-0.0319777 7.4828 0)
(0.733424 -0.391706 6.70314e-17)
(1.65851 0.173802 1.05248e-16)
(8.9581 0.926497 -2.2139e-16)
(-0.847534 0.0514951 -1.82845e-16)
(8.73489 0.583099 -6.97222e-17)
(0.213191 1.99976 0)
(1.86273 0.193963 0)
(-1.70646 -0.939943 -8.56139e-17)
(-0.275573 8.47437 1.22364e-16)
(-0.56146 0.106346 0)
(-0.570031 -0.00654822 -2.08192e-16)
(3.18645 -0.715672 0)
(-0.795489 -1.35158 0)
(0.00406311 0.139007 3.26629e-17)
(4.61234 0.288048 7.58804e-19)
(-0.0624617 8.02298 -2.91475e-17)
(0.47983 -0.844148 -2.84287e-16)
(1.71034 0.345771 1.68165e-16)
(2.73233 0.155651 -1.32618e-16)
(-0.0659118 5.41139 0)
(7.21203 0.198183 2.80877e-17)
(8.4755 1.95476 0)
(2.25123 0.921517 -2.99721e-16)
(1.54164 0.378904 -2.39179e-16)
(3.37742 1.09655 -2.77288e-16)
(1.16991 0.283562 -1.51045e-16)
(2.95174 1.2202 -1.30006e-16)
(0.507591 -1.40486 -4.19641e-16)
(-0.383406 -0.256245 -1.18919e-17)
(1.97988 -0.0361671 4.67854e-17)
(3.51645 -0.0938089 -1.00343e-17)
(4.38246 0.394961 1.37072e-17)
(0.0014078 5.94474 7.35446e-17)
(4.83335 2.4812 2.28311e-16)
(-0.0401908 7.29747 1.49876e-17)
(1.97137 0.111526 6.6092e-19)
(-0.100211 5.2285 -2.83772e-19)
(-0.494426 1.86722 -1.59186e-18)
(1.29589 0.725641 1.97425e-16)
(3.42245 -0.243568 1.86145e-16)
(2.10587 2.22239 1.04609e-16)
(-1.23649 -0.840971 -3.1134e-16)
(-0.787508 -0.659395 2.18898e-16)
(-0.011049 5.05383 2.54426e-16)
(-1.71446 -0.0993686 0)
(-0.00522313 5.26048 -1.52153e-16)
(3.64382 -0.0860377 -3.80541e-16)
(4.48892 -0.136254 -2.4607e-17)
(1.1763 0.235454 -4.91319e-16)
(-0.465718 9.54499 3.49165e-17)
(2.51402 0.0114666 -7.89786e-17)
(-0.197967 -0.0224161 -5.48256e-16)
(3.94529 0.191399 7.68804e-17)
(-0.0623404 5.64344 3.6276e-17)
(-0.351159 2.41345 -2.33836e-16)
(0.185056 5.94562 -1.8329e-17)
(8.55381 0.155563 -3.38203e-17)
(-0.04201 7.37566 1.4472e-17)
(0.187322 5.85867 2.78936e-17)
(4.14856 -0.163863 8.29964e-17)
(-0.611833 0.81557 2.52217e-16)
(-0.0480991 4.28556 -1.51176e-16)
(-0.660649 0.0297399 3.01539e-16)
(1.01219 0.204391 2.04942e-17)
(-0.802428 -0.453255 0)
(2.35794 9.11466 -7.92148e-17)
(-0.169858 4.10825 -6.24218e-17)
(0.508298 2.64413 1.22906e-16)
(3.57373 1.4135 -3.86797e-16)
(-0.603815 -0.866665 1.98984e-16)
(-0.593467 -0.594651 1.4058e-18)
(-1.65187 0.78673 -5.14062e-17)
(0.721944 1.53328 6.23125e-19)
(2.26276 -0.0206058 5.13673e-17)
(-0.275466 -1.1974 1.52253e-16)
(8.5142 0.722356 -9.92681e-18)
(0.409396 -0.554406 -1.7137e-16)
(1.24351 -0.745636 3.01731e-16)
(1.25894 0.216002 9.65967e-17)
(2.06234 0.992089 1.85833e-16)
(-1.54557 -0.712839 5.00415e-17)
(8.01733 0.0469291 -1.32694e-16)
(0.0852779 2.07743 1.85009e-16)
(-0.64368 -0.743669 4.9027e-16)
(-1.10612 -0.495004 3.19266e-16)
(-1.06678 -0.0100724 1.91192e-16)
(0.443157 5.46942 -7.04105e-18)
(0.948202 0.935553 -2.56742e-16)
(-1.40116 -0.281128 -1.05945e-16)
(0.576688 -0.064862 8.39239e-17)
(5.18866 -0.127579 -2.6621e-16)
(-0.177129 7.56715 -1.08814e-16)
(0.0858704 5.32723 2.31483e-17)
(-1.16132 -0.570617 4.15378e-16)
(-0.980119 0.00439257 -2.45679e-16)
(1.63779 3.02882 0)
(-0.0723969 8.95394 -7.27775e-17)
(-0.0890031 5.64399 -2.30168e-17)
(-0.031502 6.1976 1.35578e-17)
(0.276974 6.23909 -3.19611e-17)
(-0.0756164 7.64285 -4.42184e-17)
(0.780063 0.273061 1.47521e-16)
(2.01262 -0.771103 -2.56234e-17)
(0.434881 7.15692 8.65339e-17)
(1.92762 0.186245 0)
(-0.354161 0.0642662 -1.81205e-17)
(2.80762 1.45035 2.67464e-17)
(-1.92701 -0.43477 0)
(2.37825 0.461801 -3.48326e-16)
(-0.0983082 -0.296927 0)
(1.44852 -0.680322 -8.54676e-20)
(8.60014 0.282419 1.4107e-16)
(2.59953 0.397317 2.41345e-16)
(2.34192 0.111421 -5.80128e-17)
(0.458871 -0.260767 0)
(1.64291 0.120916 5.57397e-16)
(2.08176 0.0829685 -1.62918e-17)
(-0.228998 -1.14055 4.22937e-16)
(0.0900553 -0.748256 2.03871e-19)
(-0.770971 0.0435441 0)
(1.18333 1.48367 1.58386e-16)
(-0.0626758 6.6603 -6.57797e-17)
(1.46171 -0.190459 3.497e-16)
(0.941113 0.40344 5.63485e-16)
(-0.496443 -0.0288871 1.52519e-16)
(-0.683379 9.7409 -4.42796e-19)
(2.57376 0.0784709 -2.59865e-17)
(4.41016 1.01425 -1.45306e-16)
(2.03444 0.0384312 0)
(2.03736 3.01253 0)
(0.0150082 -0.0159734 -2.53073e-16)
(4.49895 0.125361 3.27348e-16)
(1.63682 0.295932 -1.39706e-16)
(9.76234 1.77599 0)
(1.02711 0.197896 1.18199e-18)
(2.15863 0.092648 1.32082e-16)
(-0.766323 -0.109164 -6.75176e-17)
(-0.0358508 8.55293 1.33522e-16)
(0.56837 0.282232 3.8528e-16)
(2.31215 -0.232784 -4.81938e-16)
(0.265192 0.392027 5.18967e-16)
(-0.19983 -0.0759125 3.3224e-17)
(1.81301 0.288649 -1.32423e-16)
(1.27677 1.32411 2.11296e-16)
(-0.806816 0.0204464 1.96402e-17)
(0.670592 0.225363 1.80179e-16)
(-0.896549 -0.000499456 2.9297e-16)
(4.20627 -0.322321 -5.84157e-17)
(9.54713 1.88233 0)
(-0.866476 -0.00509892 -5.63707e-16)
(-0.92437 -0.00538936 0)
(1.31515 0.00208314 -7.43591e-20)
(0.838108 0.538801 -1.53608e-16)
(8.72395 0.142476 0)
(-0.0363265 7.24644 -5.73585e-17)
(-0.801455 -0.0203704 -2.23287e-17)
(-0.847025 -0.000991555 3.34374e-16)
(-0.76757 -0.00910235 0)
(-0.831627 -0.0127818 -2.25198e-17)
(2.62687 0.0679089 -6.19005e-18)
(2.63209 0.0332399 6.24734e-18)
(-0.928603 0.0406655 0)
(-0.962592 0.0271299 0)
(-0.965659 0.00320836 0)
(-0.950591 0.00120776 -1.80385e-17)
(2.11919 -0.0188752 6.14892e-17)
(-0.0435259 -0.724958 9.3949e-17)
(-1.31234 -0.922163 7.57843e-17)
(1.80326 0.224518 -2.79926e-16)
(0.402507 -0.075962 1.81979e-16)
(0.174343 3.35603 -6.8163e-17)
(0.0449268 6.03771 0)
(3.20555 -0.176977 -1.55085e-16)
(-0.106508 5.72662 1.89766e-17)
(-0.00906081 6.15986 -4.17668e-17)
(0.69 0.959784 -2.36298e-16)
(1.94982 -0.940978 1.01279e-16)
(0.599854 0.267877 -1.17416e-16)
(-0.888533 0.938761 0)
(0.0108499 7.10872 1.12952e-16)
(4.97773 1.41509 0)
(-0.162741 7.20544 -4.54547e-17)
(0.32475 1.48698 -2.45089e-16)
(-0.801166 0.0471712 0)
(0.398991 4.9868 6.58128e-17)
(4.77113 -0.0611109 1.3707e-16)
(1.13498 0.456739 1.23705e-16)
(0.214345 -0.786017 -2.17135e-16)
(4.27139 -0.208851 -1.53341e-16)
(4.79166 -0.11116 3.67627e-17)
(0.121367 6.9057 0)
(-0.961839 0.145647 -1.89677e-17)
(2.36623 4.89037 -1.85755e-16)
(0.849891 0.195629 -3.04621e-19)
(1.29736 6.20606 -1.28964e-17)
(-0.047357 6.11507 1.65393e-17)
(-0.127277 5.94652 0)
(8.8066 1.03371 3.59292e-17)
(1.15858 -1.01631 -7.39372e-17)
(-0.0466721 -0.0552472 -6.33711e-17)
(2.03363 0.450289 0)
(1.27246 0.3114 8.14559e-17)
(5.61721 0.232798 -1.87137e-16)
(3.49079 0.350642 -5.80598e-18)
(2.59924 -0.24586 -2.2196e-16)
(3.61314 -0.0401699 1.14362e-16)
(-0.41407 2.54156 -3.34339e-17)
(0.980799 0.338442 0)
(0.72758 0.337809 -1.18133e-16)
(5.48135 -0.559181 -3.84304e-16)
(-0.446209 8.79374 -2.81306e-17)
(2.63524 -0.338061 -2.88346e-16)
(0.160413 6.11919 -6.63387e-17)
(0.254753 -0.55174 -3.86639e-16)
(2.31134 0.370351 0)
(-1.86679 -0.333809 -2.54802e-17)
(4.81642 2.52108 -1.38821e-16)
(0.971172 8.5 3.34284e-17)
(0.156332 0.687852 2.71241e-16)
(-0.00257083 0.227996 0)
(0.402999 -0.294148 3.69972e-17)
(2.57735 9.44446 1.63122e-16)
(0.27568 5.69082 -4.98648e-17)
(2.62719 0.0021165 -4.78278e-17)
(2.56502 -0.0295354 5.13349e-17)
(-0.151404 8.24187 -1.50859e-17)
(-0.464913 0.0558874 -2.70229e-16)
(-2.42449 0.567262 2.66067e-18)
(4.77583 0.233045 -1.46476e-16)
(3.95402 0.172643 7.20982e-19)
(3.99407 0.871054 -1.11979e-18)
(0.0308939 7.2829 1.22264e-16)
(8.51721 0.0993966 2.93504e-16)
(3.53804 2.84683 3.16549e-17)
(-0.106797 5.81343 0)
(-0.019018 6.08724 -1.57906e-17)
(-0.04538 3.36732 0)
(0.0685758 0.884655 3.0601e-16)
(6.50057 2.48454 -1.08591e-16)
(1.34928 -0.709785 -3.70921e-18)
(0.861627 6.31958 1.42955e-16)
(0.977618 0.278807 6.36247e-17)
(1.6722 -0.879394 1.47804e-17)
(0.400348 0.210051 -1.82484e-20)
(-0.212999 3.49213 4.04187e-17)
(0.421956 -0.101957 -8.03823e-16)
(1.54118 0.252682 5.33767e-16)
(-0.527439 -0.673092 2.89589e-16)
(5.14222 0.661618 -3.28981e-17)
(0.58114 -1.04974 -1.39546e-16)
(3.14017 -0.305332 1.69251e-16)
(1.21356 -0.26371 7.05381e-20)
(0.206977 1.37839 -2.0345e-16)
(7.95659 0.0564494 0)
(3.74974 0.37764 -2.32638e-16)
(-0.103057 7.38883 -3.3225e-17)
(6.38664 -0.537653 1.89612e-16)
(-0.15123 2.34101 -1.08654e-19)
(-0.00922553 7.72904 -1.48055e-16)
(0.694138 -0.169903 0)
(0.350772 0.689541 0)
(2.96772 -0.209689 -2.12923e-17)
(3.29865 -0.889326 3.91422e-17)
(-0.263737 1.0706 -7.89931e-18)
(0.282209 -0.545889 -1.09061e-16)
(1.73415 0.375458 2.8735e-19)
(3.30192 -0.85037 -8.87449e-17)
(3.99698 -0.0536636 -4.17919e-17)
(0.44197 9.66119 -8.9603e-18)
(8.44177 0.227391 -2.13439e-17)
(-0.13129 0.0838654 -1.11559e-19)
(-0.29997 0.0238321 3.58392e-16)
(4.66953 2.02222 1.35593e-16)
(-0.562667 0.046796 -1.95674e-16)
(-0.996641 0.598324 3.12249e-16)
(6.39923 2.0015 -7.88356e-17)
(6.35466 2.80957 -2.24749e-19)
(0.89037 -0.0863089 0)
(1.66524 3.04688 0)
(7.61202 0.113234 -1.67411e-16)
(1.74668 0.809216 1.68859e-16)
(0.238174 0.216978 -1.07685e-16)
(3.67077 1.52669 -1.05457e-16)
(-0.741221 0.0285898 5.7725e-17)
(3.3272 0.846057 -8.12464e-17)
(1.01103 -0.301091 0)
(1.39525 0.276063 -1.09854e-16)
(9.14612 0.712468 -4.24815e-18)
(3.0098 -0.307644 1.58876e-16)
(2.13542 0.00170824 -6.21171e-17)
(-0.17037 8.82544 0)
(-0.0614304 7.17145 -1.40867e-16)
(0.275522 4.52052 -2.34423e-16)
(-2.25703 -0.0531858 -1.58987e-16)
(1.19448 8.90154 9.81503e-18)
(8.94341 1.22061 -1.58202e-17)
(1.05924 -0.0164515 0)
(4.43071 0.0268945 9.09847e-17)
(-0.208413 0.170444 -1.6507e-17)
(0.448295 -0.32468 -4.08287e-16)
(3.89707 -0.249269 -4.69881e-16)
(-0.644619 -0.387588 -2.034e-16)
(0.838619 -0.530582 1.61234e-16)
(2.45981 0.859683 5.86149e-16)
(0.33473 -0.157643 -1.01955e-16)
(-0.162523 4.0232 -5.90404e-17)
(0.672779 -0.0286319 -5.48896e-16)
(1.15933 0.314357 5.98435e-17)
(4.13084 -0.194165 6.77367e-17)
(-0.689212 0.322015 1.95263e-16)
(0.909776 -0.515941 0)
(-0.914559 -0.172755 9.95241e-17)
(0.168598 1.26337 -1.14031e-16)
(-0.183697 -0.300288 1.59631e-16)
(0.685964 1.06305 5.90106e-17)
(0.0204832 10.1992 1.75276e-16)
(-0.619694 0.0419971 3.62151e-16)
(1.34726 2.99962 0)
(-1.00742 -1.18906 -3.3963e-16)
(1.29364 0.475774 -2.76574e-16)
(0.110609 7.54975 0)
(3.16135 0.502321 2.95437e-17)
(8.75036 0.77794 0)
(-0.679542 7.94705 -8.74514e-17)
(-0.447133 9.38708 -2.11929e-18)
(5.19339 1.07085 2.30477e-16)
(-0.215253 8.07783 1.42487e-17)
(7.28804 0.153794 -7.95816e-17)
(1.21566 -0.337653 -3.47595e-17)
(5.05325 -0.477573 1.18531e-16)
(-0.301319 9.33187 0)
(0.242166 0.103219 -2.53726e-16)
(3.05112 0.806906 2.81003e-17)
(3.1784 0.00812578 -1.55076e-16)
(0.054837 3.9149 8.76476e-17)
(2.05743 0.621663 2.92669e-16)
(1.08957 -0.271371 1.17293e-16)
(0.267999 3.7912 1.51389e-16)
(4.46205 -0.0615579 -9.13793e-17)
(-0.0519715 7.87764 -3.45811e-17)
(-0.222413 9.37024 -4.21746e-17)
(-0.4365 7.63128 6.97015e-17)
(8.4428 0.214009 -6.35642e-17)
(4.4886 -0.171154 2.46936e-16)
(1.92332 0.685965 -3.01154e-19)
(-0.886232 0.0494545 1.62197e-16)
(0.0901725 5.41198 0)
(4.41235 1.88994 1.94196e-16)
(4.74602 0.728739 -1.94145e-19)
(0.154063 4.88953 2.41233e-16)
(4.5729 -0.53807 0)
(-0.37807 3.97803 0)
(-0.136455 6.68889 -1.21382e-19)
(9.49463 1.51329 -6.40366e-18)
(-0.0841961 1.77613 1.15339e-16)
(3.39226 0.0404053 -2.41762e-16)
(-0.573649 -0.473951 0)
(7.52775 0.092011 -2.62451e-17)
(1.24805 0.51307 -2.61632e-16)
(-0.122673 1.95265 -5.80946e-18)
(0.534766 -0.210858 0)
(0.310071 0.363438 -1.12676e-16)
(0.15452 6.29175 -9.72074e-17)
(-2.06787 -0.360695 1.27655e-16)
(1.92427 8.9587 -1.3841e-16)
(0.859465 -0.322594 7.96432e-18)
(0.42907 -0.116495 -9.4243e-17)
(0.186414 5.56652 5.92992e-18)
(-0.137791 3.11403 1.16708e-16)
(-0.157941 -0.111512 -4.00637e-16)
(2.3883 -0.0504545 -5.61367e-17)
(0.930763 5.49148 4.5533e-17)
(-0.0952036 6.82835 4.1412e-17)
(0.480338 6.67372 -4.67013e-17)
(1.8085 -0.138484 0)
(-0.124808 1.23256 -8.88019e-17)
(3.4212 -0.268747 8.89194e-17)
(8.95505 0.45103 0)
(-0.107769 6.04253 -6.92539e-17)
(-0.485032 3.02761 0)
(0.0187103 3.1846 3.54735e-17)
(0.907902 -1.47409 6.51858e-17)
(1.23861 0.0966034 1.95309e-16)
(0.47831 0.869899 1.85746e-16)
(0.678087 -0.571793 -4.38086e-17)
(1.74818 0.176948 -3.20052e-17)
(4.05618 -0.620063 0)
(0.800615 -0.0552487 -2.74965e-16)
(0.24149 3.83421 -8.43682e-19)
(9.04169 1.53594 2.86104e-18)
(-0.907037 0.0528833 -3.91698e-16)
(3.61989 -0.402861 -5.54002e-18)
(4.73188 -0.397871 0)
(3.98368 0.25563 0)
(0.142648 5.37662 -1.09636e-16)
(3.14053 0.120856 0)
(-0.338048 -0.372944 1.17224e-16)
(4.95934 0.100639 1.54091e-17)
(0.116647 -0.866453 2.32442e-16)
(8.52259 0.434681 0)
(-0.203802 -1.11515 -3.5448e-16)
(-0.246276 0.503325 0)
(-0.351216 -0.466615 2.88665e-17)
(1.62408 1.22138 9.95946e-17)
(-0.928393 0.0326488 0)
(0.19226 4.58932 -7.09603e-17)
(-0.197176 2.27017 4.16576e-17)
(0.687005 0.0148814 -6.30199e-17)
(-1.65768 0.389381 1.97019e-16)
(-0.761693 -0.456119 -3.68488e-19)
(0.511776 6.16891 -5.61653e-17)
(0.910012 1.22708 0)
(-0.435463 -0.0478724 -2.68363e-17)
(0.152046 2.03072 2.16196e-16)
(-0.48258 -0.0510139 0)
(3.42987 -0.521055 2.94916e-17)
(3.94944 -0.071663 -1.03781e-16)
(-1.40563 9.20574 -8.68833e-17)
(1.74819 0.520261 1.98226e-16)
(0.680038 0.278658 0)
(3.13741 0.942625 -1.43052e-17)
(0.046604 0.123283 -1.97402e-17)
(3.17235 -0.0464004 0)
(0.00507088 -0.0561094 1.25783e-16)
(0.30738 0.188585 -1.49218e-16)
(-0.0153987 9.12375 -5.61315e-17)
(-1.06764 -0.0961862 -3.85983e-16)
(4.46265 1.65312 -7.1973e-17)
(4.36265 0.297195 -8.70374e-17)
(4.06703 0.652789 4.58906e-16)
(2.43313 0.43095 3.28929e-18)
(1.22408 0.402716 -9.66154e-17)
(0.0986389 7.75493 3.26716e-17)
(4.3645 0.0135104 1.20812e-16)
(-0.530825 9.92602 9.11379e-18)
(-0.211452 -0.755991 -1.89664e-17)
(5.47139 1.8841 0)
(0.184875 6.08465 4.04846e-17)
(3.7084 0.479335 3.13711e-18)
(-0.394928 -0.737077 -1.43782e-16)
(-0.153578 -0.344694 -2.1246e-16)
(-0.708979 0.028804 -2.95209e-17)
(-0.25905 0.0689647 2.69521e-16)
(0.0535676 3.73443 0)
(4.08206 0.182233 1.1493e-16)
(2.96582 0.742125 -7.73302e-16)
(0.37641 8.30706 9.16347e-18)
(0.650274 0.718036 0)
(4.47327 -0.0739228 -3.5555e-17)
(1.43456 -0.547609 -2.17539e-17)
(3.34981 1.21915 3.2914e-18)
(5.92644 -0.317847 -1.08946e-16)
(6.32538 -0.218715 -5.48085e-20)
(5.01854 0.0393267 -5.75822e-17)
(2.5266 0.426882 -2.45355e-16)
(-0.342459 -0.138043 0)
(-0.827543 -0.0795192 0)
(0.049831 1.98688 0)
(0.00279928 7.8085 0)
(-1.96955 0.688711 -1.32428e-16)
(1.43716 3.94101 -1.10004e-16)
(0.366616 -0.557308 1.57565e-16)
(-0.144534 8.00666 0)
(1.32869 4.93468 1.48222e-16)
(-0.080083 7.82501 -4.87291e-17)
(0.0394415 7.73682 -1.27959e-17)
(0.0197221 7.82568 -2.72976e-17)
(4.96533 -0.0144091 -7.19415e-17)
(0.506533 6.38427 -8.49312e-18)
(1.0557 0.534187 -1.8229e-16)
(0.889749 0.00137137 4.14853e-16)
(-0.541485 -0.0245379 -1.71995e-16)
(1.865 -0.309356 0)
(-1.98934 -0.118939 -9.39283e-20)
(-0.569579 0.0316127 -5.48537e-16)
(4.31045 -0.702647 -1.74459e-16)
(3.89255 0.167784 3.40658e-16)
(-0.222853 6.32881 5.84155e-17)
(-0.127954 7.50829 0)
(2.45117 3.99152 0)
(-0.106298 7.62966 -5.78938e-17)
(0.0523291 7.15885 1.47958e-17)
(-0.50991 -0.0171618 6.78538e-17)
(0.0150219 7.87105 1.39e-18)
(-0.28334 -0.233701 -5.57176e-17)
(3.65939 -0.633615 -2.28257e-16)
(-2.86406 0.241747 0)
(0.576982 5.69731 -2.12e-16)
(4.1781 0.189521 -1.06256e-19)
(4.81974 -0.382502 -1.29068e-16)
(4.88156 -0.134248 -2.9516e-17)
(3.16129 0.388921 0)
(3.90343 -0.140413 -2.86309e-16)
(1.13955 5.15909 -6.19547e-18)
(2.71386 -0.119621 -3.50142e-17)
(4.16776 0.0548185 -7.53359e-17)
(-0.503932 -0.0200025 -5.56048e-17)
(7.9931 0.19319 -6.97226e-17)
(4.31698 1.34411 0)
(0.270361 6.3186 -5.27407e-17)
(4.67245 -0.350584 -9.39149e-17)
(-0.130863 0.00418399 -1.48262e-17)
(4.10639 0.630417 4.13068e-16)
(4.95178 -0.168405 7.25999e-17)
(4.31579 -0.0950427 -2.52139e-16)
(-2.31992 -0.206767 -7.92279e-17)
(7.09679 -0.0123055 1.28491e-16)
(0.313953 -0.00474137 8.31043e-16)
(3.86652 -0.0701003 3.04949e-16)
(4.64349 -0.18567 -1.86545e-16)
(1.22135 0.195761 -6.54952e-16)
(3.99895 0.416188 -3.06765e-16)
(-0.381804 0.69882 -1.75875e-16)
(0.0938078 -0.250873 -7.97432e-16)
(-0.197133 0.792133 -1.35996e-16)
(0.83897 1.96779 -5.21641e-18)
(-0.0720525 0.197366 0)
(0.349422 0.579144 0)
(4.74894 0.128687 9.7663e-17)
(-0.370796 2.23619 8.79497e-17)
(0.759937 2.31282 -7.88197e-16)
(0.0857764 -0.454662 9.99913e-16)
(5.35713 0.447861 -4.46105e-17)
(4.68352 -0.0537603 0)
(5.23768 0.0157298 8.11333e-17)
(6.25385 0.0324975 2.89405e-16)
(7.32283 0.0427834 -1.32402e-17)
(-0.75115 -0.278503 1.30223e-16)
(3.82636 -0.226897 1.62714e-17)
(1.97706 0.101648 8.67113e-19)
(4.27976 0.514619 0)
(-0.841997 -0.274012 9.46965e-17)
(-1.06832 3.97008e-05 0)
(4.86907 0.341826 -9.76651e-18)
(-2.08347 0.0164953 -2.36306e-18)
(5.01081 -0.203083 2.04608e-16)
(4.0067 0.0544057 -3.42301e-16)
(4.449 -0.0373175 0)
)
;

boundaryField
{
    frontAndBack
    {
        type            empty;
    }
    wallOuter
    {
        type            noSlip;
    }
    inlet
    {
        type            fixedValue;
        value           nonuniform 0();
    }
    outlet
    {
        type            zeroGradient;
    }
    wallInner
    {
        type            noSlip;
    }
    procBoundary1to0
    {
        type            processor;
        value           nonuniform List<vector> 
29
(
(1.46351 -0.0226652 -1.34764e-16)
(1.46351 -0.0226652 -1.34764e-16)
(-2.09586 -0.431838 0)
(2.57532 0.159672 1.04255e-16)
(-0.11125 0.598733 -9.80592e-17)
(-2.12991 0.426344 -9.74386e-17)
(4.61774 -0.141846 2.10636e-16)
(4.05145 0.0870945 0)
(6.33721 0.441248 0)
(4.96608 0.568399 -8.10022e-17)
(4.69994 0.146885 -1.67538e-16)
(-2.12991 0.426344 -9.74386e-17)
(-2.09586 -0.431838 0)
(2.72706 0.01017 0)
(7.30556 0.0400153 8.18635e-17)
(8.73096 0.15233 0)
(-0.11125 0.598733 -9.80592e-17)
(1.28647 0.643385 0)
(2.57532 0.159672 1.04255e-16)
(0.0848325 -0.427488 -3.62722e-18)
(8.69071 0.132148 -2.76394e-17)
(8.00839 0.0858039 -1.32672e-17)
(5.6172 0.345563 -1.06176e-16)
(6.91277 0.0750496 1.56597e-16)
(6.91277 0.0750496 1.56597e-16)
(5.6172 0.345563 -1.06176e-16)
(8.78417 0.0334426 -5.62375e-17)
(2.01051 0.0174844 0)
(8.78417 0.0334426 -5.62375e-17)
)
;
    }
    procBoundary1to2
    {
        type            processor;
        value           uniform (-1.9021 -0.392807 -1.26266e-16);
    }
    procBoundary1to3
    {
        type            processor;
        value           nonuniform List<vector> 
48
(
(-0.740423 6.92104 0)
(-0.808468 9.26447 -7.68841e-19)
(-0.882793 8.7499 7.73158e-17)
(-0.882793 8.7499 7.73158e-17)
(-0.119445 5.43004 -5.26964e-17)
(-0.465634 6.41962 3.21387e-16)
(-0.465634 6.41962 3.21387e-16)
(-0.518244 1.54913 0)
(-0.572953 5.36879 0)
(-0.123261 -1.22506 0)
(-0.312467 -0.693415 -2.30651e-16)
(-0.123261 -1.22506 0)
(-0.629081 -1.82909 2.34616e-16)
(-1.08448 0.124901 1.7646e-16)
(-1.10493 0.0536828 -1.0824e-16)
(-0.629081 -1.82909 2.34616e-16)
(-0.734414 -1.60529 -3.2984e-18)
(-0.734414 -1.60529 -3.2984e-18)
(-0.634109 -0.438192 0)
(-0.634109 -0.438192 0)
(-0.554047 0.266679 1.56318e-17)
(-0.711683 0.297276 1.1408e-16)
(-0.84969 0.516464 -1.31217e-16)
(-0.439904 0.590236 7.26879e-16)
(-0.439904 0.590236 7.26879e-16)
(-0.469284 1.32293 0)
(-0.208745 0.502074 0)
(-0.208745 0.502074 0)
(-0.266545 0.862744 2.6511e-16)
(-0.150971 2.72983 -1.92345e-16)
(-0.553709 1.48538 -1.02204e-16)
(-0.266545 0.862744 2.6511e-16)
(-0.518244 1.54913 0)
(-0.462859 4.64763 -2.86203e-16)
(-0.1284 1.2049 -1.26183e-16)
(-0.150971 2.72983 -1.92345e-16)
(-0.656111 2.86797 -1.75501e-16)
(-0.312467 -0.693415 -2.30651e-16)
(-0.638197 6.08517 0)
(-0.196442 7.43216 1.08258e-17)
(-0.351128 0.272271 2.74419e-16)
(-0.581206 3.89656 1.3162e-16)
(-0.462859 4.64763 -2.86203e-16)
(-0.1284 1.2049 -1.26183e-16)
(-1.59783 -0.100598 4.49948e-17)
(-0.0841521 5.94056 3.24394e-21)
(-0.167906 6.83907 0)
(-0.351128 0.272271 2.74419e-16)
)
;
    }
}


// ************************************************************************* //
