/*--------------------------------*- C++ -*----------------------------------*\
| =========                 |                                                 |
| \\      /  F ield         | OpenFOAM: The Open Source CFD Toolbox           |
|  \\    /   O peration     | Version:  v1912                                 |
|   \\  /    A nd           | Website:  www.openfoam.com                      |
|    \\/     M anipulation  |                                                 |
\*---------------------------------------------------------------------------*/
FoamFile
{
    version     2.0;
    format      ascii;
    class       volScalarField;
    location    "0.3";
    object      nut;
}
// * * * * * * * * * * * * * * * * * * * * * * * * * * * * * * * * * * * * * //

dimensions      [0 2 -1 0 0 0 0];


internalField   nonuniform List<scalar> 
5794
(
0.00245851
0.00075747
0.00285969
0.00177738
0.00500196
0.00102169
0.00106201
0.00183606
0.00271845
0.00169229
0.00206281
0.000862265
0.00128177
0.00239044
0.00226324
0.000799587
0.00465682
0.000992397
0.00129347
0.00056942
0.00165945
0.00165266
0.00190502
0.000966094
0.0016977
0.00410129
0.00485744
0.00409644
0.00360679
0.000825969
0.0017906
0.00139039
0.00223491
0.000932832
0.00371444
0.00221321
0.000786717
0.000681685
0.00213116
0.00261601
0.00421106
0.00270244
0.000737305
0.0016177
0.00234572
0.00239488
0.0012149
0.00118935
0.00122428
0.00100075
0.000267563
0.00307464
0.00137255
0.00187834
0.000119085
0.0024892
0.00164577
0.00160001
0.000716513
0.00524266
0.00130426
0.000653305
0.00179105
0.00340679
0.00464414
0.000790433
0.00401706
0.000552548
0.00111647
0.000785601
0.00592632
0.00448426
0.0056969
0.00194692
0.000867834
0.00366207
0.000631786
0.00370267
0.00192154
0.00013098
0.000843672
0.000776585
0.00273004
0.00168251
0.000816285
0.000896094
0.000762635
0.000982021
0.00162794
0.00331312
0.00492111
0.00275722
0.00316175
0.00501263
0.00261632
0.00828883
0.00379427
0.00290564
0.00279137
0.00139539
0.00146813
0.000880625
0.000738298
0.0021461
0.00232879
0.00468239
0.000565144
0.0036002
0.00530075
0.00210803
0.000624659
0.00319882
0.00149368
0.000933123
0.00272984
0.00384145
0.00155926
0.0038932
0.00121918
0.00100662
0.00405011
0.000532388
0.000558928
0.00411357
0.00366265
0.0033667
0.00216138
0.000971212
0.00367438
0.00425805
0.00107282
0.00142587
0.00210528
0.00355215
0.00528427
0.00252138
0.00270048
0.000714065
0.000558575
0.00082522
0.00185748
0.00294593
0.00412621
0.00175677
0.00076621
0.00691246
0.00114616
0.00131246
0.00365919
0.00167674
0.000723364
0.00256961
0.00491659
0.000533604
0.00590237
0.000903961
0.00177538
0.000782283
0.00210759
0.000694513
0.00117788
0.00121478
0.000506505
0.00114907
0.00210323
0.00208913
0.00102571
0.000818976
0.000545086
0.00109404
0.000526169
0.0020696
0.000886467
0.00126075
0.00049712
0.0011857
0.000600327
0.00144883
0.000729599
0.0021046
0.000562661
0.000959796
0.000979832
0.00178196
0.000861284
0.00258387
0.000734835
0.0011007
0.000965442
0.00056086
0.00167038
0.00105337
0.0018907
0.00135187
0.000763665
0.000548452
0.00149372
0.00143844
0.00107018
0.00100328
0.000906186
0.00227088
0.00114378
0.000869268
0.000936878
0.00203313
0.00121211
0.00536588
0.00289234
0.00255842
0.00253918
0.000859971
0.0027542
0.00335263
0.000984858
0.00353032
0.00197232
0.00210343
0.00375551
0.00532339
0.000858781
0.00246508
0.00722796
0.00365429
0.00217012
0.00281339
0.000471116
0.00431606
0.00128575
0.0021521
0.0014648
0.00477328
0.00122326
0.00386967
0.00117125
0.00396679
0.00374131
0.00176378
0.000816615
0.00176081
0.00104418
0.00772118
0.00305615
0.000636042
0.00080824
0.000736417
0.00312579
0.00244557
0.00118256
0.000957879
0.000697735
0.000711594
0.00575241
0.000630057
0.000802584
0.00499008
0.00088812
0.000836374
0.00297459
0.00285919
0.0021787
0.00277428
0.00326022
0.000517575
0.00114853
0.0017081
0.00176454
0.00345116
0.0014741
0.00293743
0.0014124
0.00130704
0.00247135
0.00515095
0.000870778
0.00160265
0.00181921
0.00176785
0.00130547
0.00112117
0.00158347
0.00311987
0.00426775
0.00264255
0.00258827
0.0051012
0.00244965
0.00292126
0.00421155
0.00477729
0.00156722
0.00517988
0.00131029
0.00329465
0.000766896
0.00304479
0.00564872
0.00233968
0.00246016
0.000607548
0.000492947
0.00101347
0.000647182
0.00434194
0.00132421
0.00291751
0.00114294
0.00109202
0.0024733
0.00112432
0.0012296
0.00263244
0.00304516
0.000893745
0.000783134
0.000900919
0.00466479
0.00388142
0.00473604
0.00386607
0.00356314
0.00189825
0.00364006
0.00393245
0.000668922
0.00224532
0.00291941
0.000709264
0.000968846
0.00189367
0.00198219
0.000818509
0.00106575
0.00156101
0.000906113
0.00120139
0.00109641
0.0004421
0.000760078
0.000814085
0.000483954
0.00110888
0.00259132
0.00107279
0.000719257
0.000862229
0.00195911
0.00105297
0.00247283
0.00054565
0.00222156
0.00178376
0.00169427
0.00092732
0.00108679
0.00167582
0.000848369
0.00200197
0.000982247
0.00178432
0.00530076
0.00109083
0.00265054
0.00153384
0.00228033
0.0017604
0.00190661
0.00161041
0.000789451
0.00106727
0.00300824
0.000462732
0.00258689
0.000964871
0.00692203
0.00316551
0.00176351
0.00126822
0.00164875
0.000464894
0.00314987
0.00289014
0.000750431
0.00246112
0.00258944
0.00082855
0.00573634
0.00274541
0.00380054
0.0010968
0.000792792
0.00164924
0.000681119
0.00189638
0.000817313
0.00144304
0.000538677
0.00180213
0.00157976
0.00185335
0.00080459
0.00231857
0.00435291
0.000447338
0.0013919
0.00226585
0.0014543
0.00165442
0.000601558
0.00358081
0.00316413
0.0026382
0.00448422
0.00126027
0.00174736
0.000782009
0.000837411
0.00137643
0.00206833
0.00328875
0.00270806
0.00269088
0.00577439
0.00300898
0.000968587
0.00134317
0.000539705
0.000950815
0.00064596
0.00138555
0.00339137
0.000785012
0.00176665
0.00214132
0.00202245
0.00163079
0.00094146
0.00103871
0.0019482
0.00167034
0.000765252
0.000805688
0.00104442
0.000696305
0.00192682
0.00427407
0.00272439
0.000481389
0.000977156
0.00350065
0.00122323
0.000583048
0.00226584
0.00187958
0.00457326
0.00045713
0.00433076
0.00939177
0.00318669
0.00582474
0.0017192
0.000596458
0.000966799
0.000962523
0.00149248
0.00415967
0.00381865
0.00481052
0.00527991
0.00267465
0.000155828
0.00342704
0.00440809
0.0030225
0.00252511
0.00297204
0.00548755
0.00426258
0.00230069
0.000595946
0.000911417
0.00156203
0.00200738
0.00217226
0.00515847
0.003539
0.000863569
0.00173058
0.00201489
0.00139778
0.000648421
0.00281383
0.00320861
0.00263641
0.00161433
0.000782405
0.00101031
0.00284274
0.000421492
0.00204902
0.00455685
0.0051169
0.000730144
0.00204489
0.00210026
0.000545708
0.00124027
0.00101571
0.0048926
0.000757454
0.00819276
0.00100968
0.00310661
0.000458106
0.000811398
0.00278812
0.00353208
0.000450596
0.000806054
0.00442195
0.00146889
0.000622311
0.0051111
0.00425906
0.00426891
0.00108649
0.00318227
0.00213394
0.000536122
0.0017898
0.00121104
0.000260878
0.00371154
0.00251171
0.0023486
0.00273142
0.000785899
0.00272451
0.00382569
0.00180459
0.00139679
0.00250531
0.000573556
0.00231138
0.00285773
0.000726956
0.000754942
0.0018565
0.000884081
0.00137097
0.00195368
0.000719789
0.000696694
0.00293247
0.00128065
0.00396343
0.00110128
0.00169538
0.000520245
0.00286122
0.00808943
0.000544542
0.0029891
0.00311795
0.00238271
0.00171268
0.000850788
0.00369477
0.000584416
0.000649041
0.00159761
0.00310073
0.0012632
0.00134549
0.00136974
0.000862096
0.00514037
0.00254399
0.00194997
0.00571769
0.00450915
0.00272549
0.00798962
0.00327561
0.00372589
0.00128224
0.000939787
0.00413198
0.00287148
0.00455393
0.000729904
0.00112514
0.000829179
0.00496053
0.00264503
0.00298036
0.000341574
0.000831233
0.000468609
0.00290722
0.00143442
0.0017174
0.00268577
0.00511412
0.000524245
0.00280448
0.00352475
0.00106372
0.000145538
0.00199855
0.00435585
0.00535675
0.00198462
0.00157073
0.000614514
0.000872373
0.00187419
0.00109523
0.000852099
0.000516342
0.000362687
0.00307485
0.00387812
0.0050704
0.000515125
0.00115
0.00149031
0.00485821
0.00620051
0.000954966
0.0021783
0.000823677
0.000335243
0.00133472
0.000678293
0.00214116
0.00406475
0.000809833
0.00130162
0.00359874
0.00212931
0.000793759
0.00440587
0.00289709
0.0025831
0.00508331
0.00229155
0.00101192
0.0016691
0.000887978
0.000538452
0.00322333
0.00244292
0.000698899
0.000612131
0.00280411
0.00484397
0.000721118
0.00136253
0.00353619
0.000840909
0.00169574
0.00164409
0.000922279
0.000586505
0.00288371
0.00467354
0.00522011
0.00249851
0.00265534
0.00175128
0.00181973
0.00431554
0.00131807
0.00175611
0.0027407
0.00517985
0.00304075
0.00214061
0.00227126
0.000886523
0.00461583
0.00283608
0.000746832
0.00325246
0.00256108
0.00409509
0.00266415
0.00157321
0.000490572
0.00246405
0.00728874
0.00399766
0.00305245
0.00335905
0.00192095
0.00618841
0.000396184
0.000505755
0.000769921
0.00077627
0.000607502
0.000273476
0.000878068
0.00320264
0.00319346
0.00102474
0.00220331
0.00211003
0.00713832
0.000996594
0.00625628
0.00332275
0.00337292
0.0044234
0.000775482
0.00073442
0.00576324
0.00281709
0.00627607
0.00775826
0.00408052
0.00282343
0.00232641
0.00474933
0.00177395
0.000772903
0.000819178
0.00833654
0.000950715
0.00277843
0.00323906
0.00581719
0.0020169
0.00336522
0.00242989
0.0028632
0.00423381
0.00280332
0.00312234
0.00448253
0.00035292
0.00037618
0.000495319
0.000508051
0.00480264
0.00233661
0.00443842
0.00165429
0.000803129
0.000740502
0.00303104
0.00247004
0.000453601
0.0027467
0.00478647
0.00075572
0.0053683
0.00270362
0.000709232
0.00195117
0.00499612
0.00453954
0.00284753
0.0049942
0.00545252
0.00268687
0.00321195
0.0023436
0.00376908
0.00284218
0.00420912
0.00483375
0.00220097
0.00343385
0.0011079
0.00103547
0.00297667
0.00290649
0.00154552
0.00709957
0.00522243
0.00112604
0.00194059
0.000573463
0.0046953
0.00274098
0.00666345
0.00486666
0.00269274
0.000500226
0.00574813
0.00633642
0.0033532
0.00134788
0.00271782
0.000619137
0.00311239
0.00158475
0.00376092
0.000865649
0.00521234
0.00181122
0.000754903
0.000804855
0.00325535
0.00726297
0.00575189
0.0028144
0.00773174
0.00322203
0.00169782
0.00344126
0.00102356
0.00970965
0.000827542
0.00130493
0.00214719
0.00827038
0.000556252
0.00165435
0.00110067
0.00124765
0.00474291
0.00093499
0.000768925
0.00292379
0.00297481
0.00304921
0.00290308
0.00443572
0.00455605
0.000771739
0.00248215
0.00439175
0.00292589
0.00396098
0.00645996
0.000498098
0.000408346
0.00059046
0.000663117
0.00460313
0.00106476
0.000876481
0.000789461
0.00167677
0.000719141
0.000839549
0.00533015
0.00266693
0.00525156
0.00180893
0.00202332
0.00328935
0.00272791
0.0043274
0.00481607
0.000787801
0.000989459
0.000750187
0.00290354
0.00320256
0.0022352
0.00578221
0.00355939
0.00445925
0.00401574
0.00208352
0.00160344
0.000681675
0.000773249
0.00273028
0.00154136
0.00443042
0.00270315
0.00276168
0.00354342
0.00078726
0.000752992
0.000380303
0.0013366
0.00431658
0.000871122
0.000815344
0.00267444
0.00120478
0.00374343
0.00222343
0.000799475
0.00248408
0.0037269
0.00281676
0.00510394
0.00522994
0.00563521
0.00479946
0.00120256
0.00076523
0.00504213
0.000700704
0.000889101
0.000644645
0.00151815
0.00189241
0.000551042
0.000790507
0.000729056
0.00305891
0.00482974
0.0018933
0.000849068
0.002672
0.00563332
0.00535308
0.00268175
0.00307572
0.000785382
0.000716244
0.00519202
0.000986537
0.00290461
0.000839312
0.00133741
0.00108687
0.00155325
0.000484918
0.00185336
0.00128279
0.000654985
0.000559894
0.000599273
0.000460801
0.000302703
0.000663291
0.00213906
0.00422227
0.0029837
0.00265161
0.0025958
0.00402122
0.000735895
0.000585104
0.00165379
0.00316971
0.000670377
0.00430757
0.007204
0.00215911
0.000786133
0.00432025
0.00193593
0.000599054
0.00188827
0.0052029
0.00259033
0.000834355
0.00161626
0.000880396
0.00357816
0.00330777
0.00535916
0.000911579
0.000649841
0.000420584
0.000749769
0.000700084
0.00165684
0.000676875
0.000690048
0.000649784
0.00115863
0.000789674
0.00157102
0.000783584
0.00170038
0.000720851
0.00151434
0.000831691
0.00556361
0.00200833
0.00134111
0.000706269
0.000963744
0.000756637
0.00384427
0.00103142
0.00196382
0.00474625
0.00112146
0.000833753
0.00189609
0.000722556
0.000830363
0.00229337
0.000777194
0.00539937
0.00235245
0.000586694
0.00082547
0.000875615
0.00265533
0.000912918
0.00286992
0.00257565
0.0048303
0.00121789
0.00335976
0.000724822
0.00074502
0.000817763
0.00112256
0.00166566
0.00149429
0.00150703
0.000228768
0.00233745
0.00141038
0.00111648
0.00110518
0.00141007
0.000572907
0.00207256
0.000581376
0.00116344
0.00074719
0.00174654
0.000796644
0.00108874
0.00079048
0.000784063
0.000737098
0.00172544
0.000873142
0.00282194
0.00458052
0.00339739
0.0041262
0.000695979
0.000826965
0.00251461
0.000611435
0.00287347
0.00188612
0.00262818
0.00495699
0.000645875
0.00687338
0.000622089
0.000842578
0.00613254
0.000964279
0.00507571
0.000717658
0.000851133
0.00372884
0.00394366
0.000576482
0.0046845
0.00162046
0.00113854
0.000612412
0.00133667
0.000637256
0.000772898
0.000830237
0.0011216
0.000716414
0.000754798
0.00201892
0.00183582
0.00419326
0.000939473
0.000723694
0.0050595
0.00256627
0.00077038
0.000842153
0.00315771
0.0032149
0.00339898
0.00404985
0.000772246
0.00128908
0.000259631
0.00440227
0.00183295
0.00418832
0.00242145
0.00381152
0.00341323
0.000267616
0.00109302
0.000531168
0.00021705
0.00260984
0.000709799
0.00112874
0.00110245
0.000281296
0.00108122
0.000246183
0.00027665
0.00121641
0.000559596
0.00155095
0.00335889
0.00273731
0.0068556
0.000794394
0.00124893
0.0013156
0.000979769
0.000663394
0.000790219
0.00118609
0.000801425
0.00273633
0.00102976
0.000745882
0.00107524
0.00509998
0.00188166
0.000675916
0.00379702
0.0041219
0.00214093
0.00341236
0.000743669
0.00962519
0.00513912
0.00280367
0.000884376
0.0114887
0.000727615
0.000727981
0.00246754
0.000992595
0.00146216
0.000612271
0.0101664
0.00107057
0.000555742
0.00315676
0.00460043
0.004735
0.00076627
0.000829916
0.00290428
0.00120228
0.00398142
0.000897999
0.00425285
0.00364684
0.00534929
0.00193758
0.00262619
0.00142355
0.000642159
0.00260962
0.00204783
0.00293429
0.00102641
0.000580409
0.00131039
0.0020431
0.00480273
0.000837602
0.00137894
0.000756523
0.000882123
0.000832766
0.000776554
0.000870739
0.000752649
0.00268425
0.00298697
0.00257597
0.000727843
0.000742618
0.000793861
0.00118195
0.00155814
0.00203483
0.0015039
0.00175095
0.000843697
0.000772861
0.002662
0.000753916
0.000709379
0.00130872
0.000767695
0.000844511
0.000940312
0.000589575
0.00152285
0.00064536
0.00807864
0.000533038
0.0006959
0.00106142
0.000925925
0.000743344
0.00328252
0.00286235
0.000729344
0.000634494
0.00240985
0.00104169
0.00155301
0.00118681
0.00207656
0.00100737
0.000994597
0.00139823
0.00429443
0.00701999
0.00266615
0.000828664
0.000258304
0.00130535
0.00177617
0.00408741
0.00593083
0.000550796
0.000810734
0.00110037
0.00322049
0.000283108
0.00353846
0.00371577
0.00111064
0.00464424
0.0030123
0.00109425
0.000705109
0.00240774
0.00482351
0.00214319
0.00115739
0.00087645
0.000732725
0.00272555
0.000836347
0.00157591
0.000505607
0.000783665
0.00345604
0.000955217
0.000286026
0.0011859
0.000740132
0.000471222
0.00116519
0.00266727
0.00365942
0.000653923
0.000989043
0.00434217
0.0077122
0.00305879
0.00271228
0.00195435
0.0007953
0.00385083
0.00111672
0.00132792
0.00498145
0.00242843
0.00383548
0.00229078
0.00537785
0.00452925
0.00507293
0.00267046
0.00205396
0.00121474
0.00316451
0.000781046
0.00208635
0.00234105
0.00149028
0.00271706
0.00352484
0.00205329
0.0024284
0.0029126
0.000804676
0.000472778
0.000806817
0.0027373
0.000280386
0.00204798
0.00160595
0.000831065
0.00409882
0.00329159
0.00243977
0.000837505
0.0103499
0.00112898
0.00259092
0.0033815
0.00121111
0.00149138
0.00104113
0.00235894
0.000909331
0.00171475
0.000485057
0.00315321
0.000784226
0.00115467
0.00295349
0.00313627
0.0026127
0.0012956
0.0042653
0.00348413
0.000786299
0.000197936
0.00277965
0.0038853
0.00406701
0.00410461
0.00118315
0.00074984
0.00307477
0.00479315
0.00097527
0.0014784
0.00134914
0.00124669
0.00114243
0.00434732
0.000703273
0.00169247
0.00671978
0.00157784
0.00504184
0.00100432
0.000600326
0.00153502
0.00140329
0.000438491
0.00140171
0.00186578
0.000985697
0.0013892
0.000552911
0.00261725
0.000941328
0.000822655
0.00245167
0.00258731
0.00617332
0.000705356
0.00235871
0.00618461
0.000956286
0.000933945
0.00258285
0.00222491
0.000879115
0.000320566
0.000203213
0.000552471
0.00885567
0.000826082
0.00255236
0.00241798
0.00329296
0.00378093
0.00147099
0.000874035
0.000281668
0.000306494
0.000238462
0.000200267
0.00101958
0.000505736
0.000335053
0.000768604
0.000212007
0.000348115
0.000543084
0.000709651
0.000376692
0.000313188
0.000203578
0.000927315
0.000602857
0.000388033
0.000601225
0.000509991
0.000224049
0.000312634
0.00011304
0.000315332
0.000660209
0.000510867
0.000414439
0.000292019
0.000538667
0.000954311
0.000553671
0.000388345
0.000242288
0.000261831
0.000348354
0.000230534
0.000846998
0.000388625
0.000206589
0.00051743
0.000287361
0.00055198
0.000878402
0.00106531
0.00144809
0.00408125
0.000349004
0.00151992
0.0028613
0.00565618
0.0029783
0.00174872
0.000645489
0.000827098
0.00225805
0.002737
0.00400825
0.00828342
0.00389285
0.00583332
0.00353278
0.000713324
0.000724312
0.000648917
0.00171028
0.000574136
0.00280504
0.000850096
0.00267198
0.00260395
0.00117539
0.0047591
0.00291228
0.00246631
0.00500976
0.00353139
0.00918915
0.00282379
0.00235638
0.00235595
0.000748481
0.00419721
0.00323065
0.00183848
0.00231502
0.00213244
0.00172796
0.00358242
0.0012923
0.00107131
0.000842167
0.000848854
0.0106259
0.00240379
0.000568154
0.000423271
0.00175125
0.00183772
0.000667192
0.00344871
0.00157034
0.000428155
0.000212714
0.000540323
0.000852559
0.000323229
0.00068616
0.000206391
0.000393279
0.000596205
0.000240368
0.00106453
0.000559245
0.00021439
0.000912277
0.000547311
0.000642343
0.00052843
0.000307301
0.000278612
0.000288659
0.000259044
0.000909868
0.00028051
0.00315782
0.00339416
0.000489529
0.000846608
0.00221539
0.000848693
0.00203354
0.000522458
0.00264465
0.00296045
0.00372182
0.00269766
0.00181022
0.00268625
0.000159508
0.00185014
0.00180295
0.00282196
0.0054656
0.00517481
0.00224191
0.000496871
0.00268723
0.00167444
0.00136437
0.0027832
0.000864532
0.00316877
0.00143066
0.00188553
0.000768754
0.00106574
0.00130007
0.00226949
0.00290857
0.000944759
0.00790545
0.000391307
0.0112534
0.00129358
0.00069999
0.000737363
0.00371834
0.000790205
0.00119145
0.0034133
0.00182671
0.00770592
0.000834643
0.00226618
0.000657775
0.00244585
0.00288897
0.00531428
0.000242808
0.000772371
0.000971418
0.0041862
0.00272663
0.000722213
0.000712613
0.00337326
0.00316076
0.00207881
0.000832695
0.00221057
0.000404945
0.00159416
0.00275907
0.000619934
0.0022049
0.00043973
0.000132943
0.000514727
0.0103746
0.00672537
0.000794558
0.00289987
0.00494529
0.000699832
0.00198586
0.00348211
0.00191305
0.00195324
0.00527903
0.00187887
0.00736114
0.000663334
0.00270356
0.00170992
0.00160931
0.000712428
0.00144172
0.00105077
0.00270702
0.000570982
0.000838598
0.000740614
0.00225214
0.00380771
0.00234123
0.00195947
0.0082337
0.00368502
0.000830951
0.00462606
0.000619543
0.00189055
0.00179864
0.00131795
0.00409617
0.00281753
0.00313273
0.00198524
0.00271938
0.00810725
0.0014126
0.00312339
0.00256579
0.0026409
0.000929363
0.00144931
0.000787821
0.00594077
0.00109741
0.00176365
0.00417616
0.0035074
0.00141264
0.00382723
0.00226738
0.00509562
0.00341267
0.00426069
0.00256831
0.000838739
0.000951252
0.0026322
0.00362488
0.00101116
0.000723648
0.00271488
0.00481026
0.00499984
0.004248
0.00363694
0.00473662
0.00456879
0.0051581
0.00148429
0.00459701
0.00449426
0.00478763
0.00401112
0.00466184
0.0038266
0.00424368
0.00444767
0.00425814
0.00127338
0.00124198
0.000782837
0.00436836
0.00113471
0.00091629
0.00116243
0.00133394
0.000170974
0.000608945
0.00336429
0.00485241
0.00379638
0.00175751
0.00225731
0.00632383
0.00473883
0.00342391
0.00302835
0.00181229
0.00150654
0.00141461
0.00209792
0.00359592
0.00161541
0.00145532
0.00199466
0.00346316
0.002828
0.00172459
0.00105757
0.00455472
0.00139799
0.000751709
0.00245775
0.000251449
0.00257523
0.00139541
0.00119335
0.00132629
0.000964025
0.00176363
0.00270177
0.00181625
0.00202343
0.00222599
0.00126993
0.0027193
0.0112888
0.00176407
0.00269269
0.00243123
0.00214332
0.00954234
0.000698385
0.00205546
0.00894934
0.00352761
0.00301503
0.00176643
0.00133005
0.00310504
0.0102739
0.00314101
0.00176519
0.0021372
0.00249224
0.00270601
0.00156973
0.00614847
0.002018
0.0010409
0.00473373
0.00155862
0.00236656
0.00100096
0.00159207
0.00276861
0.00473527
0.00214401
0.00576067
0.00903545
0.00231644
0.0102579
0.00120202
0.00470519
0.00222004
0.000810257
0.00294253
0.00152865
0.00543555
0.00250129
0.00539611
0.00067162
0.00764095
0.0051305
0.00373031
0.00144634
0.00609056
0.00286089
0.00225268
0.00525174
0.00394593
0.00157241
0.00628673
0.00371131
0.00478613
0.0043483
0.00443364
0.00128519
0.00389258
0.000530217
0.00187597
0.00358646
0.000828364
0.00147352
0.00172796
0.00121423
0.00256439
0.000632822
0.00523573
0.000765924
0.00326795
0.00219066
0.00141283
0.00292783
0.00212138
0.00156402
0.000687724
0.00165064
0.00160776
0.00153113
0.00330248
0.00109565
0.00174448
0.00521015
0.00389251
0.000742144
0.00346187
0.00320287
0.00209472
0.00197228
0.000540629
0.00111331
0.000616679
0.00338779
0.000760497
0.00197273
0.00418464
0.00655782
0.00157961
0.001521
0.00166025
0.00421048
0.00187692
0.00229727
0.00128973
0.00303031
0.00236906
0.00337129
0.000871735
0.00330501
0.00164305
0.00436281
0.00269688
0.00188764
0.0038778
0.00126825
0.00385343
0.00355169
0.000665698
0.00235804
0.00200959
0.00173137
0.00345701
0.00336565
0.0044448
0.00321397
0.000353238
0.00237944
0.00238022
0.0019773
0.0020793
0.0021168
0.0027354
0.00312082
0.00353467
0.0034616
0.00219145
0.00132503
0.000541523
0.00300171
0.00197509
0.00142586
0.000629479
0.00248144
0.00106667
0.000201129
0.00392796
0.00179411
0.00638008
0.00133472
0.00198441
0.00143188
0.00209982
0.00187542
0.00632329
0.00366879
0.00213455
0.00430338
0.00146215
0.00090761
0.00444967
0.0012699
0.00180046
0.000265201
0.0023973
0.000223883
0.0043264
0.00114298
0.00196191
0.00301431
0.00271517
0.00417532
0.00235029
0.000994772
0.0006368
0.00589785
0.00198526
0.00402644
0.00365104
0.00298807
0.00224477
0.000894149
0.000765337
0.00563522
0.00369515
0.00182237
0.00636293
0.00325761
0.00182217
0.0038524
0.000706459
0.0042175
0.000818741
0.00201672
0.001995
0.00432479
0.000638648
0.00501393
0.000803115
0.0055189
0.00173322
0.00181896
0.00330988
0.00232251
0.00099854
0.000757008
0.000549924
0.000639263
0.00145334
0.00685871
0.00286969
0.000607118
0.00410805
0.00448279
0.00244464
0.000728268
0.0013427
0.000871908
0.00302995
0.00432989
0.00511195
0.00442604
0.00115594
0.00133928
0.00308472
0.00138142
0.00481031
0.00546969
0.00165559
0.00114497
0.0023358
0.0038827
0.00134051
0.00249216
0.00247102
0.0041389
0.00257967
0.00225823
0.00396875
0.0025291
0.00189996
0.00215965
0.00552417
0.00190916
0.00319347
0.00207742
0.000931631
0.000849958
0.00443585
0.00596417
0.0016028
0.00740755
0.00337733
0.00358403
0.00520515
0.00268052
0.00362009
0.000743223
0.00217871
0.000571233
0.0043436
0.00246336
0.00115851
0.00843674
0.000800366
0.000789148
0.0120295
0.000929747
0.00257172
0.00482471
0.00353018
0.0026701
0.00354187
0.00213681
0.00888597
0.00456188
0.00110834
0.00300369
0.00277535
0.0014671
0.00331105
0.000710347
0.00058063
0.000880507
0.000560865
0.000593216
0.00333254
0.00249799
0.000851785
0.000962657
0.00273765
0.00366914
0.00337299
0.00075428
0.0115038
0.0110455
0.00180515
0.00132488
0.00440149
0.00290847
0.00393261
0.000814961
0.000550526
0.003967
0.00247883
0.00220616
0.00220751
0.00893795
0.00520868
0.00131029
0.00278043
0.0119666
0.0036887
0.00271654
0.000860174
0.00154038
0.000498956
0.000837177
0.00236473
0.00268678
0.00247315
0.00245241
0.00432055
0.00615045
0.00214822
0.00281469
0.00214364
0.00482717
0.00510145
0.00542701
0.00420053
0.0022105
0.00210285
0.00351649
0.00195554
0.000949713
0.00160369
0.00718611
0.00502716
0.00658622
0.00268355
0.00368549
0.002181
0.00267402
0.00236347
0.00146433
0.00235841
0.00200435
0.000843839
0.000920412
0.00208831
0.00179336
0.00183951
0.0047377
0.00679499
0.00138009
0.0039685
0.00357917
0.00372097
0.00120685
0.00283459
0.000682177
0.000537778
0.000615462
0.000389194
0.00137745
0.000742074
0.00838465
0.00238876
0.000792477
0.000787326
0.00324772
0.00124843
0.00116362
0.00309217
0.00731427
0.00486112
0.00278771
0.00435092
0.00160936
0.00144509
0.00247843
0.00270834
0.000237888
0.00064315
0.00193813
0.00153466
0.00505382
0.00257908
0.000747075
0.000893746
0.00587479
0.00310825
0.0025547
0.00996595
0.00230705
0.00084782
0.00268315
0.0028172
0.00257207
0.00673739
0.0016646
0.00339674
0.00148261
0.00136323
0.00539271
0.00752251
0.00323772
0.00314587
0.00173243
0.00137712
0.00367494
0.00263545
0.000851817
0.000777368
0.000731565
0.000528199
0.00164017
0.00135374
0.00195325
0.000808628
0.00180797
0.00345732
0.00258116
0.00277836
0.00115606
0.00192319
0.00140246
0.00199814
0.000720208
0.00209862
0.00389982
0.0026146
0.00262833
0.00502172
0.00179664
0.00307623
0.00277687
0.00215913
0.0107394
0.00211447
0.0047995
0.000647385
0.00207777
0.00336854
0.00408637
0.000559875
0.000237954
0.00902643
0.0032189
0.00371681
0.00239923
0.0040385
0.00320332
0.000796324
0.00502489
0.00385851
0.000792805
0.00172092
0.00287893
0.00356897
0.00232304
0.000757637
0.00104133
0.00300813
0.000892362
0.00422115
0.00182732
0.000625372
0.0108803
0.0025524
0.00172592
0.0096742
0.00263863
0.00431399
0.00238887
0.00075008
0.00107764
0.00298345
0.0013673
0.00467113
0.00467292
0.00223089
0.00335061
0.00241717
0.00155924
0.00339859
0.00262045
0.00403741
0.00309878
0.00202675
0.00260644
0.000890453
0.00229601
0.00338073
0.00361944
0.00171989
0.00287443
0.00722534
0.00138955
0.00235892
0.00320816
0.00657658
0.00442058
0.00355051
0.00243388
0.00459563
0.00103846
0.000758209
0.00173181
0.00553762
0.00832156
0.00426555
0.00165393
0.00139307
0.000578698
0.00770681
0.00086461
0.00291433
0.00998724
0.00507224
0.00598316
0.00227694
0.00305465
0.00439292
0.00442438
0.00191522
0.00170653
0.00265185
0.000597436
0.000833338
0.00292604
0.000423743
0.00237
0.00525341
0.0043443
0.00514872
0.00603822
0.00416093
0.00200641
0.00250397
0.00139888
0.0103338
0.0043888
0.00290177
0.00780886
0.000745274
0.00200211
0.00242738
0.0114245
0.0024808
0.00694475
0.00348608
0.00182456
0.00263914
0.00262999
0.00218878
0.000870855
0.00563743
0.00072184
0.0028709
0.00115639
0.00361338
0.00261535
0.00326367
0.00291962
0.0032959
0.00103935
0.00517305
0.0044995
0.00407574
0.000518271
0.0105567
0.00129013
0.00247356
0.0033281
0.000704671
0.00273134
0.003486
0.00217473
0.00651231
0.00221201
0.00550817
0.0103083
0.002918
0.00463399
0.00255944
0.00173901
0.00109995
0.000566292
0.00326558
0.00393736
0.0023654
0.00248124
0.00436977
0.00508287
0.00108263
0.00131619
0.00247468
0.00450589
0.000798269
0.00568057
0.00243549
0.00219054
0.000579116
0.00292113
0.000886251
0.00598203
0.00331212
0.00490116
0.00442047
0.00218757
0.00178677
0.00744487
0.00282093
0.00103403
0.00629474
0.00240603
0.00220857
0.000495969
0.000796056
0.00535047
0.00185735
0.00471594
0.0082096
0.000602877
0.00239209
0.000790151
0.00511533
0.00573709
0.00278023
0.00496684
0.00255846
0.00223654
0.000848205
0.000786624
0.000776074
0.00163781
0.000720234
0.000918192
0.00294839
0.00650306
0.00213762
0.00379163
0.00573239
0.000947261
0.00495395
0.00467763
0.00351297
0.000743987
0.00221616
0.00445103
0.000459143
0.000278718
0.000352657
0.00249436
0.00203358
0.00263467
0.00298962
0.00262984
0.0109529
0.00519729
0.00256824
0.0029964
0.00539776
0.0045949
0.0027777
0.00436448
0.000913463
0.00355062
0.00143168
0.00192925
0.000744207
0.00099112
0.00132992
0.00272157
0.00198855
0.00276455
0.00222853
0.00509255
0.00190317
0.00306043
0.00319781
0.000947412
0.00217185
0.00514706
0.00227068
0.00256748
0.00477554
0.00321024
0.00168995
0.00207914
0.00062911
0.00106775
0.00334844
0.00119245
0.00324363
0.00241181
0.00108859
0.00248208
0.00830654
0.00349289
0.00350256
0.000818483
0.0106679
0.000497009
0.00281107
0.00204419
0.00614455
0.00268009
0.00244863
0.00166064
0.00419185
0.0056761
0.00078899
0.00101602
0.00189825
0.00652772
0.00389644
0.00265929
0.00249673
0.00533184
0.0045881
0.000982997
0.00255306
0.00457857
0.00228287
0.00352075
0.00357715
0.00194817
0.000748095
0.00198181
0.00176555
0.00294863
0.000782052
0.00193133
0.00374202
0.00195921
0.000753629
0.0020659
0.00336337
0.0018713
0.00227605
0.000627079
0.00336781
0.00302255
0.00244912
0.000698841
0.00258433
0.00248458
0.00218446
0.00371472
0.002075
0.000909932
0.00226073
0.000506486
0.000952608
0.00159702
0.00357986
0.00184453
0.000730752
0.00160835
0.0027155
0.000854254
0.00165567
0.00432686
0.000930126
0.00569343
0.00181517
0.000621801
0.000921916
0.0027391
0.00230909
0.00096939
0.00142412
0.000566754
0.00316237
0.00117888
0.000762251
0.00139035
0.00237243
0.000804775
0.00605715
0.00135751
0.00316077
0.00294901
0.00249036
0.00272506
0.00252752
0.00089996
0.000387729
0.000643151
0.00243799
0.00189753
0.00251706
0.00463698
0.00122693
0.00158327
0.00174359
0.00227432
0.000805588
0.00271414
0.00232546
0.00318308
0.00157223
0.00181209
0.000621473
0.00101489
0.000738346
0.000770626
0.00505956
0.00186218
0.00309627
0.00139516
0.000474049
0.0018214
0.000660762
0.00115562
0.00319331
0.0112365
0.00527896
0.00188968
0.011705
0.000881455
0.00271989
0.00173836
0.00580083
0.00159397
0.0104973
0.00111711
0.00346408
0.000768346
0.000806693
0.00110769
0.00156426
0.00248877
0.00169033
0.00168373
0.00343347
0.00220732
0.00255896
0.000914041
0.0035328
0.00191652
0.00419771
0.00438264
0.00123247
0.00198778
0.00115442
0.00307088
0.00165956
0.00309639
0.00303157
0.00356133
0.00221221
0.00256589
0.00347033
0.00601505
0.00114649
0.000761609
0.00286892
0.00081494
0.00082349
0.0034095
0.00136186
0.00250961
0.00223468
0.00549392
0.00329291
0.00118345
0.0027228
0.000771704
0.001171
0.00302795
0.00323607
0.00380253
0.003347
0.00135122
0.00277706
0.000820569
0.000841131
0.00300051
0.00374485
0.00186743
0.000707275
0.00154076
0.00260932
0.00118304
0.00317105
0.000754263
0.000727685
0.000826069
0.000293445
0.000992947
0.00086703
0.00268935
0.00253445
0.000827691
0.000481629
0.000222831
0.000333305
0.00433097
0.00215393
0.000848146
0.0039918
0.0034125
0.00300461
0.00147515
0.00519846
0.00474543
0.00229329
0.00444217
0.00405041
0.000751258
0.00333975
0.0085411
0.00384327
0.000564842
0.000899511
0.00077645
0.000527516
0.000938855
0.000822107
0.00444217
0.00316833
0.000182825
0.000887582
0.00251953
0.00365069
0.000769965
0.00115274
0.000849945
0.000708262
0.00287523
0.000740081
0.00167756
0.00545342
0.00262515
0.00157936
0.00700619
0.00112196
0.00767102
0.000750131
0.0011834
0.00490097
0.00436211
0.00461158
0.00200817
0.000213789
0.000796055
0.00117761
0.00184125
0.000574001
0.00283599
0.000738835
0.00369696
0.00206008
0.00202426
0.00185606
0.000870561
0.00172021
0.000657207
0.0114988
0.000670827
0.0026597
0.000710522
0.00208855
0.00407964
0.00144883
0.0032309
0.00233892
0.000860135
0.00169307
0.00336368
0.0019492
0.00945416
0.0021394
0.00277851
0.00216212
0.00204683
0.00180953
0.00339363
0.00563645
0.00216873
0.000809373
0.00610692
0.00225797
0.00436415
0.00152756
0.00182861
0.000894873
0.000438345
0.00245449
0.000921336
0.00314893
0.00392193
0.00104404
0.00139961
0.00217502
0.00144187
0.00237545
0.011956
0.0022811
0.00209147
0.00168673
0.000532371
0.000993752
0.000231806
0.000933481
0.000242781
0.00119121
0.0028886
0.00266985
0.00777813
0.00322933
0.00468361
0.00481963
0.000824607
0.000728856
0.00167819
0.00176002
0.00606345
0.00558623
0.000891853
0.0107772
0.00181495
0.000518535
0.00104077
0.00293236
0.000766153
0.00159793
0.00163635
0.000580844
0.00269601
0.00378665
0.00291434
0.00150546
0.00201647
0.00123101
0.0123754
0.00397536
0.00117396
0.0026506
0.00263382
0.000850412
0.00275269
0.0027849
0.00226193
0.00547867
0.000702345
0.000929002
0.00232163
0.00486844
0.00257938
0.00393658
0.00437153
0.00190974
0.00461553
0.00274903
0.00181325
0.00231275
0.00080807
0.00194173
0.00088306
0.0023164
0.0039746
0.00352403
0.00231484
0.00131348
0.00104887
0.00201546
0.00285893
0.000635444
0.0010674
0.00495232
0.000673139
0.00236641
0.00099119
0.00422987
0.00122268
0.00550374
0.00309589
0.00333262
0.00359203
0.00268198
0.0088618
0.000722132
0.00141564
0.00274336
0.00559079
0.00254778
0.00100528
0.00124991
0.000644447
0.00108481
0.00163323
0.00372449
0.00601878
0.00233222
0.00511416
0.000839503
0.000803861
0.00528807
0.0038553
0.00368009
0.00206243
0.00191106
0.000124528
0.00295688
0.000132195
0.000626216
0.00105439
0.00321906
0.00374658
0.00333349
0.00111678
0.00212011
0.00145407
0.000122417
0.00068382
0.00054164
0.000150731
0.000371088
0.00147672
0.00327155
0.00501892
0.00201139
0.00250745
0.000377957
0.000619843
0.00012431
0.000135882
0.000199255
0.000462589
0.00070526
0.000806417
0.000723882
0.00132463
0.000828895
0.000482728
0.00476482
0.00266135
0.000835716
0.00026316
0.000768297
0.00820742
0.00431019
0.0026949
0.00259283
0.000782408
0.00138503
0.00307283
0.000633376
0.00286865
0.000477945
0.000592262
0.00869842
0.000450511
0.000709314
0.00046411
0.00447607
0.000549239
0.00315243
0.00671498
0.000746182
0.00265546
0.0021368
0.000425973
0.000259724
0.000525276
0.00168221
0.00228507
0.00132783
0.00353743
0.00249618
0.00049898
0.000496567
0.00260857
0.00403892
0.00450374
0.00236159
0.000693797
0.0113888
0.000771774
0.0014143
0.000604393
0.00134841
0.00245279
0.00017569
0.000683723
0.00232636
0.000457627
0.000469687
0.000859573
0.00164
0.000785236
0.000424435
0.0025836
0.0105963
0.0006635
0.00112219
0.000972313
0.000702824
0.00818545
0.000745639
0.0078919
0.000843736
0.000436648
0.000719928
0.000477353
0.000518381
0.00113225
0.00320099
0.00112302
0.000705659
0.000731903
0.00409387
0.00365768
0.00075496
0.00101793
0.000744389
0.000764891
0.000213219
0.000762688
0.00264662
0.00620551
0.00643008
0.00231882
0.000679861
0.000845059
0.00191011
0.000840946
0.000874339
0.00250793
0.00185518
0.00178481
0.00054999
0.000888225
0.00740923
0.0002201
0.00120488
0.00490861
0.00136138
0.00205674
0.00234358
0.00302335
0.00158658
0.000670061
0.00107841
0.00296173
0.00109268
0.000466194
0.000855273
0.00619166
0.00202073
0.00530164
0.00609774
0.00251595
0.00325994
0.00201344
0.00116411
0.00336756
0.00228647
0.00292594
0.000497019
0.00298216
0.00859694
0.00348241
0.00550977
0.000694736
0.00149442
0.00220632
0.000792887
0.00501671
0.00015911
0.000276288
0.0032112
0.000758481
0.00401607
0.000868576
0.00282929
0.00202634
0.00185279
0.00286854
0.00828817
0.00468878
0.0119508
0.00087929
0.00489849
0.000715811
0.00234779
0.000866345
0.0039471
0.00275107
0.00195542
0.000830096
0.000572921
0.00776726
0.000515428
0.000300921
0.0031698
0.00177743
0.000777657
0.00285563
0.00813414
0.00310556
0.000763638
0.000671893
0.00370505
0.00500204
0.00173703
0.00313666
0.00438749
0.00383304
0.00112263
0.00699847
0.00315291
0.000760099
0.000595968
0.00147244
0.00067056
0.000957962
0.00132596
0.00359939
0.00390386
0.000571467
0.00301792
0.00500958
0.000492716
0.010911
0.00232678
0.0114318
0.00187577
0.000771816
0.00328707
0.00317471
0.00153976
0.00463712
0.00714224
0.00598474
0.00271345
0.000966824
0.000593971
0.00103103
0.000883513
0.00075725
0.00482865
0.00738446
0.00204832
0.00368819
0.000272697
0.000624609
0.000780526
0.00114331
0.00149548
0.00490245
0.00228712
0.00555657
0.000787593
0.00245524
0.000892899
0.001984
0.000724252
0.00218025
0.00202039
0.00494028
0.000819237
0.00797195
0.000803479
0.00269848
0.00544506
0.00224384
0.00487011
0.00250659
0.00141941
0.006704
0.00130058
0.00205571
0.00128783
0.00548063
0.00191297
0.000773123
0.00348589
0.000870523
0.000736001
0.000990072
0.00394052
0.0022816
0.000597418
0.00619088
0.000205495
0.00314293
0.00249502
0.00208794
0.000847839
0.00639352
0.000834536
0.00318675
0.00150775
0.000556057
0.000649888
0.000819876
0.00224936
0.00217229
0.0051562
0.00549642
0.00306258
0.00277132
0.000808013
0.00350818
0.00322831
0.00292761
0.000717137
0.00123457
0.00121913
0.00178776
0.000231089
0.000228779
0.00094024
0.00320745
0.00196168
0.00259041
0.000842887
0.0071915
0.00521621
0.00598275
0.00299548
0.00154262
0.00260211
0.00096958
0.00174284
0.00295798
0.00440072
0.00336295
0.00274582
0.000687381
0.0018593
0.004283
0.00363707
0.0019356
0.00277086
0.00293435
0.00111887
0.000662614
0.00148611
0.000226161
0.00125545
0.000828991
0.00378011
0.00529577
0.000809808
0.00495635
0.00239837
0.0017148
0.000901431
0.00347159
0.0011759
0.00278726
0.00333725
0.00348424
0.00321116
0.0074035
0.000579744
0.000877031
0.00434904
0.00269455
0.000462137
0.00197653
0.00181666
0.000833503
0.000673554
0.000254304
0.000597275
0.000273868
0.000538506
0.000648796
0.000837236
0.000732131
0.00203007
0.00185624
0.000961045
0.000913746
0.00264377
0.000775619
0.000700135
0.0019961
0.000569019
0.00221294
0.00140322
0.000776637
0.00261899
0.000719716
0.00172519
0.000488406
0.000622551
0.00257754
0.000655782
0.00154147
0.0102364
0.00453151
0.00186974
0.000655209
0.000782964
0.000861309
0.000263083
0.000758502
0.00287739
0.000906521
0.000668382
0.00207319
0.000748475
0.00290315
0.00296676
0.00134676
0.00105602
0.00221564
0.00377644
0.00112483
0.000813502
0.00336524
0.00234163
0.00393002
0.002853
0.000551799
0.00290408
0.00358407
0.00569749
0.00580238
0.00145957
0.000697746
0.000191348
0.000620284
0.00244138
0.00522573
0.00546101
0.000779268
0.0046938
0.00071909
0.00248387
0.00434338
0.00263062
0.00235923
0.0036452
0.00837103
0.000280846
0.00073295
0.00519619
0.00244214
0.000419125
0.000663721
0.00449331
0.00248776
0.00372892
0.00216135
0.00429615
0.00185667
0.00298276
0.00314215
0.000713996
0.000579962
0.0026523
0.00347035
0.00382955
0.00252305
0.00454009
0.00261321
0.00188387
0.00182314
0.00202167
0.0041604
0.00276416
0.00219531
0.0026821
0.011979
0.00164908
0.0031864
0.00554558
0.000750867
0.00230956
0.000717027
0.00524879
0.00811373
0.00307712
0.00498631
0.00343193
0.00479371
0.00218851
0.00206783
0.000149019
0.000819883
0.00309438
0.008982
0.0125113
0.00267311
0.00516048
0.00251437
0.00259014
0.000640329
0.00400021
0.00114472
0.000204609
0.000273426
0.00191801
0.00221365
0.00202398
0.00228686
0.00440026
0.000584143
0.00215831
0.000154062
0.00281425
0.00394929
0.0028686
0.0104632
0.0012437
0.000837753
0.000275681
0.00224072
0.00711633
0.00328819
0.00151974
0.0012466
0.00154917
0.000868315
0.00080606
0.00273486
0.00381246
0.00409393
0.00100198
0.0020339
0.000489595
0.00438273
0.00256671
0.00302879
0.004303
0.00266765
0.00668753
0.00512952
0.00797029
0.00627066
0.000678158
0.00173674
0.000812698
0.00132609
0.000900338
0.000803489
0.000756949
0.00168378
0.00447452
0.000825727
0.000905573
0.00109924
0.00404812
0.00245487
0.000465019
0.00103103
0.00234254
0.00850034
0.00394379
0.000647467
0.0024554
0.000613639
0.00393665
0.000756374
0.000489307
0.00241825
0.00188858
0.000791168
0.0011788
0.00386127
0.00436686
0.00300737
0.00350662
0.00304267
0.00254322
0.000786945
0.000950475
0.00759011
0.000201867
0.00107665
0.00153142
0.00452112
0.00423684
0.00063992
0.000973688
0.000780407
0.00570228
0.00141779
0.00144422
0.00526723
0.00171531
0.0040176
0.00277262
0.000626817
0.000747905
0.000596191
0.00109895
0.00537379
0.00240305
0.00589829
0.0030871
0.00282917
0.00733169
0.00376165
0.00118017
0.002991
0.00469911
0.00246112
0.00472096
0.000818078
0.00853204
0.000632812
0.000853213
0.0015394
0.000733094
0.00282985
0.0020564
0.00404548
0.000627924
0.00292724
0.000892226
0.000734456
0.00514114
0.0024774
0.0017134
0.00150789
0.00434135
0.00235875
0.00201639
0.000746284
0.00229662
0.000724676
0.00109028
0.00509147
0.00243155
0.00856156
0.000594139
0.00215597
0.00344159
0.00396074
0.00142194
0.00177963
0.00520778
0.00332079
0.00128257
0.00278038
0.00245232
0.0033127
0.00360889
0.000704735
0.0034864
0.00271965
0.00241909
0.0054462
0.00556938
0.0103306
0.00125534
0.00158241
0.000818554
0.00283776
0.00224694
0.000878251
0.00326882
0.00159864
0.00246387
0.000825451
0.000712091
0.00075429
0.00197572
0.000535661
0.00330974
0.000534233
0.00443131
0.00490156
0.00589695
0.00204895
0.00837578
0.00995122
0.00391746
0.00074577
0.000839566
0.00258791
0.000904385
0.00221474
0.00149962
0.00156582
0.00248605
0.00133948
0.0117014
0.00145344
0.00234748
0.0023876
0.00232733
0.00190446
0.000586975
0.00324233
0.00333571
0.000639229
0.000954531
0.000746651
0.00129911
0.00188599
0.000933939
0.00568382
0.000843721
0.000968571
0.00329204
0.000800754
0.000846288
0.000573611
0.000600813
0.00110826
0.00282401
0.0025066
0.000168214
0.0028664
0.00216885
0.000786975
0.00305325
0.000773512
0.00542231
0.00315338
0.00911466
0.0022927
0.000836661
0.000805703
0.0024927
0.00342867
0.0033952
0.0050195
0.003073
0.0045061
0.00171052
0.00152337
0.00471168
0.00184723
0.00109421
0.00290911
0.00038577
0.00498181
0.00373574
0.0052676
0.00370079
0.00187174
0.00418871
0.00297514
0.00301006
0.00864777
0.000865238
0.000278304
0.00106992
0.000198545
0.00125455
0.000590922
0.00163946
0.00144107
0.00119087
0.00157847
0.000764628
0.000683276
0.00318513
0.002568
0.000784233
0.00318776
0.00213474
0.000411266
0.00196036
0.00272456
0.000663361
0.00251918
0.00350915
0.00168271
0.00138765
0.000814181
0.00352384
0.00932184
0.00591743
0.0007945
0.000846499
0.000840677
0.00214522
0.000771534
0.0036916
0.00351975
0.00137091
0.00124001
0.00319318
0.00197617
0.000453432
0.000843357
0.0017086
0.00474686
0.00106242
0.00064259
0.000809879
0.00145964
0.000729755
0.000833873
0.00506169
0.00446694
0.0026231
0.00022104
0.000716738
0.00478235
0.00115673
0.00453387
0.000679887
0.00207804
0.00903661
0.00436027
0.000810345
0.00433683
0.000860155
0.0122473
0.00211776
0.0028164
0.00889067
0.0030979
0.00597288
0.00089825
0.00351857
0.00375671
0.000752055
0.00180599
0.00967258
0.000182736
0.000175068
0.000156499
0.000167512
0.000430564
0.000396488
0.000425198
0.000386708
0.000191879
0.000351968
0.000857759
0.000872699
0.000843585
0.000732877
0.000779906
0.000984748
0.000855879
0.00110415
0.000598666
0.000719201
0.000640136
0.000675222
0.000735217
0.00107384
0.000771972
0.00068233
0.000684576
0.000806132
0.000801969
0.000478801
0.000535263
0.000512655
0.000440024
0.0010569
0.000354598
0.000544375
0.0010876
0.000198006
0.000913942
0.00093852
0.00103519
0.000853988
0.00053493
0.00130935
0.00136681
0.00139867
0.000752121
0.00130462
0.00124374
0.000791333
0.00118141
0.0011944
0.00130087
0.00139511
0.0008892
0.00101531
0.00135487
0.00127321
0.00143565
0.00121937
0.00113126
0.000712923
0.00114277
0.00118115
0.00104379
0.000712432
0.000753528
0.000734198
0.00492934
0.000202598
0.000204385
0.00415089
0.0010152
0.000201542
0.00020008
0.00206416
0.00275045
0.000716819
0.00190394
0.00023942
0.000734992
0.000240567
0.00217798
0.000176836
0.000892324
0.000544325
0.000819199
0.000505843
0.000368667
0.0112716
0.0034653
0.00186869
0.00163279
0.00489251
0.00304599
0.00119566
0.00104845
0.000699194
0.00207874
0.0021502
0.000239869
0.000554735
0.00183584
0.00343314
0.00450191
0.00253383
0.00788968
0.000608313
0.00253469
0.00136856
0.00195361
0.00188629
0.000675248
0.00333224
0.000827762
0.000496926
0.000318779
0.00380347
0.00227361
0.00025841
0.000578126
0.000654251
0.000515094
0.00138291
0.00338671
0.00236001
0.00245472
0.00726069
0.000308281
0.00404557
0.00190781
0.00283606
0.00514374
0.00236673
0.00102945
0.000605479
0.000718673
0.00047653
0.000376708
0.00110866
0.000535456
0.00244068
0.00344901
0.00758383
0.000837634
0.00439957
0.00169127
0.00597275
0.0039911
0.00289663
0.00210921
0.00352198
0.00380333
0.00247342
0.00237608
0.00413681
0.00401727
0.000849498
0.000717029
0.00152069
0.00307741
0.00107058
0.000621004
0.00121503
0.00473014
0.00195448
0.0102517
0.00124588
0.000679762
0.00226388
0.000490459
0.000334803
0.000486011
0.000374141
0.00215175
0.00167501
0.00640487
0.00296842
0.000482239
0.000233119
0.000936113
0.000474984
0.0031098
0.00363891
0.00191298
0.00344482
0.00268751
0.00232838
0.0046058
0.000982579
0.0027145
0.000885719
0.00485627
0.00216907
0.00210529
0.00081611
0.000485143
0.000349676
0.000500197
0.00036482
0.00176791
0.0020504
0.0012868
0.0031362
0.0008284
0.00248024
0.00077743
0.00291236
0.00386224
0.00739805
0.000745164
0.00070592
0.00998995
0.00808076
0.00119195
0.000745143
0.00213585
0.000768034
0.00268555
0.00286832
0.000797673
0.00317517
0.00240741
0.000992338
0.000362035
0.000772496
0.000393852
0.00250526
0.00288306
0.002959
0.000911708
0.00404406
0.00048287
0.000916687
0.000810685
0.00429245
0.00197669
0.00187051
0.000517135
0.000274127
0.000305757
0.00105921
0.000653984
0.00405625
0.00214615
0.00492915
0.0100392
0.00248501
0.00082397
0.00570291
0.000642868
0.00271784
0.00274873
0.00305783
0.00421779
0.00179409
0.00279384
0.000762599
0.00539979
0.00217511
0.000830115
0.000492746
0.00365298
0.00294837
0.00269088
0.00095934
0.00072704
0.00107256
0.00161336
0.00404073
0.00170016
0.00664716
0.00272933
0.00371701
0.00388224
0.00481
0.000543044
0.00251223
0.00257616
0.0009956
0.000767678
0.00110426
0.0017866
0.0012453
0.00540815
0.00356827
0.000577831
0.00205619
0.00778959
0.00331931
0.00335707
0.00209545
0.00108741
0.000895059
0.00374923
0.000554358
0.00250827
0.00141774
0.00055283
0.000401065
0.00106314
0.000750342
0.000809424
0.0037154
0.00146968
0.00553637
0.00222881
0.00333495
0.00105437
0.000777444
0.00134318
0.00761491
0.00392879
0.0010627
0.00121734
0.00242115
0.0016995
0.000839988
0.00332248
0.00172232
0.000520314
0.00314267
0.0111483
0.00501747
0.00291735
0.00137835
0.00280431
0.00529677
0.00680899
0.000846019
0.000755679
0.00253434
0.00353846
0.00411062
0.00333636
0.00321417
0.00395613
0.000812569
0.00956416
0.0015637
0.00108305
0.000693213
0.000853771
0.0007288
0.000974879
0.000472679
0.000750986
0.000551529
0.000246656
0.00172502
0.00316146
0.00397123
0.0023001
0.00571859
0.00085094
0.00112479
0.000936131
0.00401481
0.00218893
0.00139455
0.00363661
0.00304928
0.00374495
0.00514872
0.0108441
0.00191952
0.000927082
0.00169823
0.000144241
0.00153738
0.00249703
0.00355479
0.000730507
0.00158561
0.00188877
0.00341805
0.000130622
0.00259724
0.000580219
0.00127383
0.00300257
0.000851701
0.00181226
0.0106063
0.00230375
0.00550367
0.00134773
0.00851956
0.0010659
0.00177632
0.000144692
0.00534255
0.00255306
0.00309801
0.00545721
0.00266226
0.00290778
0.000921382
0.000807951
0.00254306
0.00177215
0.00460193
0.000445821
0.00319142
0.0007125
0.00322452
0.000446949
0.0023825
0.00521076
0.00452659
0.00270408
0.00391432
0.000140347
0.0018726
0.00198014
0.00128342
0.00759174
0.00168362
0.00227666
0.00370046
0.00340714
0.00380938
0.00231802
0.000870352
0.000743345
0.000318649
0.0011983
0.00111862
0.00108189
0.00215356
0.00535895
0.00339253
0.000837568
0.00221081
0.00134738
0.00205627
0.00231235
0.00440369
0.00508685
0.00665404
0.00621699
0.004653
0.00109734
0.00113936
0.00071888
0.00250145
0.00319562
0.00173836
0.00827988
0.00340479
0.000577754
0.00133194
0.0017449
0.000640167
0.00271643
0.000593145
0.00389586
0.00204666
0.00688314
0.0034878
0.00261898
0.000193302
0.00254697
0.000617679
0.00115695
0.00244886
0.00178169
0.00427389
0.00584464
0.000494514
0.00307647
0.00342829
0.00235002
0.00574353
0.00114224
0.00327291
0.00280462
0.00230234
0.000753567
0.008447
0.00363901
0.00315692
0.00259647
0.00375272
0.0027785
0.00955049
0.00165635
0.00166718
0.000497355
0.000594263
0.00382657
0.00510907
0.00378006
0.00116871
0.0030385
0.000761233
0.000999575
0.00410965
0.000624228
0.00313656
0.00213561
0.000373713
0.00337413
0.00456803
0.00165854
0.00409598
0.000980809
0.00200165
0.000903969
0.00803969
0.00078174
0.00455875
0.000722521
0.000333735
0.00148968
0.00035975
0.000755114
0.000407649
0.0022145
0.00453434
0.0121237
0.00103903
0.00117577
0.00258296
0.00453875
0.000737745
0.000846416
0.000788409
0.00147848
0.00383733
0.00509657
0.00097863
0.000728956
0.00173175
0.00153139
0.00663716
0.00147161
0.00115938
0.000768785
0.0014754
0.00199486
0.003592
0.000401837
0.00218498
0.000839024
0.00240031
0.00117563
0.0021289
0.000887513
0.00112786
0.00824925
0.00283331
0.00180153
0.000777186
0.0063614
0.000840548
0.00276288
0.00238248
0.00167562
0.00199788
0.00329605
0.00602066
0.00245222
0.00753686
0.00279008
0.000795214
0.00169782
0.000797854
0.000871065
0.000728453
0.00216693
0.000750233
0.00166071
0.00202555
0.000797767
0.0102544
0.0032191
0.00679248
0.000957686
0.00598977
0.00120274
0.00106894
0.000767031
0.000781011
0.00247297
0.00172603
0.00419586
0.00262196
0.00282771
0.00305625
0.00532657
0.000821517
0.00352397
0.00050759
0.00467372
0.00263357
0.00430818
0.00488588
0.00163382
0.000345303
0.000367172
0.000782915
0.00204113
0.00564158
0.0027802
0.00764914
0.00185969
0.0029043
0.00371212
0.000791256
0.000802676
0.000268781
0.000586675
0.000683162
0.00086469
0.00127361
0.000647316
0.00315134
0.00793318
0.00111999
0.00484492
0.00310954
0.00350679
0.00439988
0.000559145
0.000932464
0.0102793
0.000772922
0.00718493
0.00269048
0.00073843
0.000316602
0.000683507
0.00101689
0.000819908
0.00167689
0.00131449
0.000466562
0.00101268
0.000734015
0.00055158
0.000765055
0.00185041
0.000560582
0.0024959
0.00171802
0.00219885
0.000779962
0.000792981
0.00226195
0.000309531
0.00326125
0.00327495
0.00197817
0.000743931
0.00131227
0.000182217
0.000314332
0.000625919
0.00261032
0.00455878
0.00242514
0.000768146
0.000534311
0.00268837
0.000477441
0.000301674
0.00874201
0.00225589
0.00272702
0.00326968
0.00402159
0.00477957
0.00332584
0.00485632
0.00185304
0.00068741
0.00092022
0.0032514
0.00190085
0.00210446
0.00217216
0.0016099
0.0051805
0.00125168
0.00789838
0.00563905
0.000833479
0.00236439
0.00157534
0.00277052
0.000713882
0.000910662
0.00253025
0.000839106
0.00394529
0.00305794
0.00219705
0.00157289
0.00219076
0.00186168
0.00027307
0.000524109
0.00419336
0.00040948
0.000872371
0.00129898
0.000752524
0.000712712
0.00258587
0.000907337
0.000743042
0.00226997
0.000162059
0.000616501
0.000235493
0.00645025
0.000866758
0.00271964
0.00118363
0.00358243
0.00210266
0.0023936
0.00394581
0.000625026
0.00212922
0.000778142
0.000807961
0.000259198
0.00913856
0.00510785
0.00320289
0.000583477
0.00021732
0.00437873
0.0054623
0.00344717
0.000315321
0.00237108
0.000822442
0.000659406
0.00134864
0.00215363
0.00144599
0.00407192
0.0021739
0.000722819
0.00436665
0.000919105
0.000932908
0.000641392
0.00169459
0.0010841
0.0050758
0.00394092
0.000659196
0.00264785
0.00287764
0.000717166
0.000688399
0.00255715
0.00088807
0.00112979
0.000746687
0.000502851
0.0005736
0.000514768
0.000516382
0.000728156
0.000979912
0.000705228
0.000707017
0.00110445
0.000999844
0.00100622
0.00098693
0.000796205
0.00056928
0.000644598
0.00102432
0.00067232
0.000667233
0.000578956
0.000898996
0.000906571
0.000559178
0.000531025
0.000487528
0.000507393
0.000383261
0.000482338
0.00147125
0.00275741
0.0026679
0.0031698
0.0124341
0.00120921
0.00186864
0.00430048
0.000800288
0.00259368
0.0079854
0.000402155
0.00175416
0.0024399
0.000790574
0.00500388
0.00061029
0.00269887
0.000381006
0.00157148
0.00156383
0.00678493
0.00258906
0.00468789
0.00861085
0.00285728
0.00024878
0.000476316
0.00177007
0.00537396
0.000538821
0.000939546
0.00118204
0.00103586
0.000757872
0.00277414
0.000517752
0.000289457
0.00509596
0.00328007
0.000576081
0.00381805
0.00264348
0.00508471
0.00073396
0.00228821
0.00197278
0.00140619
0.00440223
0.000424192
0.00513209
0.00284364
0.000748373
0.00158926
0.00081675
0.00054842
0.00325277
0.00199931
0.0085651
0.00051498
0.00166307
0.00497335
0.00170399
0.000788413
0.000168174
0.00116102
0.00209305
0.00514837
0.00514579
0.000473505
0.000965768
0.00620604
0.00304644
0.00249679
0.00255485
0.000400593
0.000196848
0.00250785
0.000798549
0.00235829
0.00218376
0.000479237
0.00026566
0.00236796
0.00395701
0.000459364
0.000897604
0.00300838
0.00448124
0.000302556
0.0015366
0.000777168
0.00176794
0.00278248
0.00106518
0.0024564
0.0105399
0.00273886
0.00251
0.000286656
0.00291094
0.00531079
0.00199516
0.0015979
0.00520105
0.00678034
0.00132373
0.000406309
0.00195163
0.000749742
0.00283357
0.000834499
0.00332283
0.00310104
0.00282912
0.000767556
0.00278032
0.00208177
0.00376582
0.00249478
0.0049252
0.00209752
0.000597335
0.00302451
0.002512
0.00214443
0.00139216
0.00218597
0.000917267
0.00442427
0.000663593
0.00087746
0.00106837
0.00267836
0.000846817
0.000831732
0.00211144
0.000799858
0.00613444
0.000430067
0.000822967
0.000482877
0.00307526
0.00190395
0.000822073
0.000735686
0.00342992
0.00367694
0.00217999
0.00139232
0.00065884
0.00274381
0.000637605
0.0026311
0.00244159
0.00293009
0.00354719
0.00285857
0.00174434
0.00489434
0.00292829
0.00174387
0.00239635
0.00140814
0.00332287
0.00490393
0.00280308
0.00295537
0.00113908
0.00397728
0.000388851
0.000506134
0.00083599
0.00413645
0.00583869
0.00135737
0.00511343
0.00914616
0.00272033
0.00749184
0.00021121
0.000407974
0.00193492
0.00144661
0.00359173
0.00468378
0.00443817
0.00071348
0.00289378
0.00101182
0.00375386
0.00141679
0.00359971
0.00207091
0.00297318
0.00374567
0.00165224
0.00221948
0.000758982
0.0028448
0.00338044
0.000701981
0.00278621
0.000725523
0.000265311
0.000515552
0.000840552
0.00675072
0.00151992
0.00280384
0.00209956
0.000871585
0.00347647
0.000829981
0.00117594
0.000624021
0.000839029
0.00270188
0.000839721
0.00415667
0.000780556
0.0015075
0.00102871
0.0010351
0.00213385
0.000244482
0.000226356
0.00622199
0.000644859
0.0022459
0.00340465
0.000611578
0.00380758
0.000751555
0.00147198
0.000816912
0.000574446
0.00300382
0.00273386
0.000827876
0.00421739
0.000228749
0.000653857
0.0010551
0.00341706
0.000966145
0.00213464
0.00115543
0.00347146
0.00278319
0.00314865
0.00145177
0.00098481
0.00387236
0.00123363
0.000591936
0.00201762
0.000857736
0.00216854
0.000861988
0.00302211
0.000677826
0.000873632
0.00274589
0.00742825
0.000870136
0.00127764
0.00026956
0.000516666
0.000658685
0.00427968
0.00209761
0.00217
0.00401984
0.00426407
0.000889148
0.00273564
0.00270094
0.00161561
0.000739493
0.00109184
0.0035227
0.0033453
0.00253153
0.00427767
0.00107651
0.000912962
0.000707648
0.00454211
0.00250553
0.0120245
0.0022786
0.000547597
0.0011959
0.00201903
0.000636782
0.00360262
0.000696521
0.0115259
0.00129421
0.00505503
0.00257005
0.00315887
0.00315961
0.00383641
0.000728823
0.00624689
0.00414765
0.000878769
0.00173193
0.00482778
0.00269497
0.000851705
0.00224371
0.00310216
0.00493996
0.00188305
0.00151888
0.0115099
0.00284792
0.002963
0.0115441
0.00847623
0.000670644
0.00073399
0.00150413
0.000450646
0.0110255
0.0026594
0.00242649
0.00124912
0.0121628
0.000842418
0.00141989
0.000819714
0.00370224
0.00395016
0.00068451
0.00195597
0.00537003
0.00251426
0.00130129
0.00400506
0.0027393
0.00393134
0.00430683
0.00243876
0.00165037
0.00264462
0.000640504
0.00701545
0.00321114
0.000782754
0.000853698
0.000737302
0.00223656
0.00307506
0.00172426
0.00263528
0.00179018
0.00407868
0.00169953
0.00658803
0.00346173
0.000889062
0.00765371
0.00163599
0.00169118
0.0118074
0.00766437
0.0047663
0.00241137
0.00331759
0.00167481
0.00128234
0.00300413
0.0018279
0.00069464
0.00242871
0.00272759
0.00238354
0.000473558
0.00282646
0.00114144
0.00300943
0.00474508
0.000457165
0.000380354
0.00307442
0.00370498
0.00256501
0.00483592
0.000751965
0.00426561
0.00334467
0.00189945
0.0017055
0.00264476
0.00128167
0.00210694
0.00266257
0.00115415
0.00238531
0.00235691
0.000730955
0.00125103
0.000772992
0.00071732
0.00084441
0.00402895
0.00178755
0.0067093
0.00776729
0.00364437
0.00566143
0.000942543
0.000905775
0.00311191
0.000748067
0.00350113
0.00399539
0.00220008
0.00134705
0.00117072
0.00056162
0.00219611
0.00151582
0.00174603
0.00281292
0.00437083
0.000929056
0.000227125
0.000435659
0.00286351
0.00209528
0.00453576
0.00382999
0.00293014
0.00113122
0.000578236
0.00181315
0.00288172
0.000542646
0.00130787
0.00142536
0.00248988
0.000891368
0.0043524
0.000417683
0.000960928
0.00160958
0.000464621
0.00077816
0.00194132
0.00248496
0.00181069
0.00295418
0.00427417
0.00373207
0.00193513
0.00389538
0.00319722
0.000554932
0.0018692
0.00288023
0.000891505
0.00128019
0.00529914
0.00156884
0.00243005
0.00262386
0.000943036
0.000516011
0.00140952
0.00332984
0.00324071
0.00668235
0.00784326
0.000377539
0.00168517
0.000718057
0.000582297
0.00188412
0.00111425
0.00248447
0.00137203
0.000791162
0.0016622
0.00282889
0.00083908
0.0011528
0.00382829
0.00206072
0.00271592
0.00248159
0.00252208
0.00805103
0.00298987
0.000622037
0.00334581
0.00223637
0.000917042
0.00247004
0.0111623
0.000777515
0.000625837
0.00151494
0.00319901
0.00257627
0.00211887
0.00429384
0.00180169
0.00648566
0.00334322
0.00197716
0.00167143
0.0038619
0.000786415
0.00480352
0.00066659
0.010858
0.0031991
0.0115228
0.001999
0.00369616
0.0019842
0.000769638
0.000844228
0.00368151
0.00389535
0.00119691
0.0037693
0.00157727
0.00269871
0.00404289
0.00138014
0.00345144
0.000900911
0.00165235
0.00222394
0.00181212
0.0027644
0.00775291
0.00376273
0.00264041
0.00247734
0.00110761
0.0015494
0.00192369
0.00426587
0.00591581
0.00390161
0.000680592
0.00186089
0.00251234
0.00269332
0.00328761
0.00369831
0.00143886
0.00135806
0.0113233
0.000437154
0.000971085
0.00409565
0.00207062
0.000309972
0.000523582
0.000618239
0.00101116
0.00258827
0.00170625
0.00262755
0.000828987
0.00132822
0.00658973
0.00547235
0.00124885
0.00297578
0.00339073
0.0008147
0.00353488
0.0020777
0.00765192
0.00253853
0.000879581
0.00374437
0.00259988
0.000816049
0.00177072
0.00472737
0.0028853
0.00112182
0.000839394
0.00100425
0.00439189
0.000858551
0.00370412
0.00256376
0.00272518
0.00175959
0.00169761
0.00281227
0.0114423
0.000398307
0.000322935
0.000132823
0.00256879
0.00155462
0.00159927
0.00183874
0.000802377
0.00026639
0.00464784
0.00207634
0.00319719
0.000946612
0.000720729
0.00390469
0.00231069
0.00512558
0.00194511
0.00178805
0.0105139
0.000292061
0.00613264
0.00319221
0.00466916
0.00240921
0.00402903
0.00327337
0.00328207
0.00344855
0.00223757
0.0045219
0.00762357
0.00144562
0.000393109
0.0109841
0.0025381
0.000572382
0.00407953
0.00106081
0.00218538
0.00296366
0.0106326
0.000648001
0.00131902
0.00391815
0.00286234
0.00281084
0.000538446
0.00304741
0.0020478
0.00175503
0.00287001
0.00125676
0.00111763
0.000897842
0.00107246
0.00292441
0.00117648
0.003831
0.00202995
0.00221099
0.000820023
0.000406417
0.00162268
0.00224427
0.000751445
0.00141429
0.00372152
0.000845902
0.00241535
0.00230865
0.000838286
0.00161695
0.00405215
0.00162868
0.000657341
0.000763644
0.00291536
0.00205745
0.00465348
0.00255035
0.00406446
0.00400319
0.00078532
0.000561986
0.00204019
0.00443289
0.0026275
0.0038839
0.00360563
0.00322938
0.00404694
0.0026993
0.00381028
0.00476811
0.00365901
0.000774714
0.00521269
0.00156582
0.00262582
0.00342631
0.00260779
0.00423766
0.000143684
0.00084551
0.000780662
0.00195688
0.00270983
0.000615933
0.00104462
0.0019131
0.00316292
0.00203284
0.000820703
0.00299554
0.0005075
0.00286467
0.00254339
0.00196811
0.000146655
0.000746681
0.000814358
0.00354632
0.000708429
0.00912961
0.00210821
0.00260441
0.00250096
0.000904765
0.00207093
0.00226992
0.00364395
0.00210754
0.00312409
8.75498e-05
0.000941699
0.00242418
0.000901886
0.00280035
0.0046164
0.00183402
0.00855472
0.00376935
0.00101606
0.000910603
0.000927788
0.00180957
0.000266031
0.000516853
0.000494956
0.00262431
0.00274512
0.000932829
0.00337855
0.00191895
0.000800062
0.00179772
0.000609632
0.00433208
0.00302707
0.000561109
0.00168827
0.00538046
0.00233447
0.00357168
0.000902114
0.0020263
0.00226593
0.00259688
0.00206932
0.000733946
0.000836678
0.00258813
0.00501312
0.00100727
0.00448759
0.00263582
0.00415263
0.00151156
0.00300541
0.00161622
0.00104026
0.00149947
0.00180961
0.00217509
0.000855109
0.00200794
0.00168389
0.00243315
0.00253884
0.00251178
0.000819539
0.00190534
0.00109746
0.000543585
0.00177616
0.00262071
0.004696
0.00223185
0.0019305
0.000910941
0.00875899
0.00557325
0.0033406
0.00243233
0.000450743
0.00275581
0.00127363
0.00185234
0.000130487
0.0007545
0.00811989
0.00522881
0.000760058
0.00186463
0.00164285
0.00119343
0.00079899
0.00203606
0.000493262
0.000818489
0.000729445
0.000687305
0.00138997
0.00155111
0.00522169
0.00129205
0.00204507
0.000966054
0.000818821
0.00204824
0.00416065
0.00462508
0.00282957
0.000578364
0.00123751
0.00196212
0.00309231
0.00550956
0.00722614
0.00122206
0.000713424
0.00251818
0.00174556
0.00102507
0.00303004
0.000211377
0.000829273
0.000416146
0.00150171
0.00329233
0.00581622
0.00291731
0.00782893
0.000702038
0.00263648
0.000661335
0.0016161
0.000801841
0.00211818
0.00363236
0.000884653
0.00376639
0.00243324
0.00570267
0.000239212
0.00486403
0.0028005
0.000671263
0.000733457
0.00188521
0.000762037
0.00774159
0.00131533
0.00282598
0.00397205
0.000848167
0.00186582
0.000406393
0.00279869
0.00285542
0.00318391
0.000520482
0.0034579
0.00342136
0.000722864
0.00224003
0.000581683
0.00210689
0.00438899
0.0012295
0.000683179
0.00143041
0.00161205
0.00988093
0.00686029
0.00234451
0.00778872
0.00135478
0.00280803
0.000931409
0.0020637
0.000418956
0.00065596
0.000918357
0.0026846
0.00318719
0.00552205
0.000527303
0.00117044
0.00287683
0.0020822
0.000727457
0.00437387
0.00287603
0.00199481
0.0015204
0.00049495
0.00841335
0.00600855
0.00157684
0.000644918
0.00612647
0.000378847
0.000854608
0.000716654
0.00389724
0.00240099
0.000945265
0.00455297
0.00125722
0.00294319
0.000737104
0.00059705
0.0100221
0.00229632
0.000866662
0.000551936
0.00166036
0.00163933
0.00292653
0.000154291
0.00190637
0.00286113
0.00402225
0.00071099
0.000509965
0.00157611
0.000607639
0.00254057
0.00117345
0.00385078
0.00168948
0.00361536
0.002974
0.000195373
0.000405044
0.00258927
0.000315256
0.00234479
0.00750547
0.00364118
0.00630376
0.006171
0.0027336
0.00229626
0.000418083
0.000755733
0.00833404
0.000759137
0.00129666
0.000559141
0.00451642
0.000460807
0.000849181
0.00480249
0.00244285
0.00069642
0.00119412
0.00141729
0.00115944
0.00122199
0.000944598
0.00232631
0.00136753
0.00686221
0.00111594
0.00109694
0.0016813
0.00436128
0.00174858
0.00229252
0.00106655
0.00432386
0.00837414
0.00384492
0.00127274
0.00139495
0.000738881
0.000891708
0.00193585
0.00342222
0.00321517
0.000868437
0.000632856
0.00313375
0.000628368
0.00274725
0.00301265
0.00302238
0.00890995
0.000710412
0.00119302
0.000910314
0.000608177
0.000558326
0.00589582
0.00304824
0.00574321
0.00159856
0.000542003
0.00093693
0.00159778
0.00144205
0.00112063
0.00335783
0.0032094
0.00274018
0.000790751
0.00151713
0.00474254
0.00298086
0.0012898
0.000670578
0.00440363
0.00375601
0.00122432
0.000750737
0.00301218
0.00323099
0.000262651
0.00753372
0.000699621
0.000706677
0.00138526
0.00312694
0.00238563
0.000316553
0.0028999
0.00151051
0.00199986
0.00288439
0.00746571
0.000779686
0.0031857
0.00441328
0.00157045
0.00415257
0.00115165
0.00780304
0.00126654
0.00232411
0.00253675
0.000570147
0.00279429
0.00124215
0.00117964
0.000271667
0.00253757
0.000811882
0.000411383
0.00246319
0.00313103
0.00231722
0.00297569
0.00140464
0.000219833
0.00102419
0.00230922
0.00430447
0.00204383
0.000843013
0.00271644
0.000717725
0.00670982
0.00094044
0.00398874
0.00132299
0.00121154
0.000537425
0.00168238
0.00103264
0.00260977
0.0048969
0.000914807
0.000840343
0.000603168
0.00359079
0.002203
0.00919963
0.00315108
0.00107055
0.00137169
0.00475665
0.00075591
0.000954424
0.000879771
0.011417
0.00229519
0.0013855
0.00072535
0.00209304
0.00669314
0.00442342
0.00356615
0.0012669
0.00447307
0.00213597
0.00395468
0.000803168
0.00408629
0.0019877
0.00513958
0.000681481
0.000684168
0.00151041
0.0114359
0.00167249
0.000656614
0.000538871
0.00216248
0.00195201
0.00247791
0.0023918
0.00119014
0.00431177
0.00265506
0.00138005
0.00198815
0.00150575
0.000895902
0.00302212
0.000771526
0.00150294
0.00058654
0.000946428
0.00126244
0.000822157
0.000777023
0.00629139
0.00243856
0.0025628
0.00269719
0.000466541
0.000958105
0.00109576
0.00221217
0.000861407
0.00556911
0.00267826
0.00313276
0.00466366
0.00256688
0.003771
0.00442111
0.00257237
0.00285301
0.000837223
0.00110384
0.00254663
0.00273849
0.00463891
0.00251915
0.00236705
0.0025219
0.00344508
0.000832545
0.00464667
0.00137503
0.00141679
0.00166948
0.00347284
0.00448439
0.00316194
0.000371419
0.00428263
0.00134624
0.00660715
0.00417324
0.00322779
0.00293444
0.00268375
0.00682482
0.0027931
0.00376352
0.00522339
0.00286414
0.00121184
0.000800871
0.00365674
0.00321155
0.000686632
0.00111201
0.00301332
0.00743578
0.00118162
0.00388608
0.00160736
0.00143403
0.00280323
0.000878579
0.00229446
0.00239165
0.0113189
0.00417309
0.000667143
0.00411675
0.00219077
0.00138471
0.00105127
0.00285701
0.00604337
0.00360827
0.00175028
0.00183789
0.00181736
0.000752057
0.000731934
0.00274555
0.00240365
0.00295531
0.00330818
0.000877156
0.00399505
0.000908952
0.00491647
0.00365547
0.00351411
0.000912662
0.000792698
0.000734413
0.000646454
0.00100051
0.00205418
0.00340294
0.000992409
0.00240117
0.00349885
0.000595553
0.00183586
0.000197115
0.0050281
0.00232128
0.00354602
0.00248119
0.00318072
0.00159378
0.0019615
0.00241483
0.0026508
0.00320791
0.00393591
0.000741354
0.000669835
0.0042208
0.00401929
0.00184897
0.00569474
0.00294571
0.00235441
0.00455179
0.00249856
0.000569956
0.00126492
0.00155979
0.00266474
0.00407743
0.00289822
0.00369977
0.0016893
0.000653521
0.000490472
0.000330721
0.00314459
0.000802065
0.000761119
0.0022461
0.000935281
0.0012336
0.00186635
0.000872565
0.000749462
0.000840521
0.00115537
0.000894826
0.00174584
0.00258506
0.00182072
0.0016408
0.00279199
0.000693874
0.000737501
0.000869924
0.00100607
0.000613203
0.000903288
0.000933022
0.00277097
0.00162698
0.00148397
0.000602035
0.000425384
0.000879209
0.00110696
0.000676689
0.00180309
0.000954796
0.000659767
0.000681875
0.00142521
0.00224193
0.00165737
0.000944073
0.000426544
0.000719584
0.000886931
0.00125875
0.000465222
0.000326626
0.000878858
0.00160302
0.000881168
0.00116154
0.000808232
0.00138268
0.00196776
0.00109266
0.000665436
0.00173555
0.00240556
0.0014999
0.00138607
0.00105422
0.00174099
0.000727341
0.000828883
0.000951501
0.00102277
0.000844202
0.000936413
0.00124083
0.000981914
0.000738294
0.000546938
0.000376184
0.000454105
0.0024575
0.000529491
0.000493359
0.0017918
0.000685589
0.00131427
0.00122156
0.00253474
)
;

boundaryField
{
    frontAndBack
    {
        type            empty;
    }
    wallOuter
    {
        type            nutkWallFunction;
        Cmu             0.09;
        kappa           0.41;
        E               9.8;
        value           nonuniform List<scalar> 
396
(
1.08086e-05
1.08086e-05
6.62988e-05
0.000104604
8.95553e-05
0.000114839
6.4527e-05
0.000137308
0.000111522
8.28576e-05
1.60229e-05
1.46409e-05
6.54182e-05
2.16344e-05
5.81138e-05
2.76544e-05
1.96487e-05
7.6743e-05
0.000124984
7.78027e-05
0.000126948
1.21188e-05
1.32164e-05
7.56554e-05
0.000123523
1.18223e-05
8.24526e-05
1.58504e-05
1.21094e-05
1.36816e-05
2.25335e-05
5.66339e-05
8.49746e-05
8.71488e-05
5.77617e-05
3.04112e-05
7.65833e-05
5.72595e-05
5.40907e-05
8.55528e-05
5.61421e-05
6.54583e-05
5.11765e-05
3.04078e-05
6.05693e-05
5.92555e-05
1.93294e-05
8.25201e-05
5.52937e-05
5.6335e-05
9.4196e-05
8.00407e-05
0.000131136
8.48082e-05
8.67707e-05
5.78707e-05
6.1818e-05
8.95267e-05
9.1885e-05
2.43508e-05
2.46603e-05
5.64056e-05
9.50681e-05
1.63535e-05
3.21107e-05
9.11519e-05
9.33316e-05
5.84859e-05
9.26756e-05
7.07272e-05
0.000120919
3.2337e-05
7.64343e-05
9.42101e-05
0.000132923
0.000103972
8.86917e-05
7.15589e-05
5.57618e-05
9.97209e-05
8.12272e-05
2.88957e-05
7.22364e-05
3.15359e-05
6.52103e-05
7.83171e-05
0.000100143
8.80452e-05
9.31055e-05
5.83785e-05
5.04206e-05
8.00672e-05
7.02693e-05
1.51219e-05
1.63643e-05
5.55872e-05
5.84373e-05
9.57579e-05
0.000136961
7.61347e-05
0.000114532
6.48278e-05
0.00011356
8.9929e-05
0.000111189
3.2231e-05
2.23139e-05
8.77744e-05
8.19427e-05
2.02474e-05
1.92333e-05
1.6664e-05
1.81993e-05
5.17129e-05
4.78252e-05
5.07707e-05
4.57814e-05
2.14352e-05
4.12474e-05
0.000101968
0.000101239
9.82774e-05
8.5948e-05
9.11911e-05
0.000116624
9.94964e-05
0.000127715
7.22465e-05
8.6775e-05
7.72433e-05
8.12604e-05
8.73863e-05
0.00012675
9.23097e-05
8.062e-05
8.10769e-05
9.60469e-05
9.36964e-05
5.9055e-05
6.6092e-05
6.32793e-05
5.41652e-05
0.000122667
4.13842e-05
6.72412e-05
0.000125825
2.23652e-05
0.000107324
0.000109762
0.000120909
0.000100474
6.61133e-05
0.000153466
0.000157344
0.000160848
8.84546e-05
0.000153128
0.000146079
9.42229e-05
0.000139038
0.000141056
0.000150194
0.000160592
0.000106187
0.000120852
0.000156462
0.000147878
0.000165673
0.00014221
0.000133319
8.45242e-05
0.000134328
0.000138284
0.000120988
8.5446e-05
8.95434e-05
8.88241e-05
2.30227e-05
2.32636e-05
2.28449e-05
2.25935e-05
1.85669e-05
6.46092e-05
6.26049e-05
4.29888e-05
6.23628e-05
3.69069e-05
3.04045e-05
7.12583e-05
7.84725e-05
3.57024e-05
8.66725e-05
5.90816e-05
4.38836e-05
6.14357e-05
3.88008e-05
6.03855e-05
4.35058e-05
2.68652e-05
0.000111026
5.95262e-05
6.05718e-05
4.05571e-05
6.22615e-05
4.23666e-05
0.000139292
9.04143e-05
5.86787e-05
6.52664e-05
3.17114e-05
3.64152e-05
0.000124824
8.11831e-05
0.000115645
9.01845e-05
0.000128158
0.000106717
0.000126978
8.45364e-05
0.000115831
5.71674e-05
9.043e-05
6.67792e-05
0.000100735
1.46139e-05
1.27903e-05
1.46048e-05
5.36773e-05
1.44385e-05
0.000133355
8.74997e-05
2.15239e-05
7.20133e-05
0.000137382
7.54163e-05
4.25535e-05
4.91876e-05
0.000137254
9.44736e-05
4.75183e-05
9.35526e-05
0.000102708
8.56668e-05
0.000138858
0.0001237
9.02485e-05
9.3316e-05
3.17222e-05
7.26826e-05
8.121e-05
3.78763e-05
8.45578e-05
0.000120084
9.8357e-05
5.6484e-05
0.000120003
8.84569e-05
6.68566e-05
6.8075e-05
8.94116e-05
0.000152301
1.98928e-05
3.74227e-05
7.46356e-05
6.47027e-05
6.00065e-05
3.49842e-05
0.000109776
3.18035e-05
6.61249e-05
8.59708e-05
0.000107908
8.94986e-05
1.6767e-05
0.000138529
9.67918e-05
2.94262e-05
2.94262e-05
6.98118e-05
2.38502e-05
7.95209e-05
0.000109763
7.72708e-05
0.000126507
7.95814e-05
8.30403e-05
0.000104749
0.000131841
9.08552e-05
6.02903e-05
6.90939e-05
6.17763e-05
6.20387e-05
8.65304e-05
0.00011649
8.39034e-05
8.41202e-05
0.000128751
0.000118697
0.000117937
0.000115807
9.43592e-05
6.92077e-05
7.80922e-05
0.00011995
8.12099e-05
8.05882e-05
7.02974e-05
0.000107263
0.000108128
6.79777e-05
6.46146e-05
5.93498e-05
6.17605e-05
4.64606e-05
5.87675e-05
2.8848e-05
6.00955e-05
0.000111503
0.00013668
0.000120097
8.93563e-05
6.5172e-05
3.35535e-05
6.63273e-05
1.79114e-05
5.74286e-05
3.5487e-05
9.28077e-05
3.35062e-05
7.24403e-05
7.88902e-05
0.000102592
0.000124711
6.13029e-05
2.39384e-05
5.13442e-05
9.11969e-05
3.07054e-05
6.51289e-05
9.9037e-05
0.00012193
0.000122602
7.39209e-05
2.57677e-05
7.15961e-05
0.000103895
3.14768e-05
6.51698e-05
0.000105879
0.000125388
0.000106553
8.38004e-05
5.7351e-05
0.000110336
2.60387e-05
5.49266e-05
9.23453e-05
0.000106414
7.51589e-05
6.3269e-05
4.87592e-05
3.88196e-05
1.32793e-05
8.56024e-05
1.45013e-05
6.17333e-05
1.48395e-05
6.50598e-06
3.0856e-05
6.52752e-05
8.71667e-05
1.30158e-05
9.73711e-05
8.57447e-05
8.09586e-05
0.000114842
2.39507e-05
9.89813e-05
5.22808e-05
2.68102e-05
8.235e-05
4.99001e-05
7.16535e-05
6.70941e-05
1.59919e-05
2.09334e-05
3.70234e-05
4.97155e-05
8.38908e-05
0.000139171
7.56526e-05
6.77507e-05
3.14518e-05
4.94466e-05
0.000140695
)
;
    }
    inlet
    {
        type            calculated;
        value           uniform 0.000851986;
    }
    outlet
    {
        type            calculated;
        value           nonuniform List<scalar> 9(0.00885567 0.0106259 0.00184453 0.00639352 0.008982 0.00602066 0.00131227 0.00338044 0.00415667);
    }
    wallInner
    {
        type            nutkWallFunction;
        Cmu             0.09;
        kappa           0.41;
        E               9.8;
        value           nonuniform List<scalar> 
528
(
0.000118482
3.2404e-05
6.51711e-05
1.25646e-05
0.000106934
0.000188398
9.91994e-05
0.00023763
7.95011e-05
0.000137004
0.000137728
6.11871e-05
0.000140443
0.000237484
0.000235975
0.000130677
9.79125e-05
6.44584e-05
0.000125584
6.40497e-05
0.000234201
0.000102987
0.00014871
6.0203e-05
0.000133314
7.26707e-05
0.000169253
7.57088e-05
0.000238932
6.7011e-05
0.000114244
0.000113997
0.00019984
0.000104688
0.000286818
8.79215e-05
0.000125306
0.000114782
6.71903e-05
0.000191794
0.000124924
0.000208746
0.00015704
9.25656e-05
6.75027e-05
0.000173881
0.000150321
0.000127352
0.000119063
0.000104955
0.00025553
0.000137443
0.000104724
0.000111982
0.000230602
0.000134956
5.59803e-05
0.000134695
0.000198441
8.60685e-05
0.000114258
0.000215063
0.000225973
9.81163e-05
0.000125362
0.000174062
0.000108087
0.000141027
0.00012905
5.27041e-05
9.13646e-05
9.43717e-05
5.91252e-05
0.000132275
0.000289336
0.000120876
8.6446e-05
9.9693e-05
0.000218286
0.000125087
0.000275689
6.72991e-05
0.000243353
0.000201654
0.000189846
0.000110652
0.000127059
0.000194752
0.000102411
0.000227109
0.000114971
0.000204584
0.000216798
0.000186042
9.57352e-05
0.000128065
0.00013911
9.60861e-05
9.65528e-05
0.000168284
6.44912e-05
5.36482e-05
0.000160093
0.00014792
0.000200492
9.38353e-05
0.00010297
0.000234105
0.000118147
0.000155091
6.54169e-05
0.000102266
0.000113568
0.00012523
8.16837e-05
0.000142843
0.000226648
3.00437e-05
8.40276e-05
6.69577e-05
7.13923e-05
0.000143552
0.000155658
0.000158126
0.000125496
0.000129611
4.04363e-05
0.00011999
0.00015931
9.29735e-05
7.19137e-05
3.15934e-05
4.25728e-05
4.74814e-05
6.07463e-05
6.25827e-05
6.22998e-05
4.8616e-05
7.06506e-05
4.61222e-05
0.000154648
0.000128011
0.000178078
5.907e-05
0.000209487
0.000149037
8.07478e-05
6.93647e-05
7.37505e-05
5.72234e-05
3.61686e-05
8.00565e-05
7.96089e-05
5.06109e-05
0.000114635
0.000264188
0.000189781
0.000167608
0.000172585
2.63772e-05
0.0001627
0.000131656
0.00012885
0.000185293
3.00149e-05
3.14458e-05
0.00012902
6.30662e-05
2.53076e-05
8.65264e-05
0.000132961
0.000130057
3.28031e-05
0.000127714
2.86285e-05
3.25467e-05
9.47685e-05
0.000147119
0.000121946
0.000126533
0.000143079
0.000121572
0.000200339
0.00010436
0.000152925
9.21615e-05
0.00012131
0.000178465
0.000139618
3.01985e-05
0.000129831
3.32486e-05
0.00013096
0.000135171
0.000168593
3.34964e-05
0.000149723
0.000114192
0.000170217
0.000156268
0.000143377
0.00013471
6.83848e-05
3.84684e-05
2.33053e-05
6.82856e-05
0.000103817
3.26682e-05
3.62518e-05
2.82933e-05
2.23738e-05
0.000118841
6.18659e-05
3.93e-05
9.18468e-05
2.42065e-05
4.18071e-05
6.55482e-05
8.62518e-05
4.41981e-05
3.74682e-05
2.29433e-05
0.000108093
7.33113e-05
4.64071e-05
7.41776e-05
6.23107e-05
2.46713e-05
3.74484e-05
1.04466e-05
3.83827e-05
7.96848e-05
6.39283e-05
5.05218e-05
3.43877e-05
6.53603e-05
0.000113861
6.62803e-05
4.68277e-05
2.75026e-05
3.06554e-05
4.18377e-05
2.6429e-05
0.000100313
4.65436e-05
2.33728e-05
6.34039e-05
3.32719e-05
6.4761e-05
0.000104654
7.06443e-05
6.94307e-05
5.0458e-05
7.89194e-05
5.14593e-05
2.38212e-05
6.64085e-05
0.000100392
3.93304e-05
8.28109e-05
2.33993e-05
4.72106e-05
7.28677e-05
2.75343e-05
0.000126129
6.62208e-05
2.36217e-05
0.000107575
6.68823e-05
7.88007e-05
6.42039e-05
3.6753e-05
3.27247e-05
3.22329e-05
2.95195e-05
0.000108077
3.29847e-05
1.70224e-05
7.93343e-05
8.62444e-05
5.11828e-05
1.313e-05
6.22793e-05
5.96128e-05
7.56905e-05
0.000153509
0.000164936
0.000130124
0.000164923
1.8267e-05
7.23296e-05
0.000169525
8.85629e-05
2.92496e-05
0.000168632
6.51217e-05
0.000213577
0.000194783
9.32717e-05
8.16736e-05
8.36839e-05
6.62433e-05
0.000134978
7.4673e-05
0.000104055
8.58304e-05
4.28188e-05
6.78029e-05
2.28543e-05
9.61513e-05
3.14191e-05
2.62752e-05
8.96233e-05
8.22828e-05
8.08731e-05
0.000169895
0.000135397
0.00015676
7.81778e-05
0.00013693
0.000108201
8.63549e-05
7.19179e-05
9.20857e-05
6.9509e-05
7.26163e-05
8.87046e-05
8.4971e-05
0.000150401
5.83488e-05
0.000183795
7.6411e-05
6.32742e-05
7.03362e-05
4.56378e-05
0.000165893
2.79465e-05
0.00010218
0.000188201
0.000204506
6.90289e-05
2.76346e-05
0.000104345
0.000194568
9.04475e-05
0.000127287
0.000180773
0.000122918
0.000102452
0.000192546
0.000103424
0.000131027
0.000145929
6.04426e-05
5.61457e-05
3.42239e-05
4.25108e-05
0.000158099
8.82155e-05
0.000114005
0.000104618
4.57322e-05
7.96411e-05
0.000211604
0.000137041
0.000141496
0.000115466
5.94692e-05
2.6582e-05
4.0077e-05
2.44096e-05
9.61672e-05
6.14937e-05
5.46225e-05
2.64208e-05
0.000110689
2.82805e-05
0.000190509
6.96298e-05
4.52765e-05
4.45579e-05
7.61844e-05
8.36893e-05
4.50743e-05
5.60298e-05
6.80585e-05
0.000101864
5.86314e-05
6.29224e-05
3.60054e-05
0.000197697
7.03089e-05
0.000118123
2.33664e-05
2.65943e-05
2.6528e-05
8.90695e-05
2.60722e-05
0.000102383
3.1072e-05
0.000132524
9.64308e-05
8.25382e-05
2.08529e-05
2.32014e-05
3.11966e-05
2.24672e-05
5.5244e-05
1.76871e-05
5.30454e-05
0.000161503
0.000223915
5.48205e-05
0.00012563
2.53443e-05
2.79683e-05
8.78062e-05
2.79969e-05
2.80795e-05
6.75092e-05
0.000116786
4.32341e-05
9.25966e-05
4.86201e-05
6.71248e-05
4.60054e-05
0.000123045
9.09393e-05
0.000118293
2.89614e-05
8.31241e-05
3.96611e-05
0.000191278
4.25112e-05
4.34019e-05
9.39605e-05
7.5319e-05
2.73579e-05
3.70422e-05
2.14686e-05
5.62389e-05
3.14227e-05
5.1441e-05
9.8484e-05
5.95415e-05
2.47657e-05
2.52593e-05
7.57033e-05
0.000147664
5.41791e-05
4.74394e-05
0.000162724
0.000140915
0.000109616
7.44804e-05
8.63908e-05
8.08766e-05
0.000192517
7.83616e-05
3.69805e-05
0.000111345
0.000145209
0.000212895
0.000104347
9.01859e-05
0.000101903
0.000114428
0.000200887
0.000208516
0.000191223
8.73766e-05
9.42838e-05
0.000100156
0.000122299
7.19298e-05
0.000109328
0.000186312
0.000163642
7.84792e-05
5.17671e-05
0.00010135
8.08559e-05
0.000111773
7.8226e-05
8.10524e-05
0.000162689
0.000250602
0.000184001
0.00011407
5.19739e-05
0.000103654
0.000148637
5.75169e-05
3.9197e-05
0.000105832
0.00018347
7.93093e-05
0.000127882
9.45329e-05
0.000161356
0.000223183
0.000127477
7.96527e-05
0.000197893
0.000264076
0.000173975
0.000159501
0.00012478
0.000200013
8.75908e-05
9.93204e-05
0.000113279
0.00012924
9.74088e-05
0.000108286
0.000146504
0.000100314
8.78292e-05
6.69003e-05
4.66631e-05
5.52533e-05
0.000270462
5.76948e-05
5.62854e-05
0.000204041
8.1496e-05
0.000153707
0.000143458
)
;
    }
}


// ************************************************************************* //
