/*--------------------------------*- C++ -*----------------------------------*\
| =========                 |                                                 |
| \\      /  F ield         | OpenFOAM: The Open Source CFD Toolbox           |
|  \\    /   O peration     | Version:  v1912                                 |
|   \\  /    A nd           | Website:  www.openfoam.com                      |
|    \\/     M anipulation  |                                                 |
\*---------------------------------------------------------------------------*/
FoamFile
{
    version     2.0;
    format      ascii;
    class       volVectorField;
    location    "0.11";
    object      U;
}
// * * * * * * * * * * * * * * * * * * * * * * * * * * * * * * * * * * * * * //

dimensions      [0 1 -1 0 0 0 0];


internalField   nonuniform List<vector> 
1466
(
(-1.70259 -0.146118 -2.23241e-16)
(1.58759 0.0599175 1.77385e-18)
(-0.467704 -0.117536 7.27641e-16)
(0.109224 2.68047 -7.27091e-17)
(-0.110189 -0.086864 -7.62043e-16)
(-0.374444 -0.0823429 -1.13453e-15)
(-1.64202 -0.410432 1.99725e-16)
(0.120003 -0.170699 2.11714e-16)
(8.16959 0.0196235 -1.22841e-18)
(-0.0579527 0.00187984 2.41739e-16)
(-0.758985 -0.0888005 -3.41876e-16)
(0.012581 0.0559953 0)
(9.95145 -0.279352 0)
(-0.00509676 -0.136317 -2.04523e-16)
(-0.243293 -0.152808 0)
(-0.575944 -0.153734 2.75413e-16)
(-0.0621109 -0.143674 -1.3968e-16)
(-0.01424 2.36481 -3.40997e-17)
(0.293592 3.94049 -1.024e-16)
(0.0445773 3.17765 2.34499e-16)
(0.0583883 3.53043 1.06663e-16)
(-0.0293301 -0.280565 8.66782e-18)
(-0.149611 4.11052 -7.03002e-17)
(0.0634578 3.13527 -2.52673e-17)
(9.20846 -0.145544 5.92266e-17)
(1.17317 0.215133 -2.63676e-16)
(-0.881081 -1.01731 -1.56928e-16)
(-0.131176 3.5541 0)
(-0.653063 0.0478431 0)
(4.69886 1.71625 5.23292e-17)
(-1.15274 -0.311802 2.37562e-16)
(1.51004 -0.0970041 1.62389e-16)
(-0.219712 -0.0581032 2.64735e-16)
(0.0481537 3.02284 2.55403e-16)
(1.96772 -0.164112 9.45286e-17)
(-0.486236 0.444828 2.94772e-16)
(0.125137 3.03311 0)
(-0.00238463 -0.096378 -3.56076e-16)
(0.260817 -0.0172711 -3.96577e-16)
(-0.276064 0.0287019 -4.47699e-16)
(-1.40308 0.0761158 -1.50679e-16)
(-0.42841 -0.121504 -4.3498e-16)
(0.147243 -0.148259 2.28185e-16)
(-1.14034 -0.227186 1.39764e-18)
(-0.0612648 -0.0469584 -4.91721e-18)
(-1.12306 -0.0620832 0)
(-0.258457 -0.280827 1.15052e-17)
(0.0911938 -0.0227495 0)
(-0.174367 -0.0372398 1.4502e-16)
(-0.0798177 -0.0349518 0)
(-0.708076 -0.103723 -1.04143e-16)
(1.24053 0.0455533 -4.42764e-16)
(-0.242368 0.0462112 7.15293e-16)
(-0.0372966 -0.00496741 7.20055e-16)
(-0.245681 -0.058832 -1.21393e-16)
(6.6854 -0.171563 1.02679e-16)
(-1.32959 0.107547 -2.24808e-17)
(-0.617405 -0.064682 0)
(-0.173257 0.0107278 1.27348e-17)
(-0.00987773 0.0264271 0)
(0.633769 0.821296 7.17973e-21)
(-1.32774 -0.192154 -1.20193e-16)
(-0.0960823 -0.240514 2.2264e-16)
(1.72585 0.0612331 1.7726e-16)
(-0.278011 6.85568 -1.60427e-16)
(0.535304 -0.220479 3.02062e-16)
(-0.474919 2.64666 0)
(0.123733 2.35731 4.41264e-17)
(6.8901 -0.296364 2.44341e-17)
(-0.842974 0.0418797 -1.99039e-16)
(0.708764 1.60995 1.21991e-15)
(-0.191287 3.43444 0)
(0.043477 2.58407 0)
(8.45992 -0.141659 -1.2846e-16)
(0.416591 0.688351 3.00142e-16)
(3.46784 -0.178132 -1.12268e-16)
(-1.26246 -0.11924 1.04629e-16)
(0.0263076 -0.149676 -1.26e-16)
(-0.244275 0.013993 0)
(4.6066 0.455003 0)
(0.0711481 -0.0781575 -1.99611e-16)
(-0.745811 -0.293403 -3.72279e-16)
(-0.668297 0.0145788 -3.27171e-16)
(0.418449 3.6556 2.77028e-16)
(0.00168536 2.6879 1.80907e-16)
(0.240416 3.34073 6.75654e-17)
(-0.0139656 3.0796 0)
(3.72326 -0.107787 1.4828e-18)
(0.0886753 -0.0691915 4.57308e-16)
(-0.620118 0.255278 -3.06659e-16)
(1.2957 0.243395 -9.63448e-17)
(-0.798843 -0.637346 -3.11107e-16)
(0.1174 1.83299 -7.47033e-17)
(-1.69407 0.388348 -2.05256e-16)
(0.127294 -0.389012 0)
(-0.336604 -0.0123732 -4.40486e-16)
(1.44739 0.0513132 3.73077e-16)
(-0.51793 -0.0195843 -1.1733e-17)
(7.05847 -0.262696 2.53989e-16)
(-0.21507 -0.0465589 1.08609e-16)
(-0.457037 -0.115648 5.60045e-16)
(-0.858547 0.051703 0)
(0.143225 -0.0168959 4.56785e-16)
(-0.0941762 -0.0579714 3.8191e-16)
(0.706127 0.00870248 -1.64857e-16)
(0.295128 -0.120395 9.32897e-17)
(-0.226649 0.0118507 -2.67525e-17)
(0.0262777 -0.0171593 0)
(-0.834128 0.0215502 2.75248e-16)
(-1.36415 0.0786705 7.93736e-17)
(0.794863 0.634279 -3.03916e-16)
(2.55489 -0.266389 3.55035e-17)
(-1.63993 -0.264731 -3.93716e-17)
(-0.109624 -0.150639 -5.41226e-17)
(-0.041002 -0.0173928 0)
(1.42039 0.303295 8.91002e-17)
(-0.544923 -0.329368 2.20122e-16)
(0.00681764 0.223338 0)
(-1.62467 -0.193549 1.49578e-16)
(-0.54296 -0.463666 -7.40043e-16)
(-0.0431943 3.40749 -5.57502e-17)
(-1.15475 -0.360973 3.01298e-16)
(0.132626 -0.039286 -1.35163e-15)
(-0.85878 -0.232818 0)
(0.0451608 -0.0709592 -9.2797e-16)
(-0.794753 0.275905 -6.23158e-20)
(6.40403 0.269169 4.36502e-17)
(-0.29507 3.72108 -7.90042e-17)
(0.0657389 3.26472 3.81706e-17)
(3.04488 0.491981 1.48018e-16)
(0.0294047 -0.0635338 3.12126e-17)
(-0.892626 -0.252627 0)
(-0.245886 4.10619 4.93381e-17)
(0.054375 3.17093 5.37723e-17)
(1.54845 0.101321 -1.49621e-17)
(-1.59212 -0.032642 0)
(-0.710765 -0.191093 0)
(-0.132235 -0.0384934 -1.21874e-17)
(-1.63152 0.00302749 -9.91393e-17)
(-0.466027 -0.234446 2.55026e-16)
(-0.14669 -0.000977755 0)
(-0.0524883 3.59372 -1.03686e-16)
(0.0489765 3.10415 -4.55324e-17)
(-0.0811565 4.075 -2.7471e-18)
(1.24202 -1.42393 -2.73924e-16)
(0.304152 3.41606 1.58659e-16)
(1.48795 -0.148092 -2.77869e-16)
(2.03766 -0.109775 -4.02276e-16)
(3.58614 0.772979 -5.91884e-17)
(-0.907797 -0.213541 1.11392e-15)
(1.37902 0.221894 1.79823e-16)
(1.72037 0.0639209 6.12065e-19)
(6.70107 0.0820195 -2.56703e-19)
(0.0329669 -0.519366 0)
(3.22132 0.665905 0)
(-0.175788 -0.295867 3.59484e-16)
(-0.149372 3.32328 -2.47212e-17)
(-0.0507399 3.05654 -2.60003e-16)
(1.59256 -0.242804 1.01007e-15)
(4.50395 4.55889 6.32958e-17)
(1.46082 -0.19601 1.19355e-16)
(5.74386 0.746705 0)
(0.245863 2.10276 9.45297e-17)
(-0.14071 3.20276 1.17743e-19)
(1.1903 2.48527 0)
(1.18418 -0.772427 1.82476e-16)
(0.096007 3.09237 0)
(-0.365472 3.86988 2.1982e-16)
(-0.225321 3.25812 -4.85838e-17)
(-0.284227 6.27636 6.40257e-17)
(-0.161147 3.45382 3.20904e-16)
(1.14421 -0.177709 -1.10308e-16)
(-0.0224635 -0.073426 6.39921e-17)
(6.90404 -0.117913 -1.38648e-17)
(1.83886 -0.000895404 -2.7466e-16)
(7.51219 -0.114164 -2.55865e-16)
(4.15641 2.20378 1.85715e-16)
(4.54528 1.29622 -6.99212e-17)
(0.91598 0.498149 -4.18943e-16)
(0.454273 2.09622 -2.49219e-16)
(9.57877 -0.489553 2.91666e-16)
(1.7348 0.0918418 -3.36064e-17)
(-0.148714 2.84936 -2.61622e-16)
(0.182167 -0.0864742 3.43851e-16)
(3.49112 -0.225679 -3.62676e-17)
(0.105446 3.25845 -5.16922e-18)
(0.0040724 2.65679 -1.8098e-16)
(1.029 3.93353 -1.61987e-16)
(6.52214 -0.46777 6.12092e-17)
(-0.547638 -0.165388 4.95138e-16)
(-0.0533001 3.56416 -2.22628e-16)
(0.497157 1.05613 -7.54401e-19)
(0.287487 0.984627 1.03184e-17)
(0.165336 3.3537 3.96307e-16)
(4.80252 3.80681 -3.88194e-17)
(1.07262 0.523895 0)
(-0.635047 -0.073134 4.16901e-18)
(0.897434 -0.0815233 -4.98786e-16)
(0.58147 2.6635 -3.12674e-16)
(0.470096 3.25393 -7.92879e-16)
(0.0735416 0.667273 0)
(3.29719 0.610071 0)
(5.51399 1.52332 -2.89945e-19)
(-1.65613 3.8308 0)
(0.962251 1.26441 2.36892e-16)
(0.786064 2.27933 -2.03025e-16)
(0.18586 3.3646 -1.91392e-16)
(5.27563 2.73852 0)
(1.80797 -0.219558 1.20698e-16)
(0.0658328 3.17119 3.17832e-21)
(0.111061 4.09121 9.76466e-17)
(0.0565382 2.67451 -1.6563e-16)
(-0.223213 3.25146 0)
(-0.183404 3.50066 2.57208e-16)
(0.0977693 3.47006 -6.50422e-17)
(-0.0368848 3.13179 1.49703e-19)
(0.0471199 3.25141 4.60126e-18)
(-0.0369387 2.58311 -1.6169e-16)
(1.79324 3.44201 1.67089e-16)
(0.0851103 3.18994 3.79924e-16)
(-0.368403 3.89137 -1.80732e-16)
(1.49266 0.220937 -1.25983e-16)
(-0.0899215 3.1095 -3.90816e-16)
(0.975645 0.704999 2.89423e-16)
(-0.174289 3.16792 1.48127e-16)
(1.57162 3.03842 -1.87378e-16)
(-0.218941 -0.16095 6.82575e-16)
(0.23179 -0.0354523 -3.209e-16)
(1.13627 0.372094 -3.05177e-16)
(1.55455 0.177506 3.66502e-20)
(0.421903 1.42982 -6.19638e-16)
(3.25068 -0.348906 2.16092e-16)
(0.197278 3.11346 1.702e-16)
(-1.12319 6.69438 1.65938e-16)
(-0.662783 -0.317504 5.9004e-17)
(1.13553 1.74136 -8.39453e-16)
(0.0696484 3.08357 6.68358e-17)
(-0.237249 3.98294 2.07784e-17)
(2.597 0.220551 2.1006e-16)
(-0.11066 3.43423 3.97441e-17)
(-0.144672 1.04532 0)
(4.80195 0.329392 4.30849e-17)
(4.71671 2.29402 9.68853e-17)
(0.573023 2.79113 3.47512e-16)
(2.21449 0.087659 0)
(6.01085 0.587949 0)
(1.56048 -0.015886 0)
(8.80702 -0.126644 0)
(4.18222 0.63598 -1.13043e-16)
(4.39039 2.72104 -9.26263e-17)
(0.0154897 3.44567 -9.29241e-17)
(-0.622217 6.53582 -2.4164e-16)
(4.8311 3.27274 3.59003e-18)
(-2.63189 -0.647207 -1.10479e-16)
(1.15728 -0.270583 2.88253e-16)
(1.88017 -0.121807 -2.49427e-16)
(-0.127871 3.25374 0)
(6.80303 3.65293 -2.0223e-16)
(0.116103 1.79229 -1.019e-16)
(-0.0290638 1.80773 1.41362e-16)
(-0.296053 0.896627 0)
(-0.258291 4.0214 -3.31712e-17)
(0.0389826 3.17924 -7.24567e-17)
(1.5649 0.107157 3.1726e-20)
(3.7143 5.11246 9.56426e-18)
(0.014537 -0.0356437 -3.7054e-16)
(1.49919 0.127521 2.83463e-16)
(3.46567 0.731098 -1.05505e-16)
(0.170914 3.30737 -3.34675e-17)
(7.48081 3.14327 -9.25362e-17)
(0.547306 2.37628 -1.68145e-16)
(0.0591303 1.9364 0)
(-0.0668257 0.582208 6.97411e-18)
(1.92736 -0.148583 -1.50625e-16)
(1.47962 0.174262 -3.65816e-16)
(0.847252 0.920751 5.58426e-16)
(1.28301 0.359528 -2.61869e-16)
(1.36939 6.94116 -1.3768e-16)
(-0.242281 3.20489 -2.18633e-16)
(3.84735 0.813538 1.5632e-16)
(1.6222 0.00362688 2.24808e-16)
(-1.70922 2.07699 2.28096e-17)
(2.16309 6.34083 0)
(5.27455 -0.0512345 -3.91728e-17)
(0.147303 1.23081 5.0915e-16)
(-0.054846 -0.204828 -2.07875e-16)
(3.85429 1.09767 0)
(3.48808 1.14969 -3.27315e-16)
(-0.263767 -0.0148894 0)
(5.87062 3.26446 -3.30812e-16)
(7.4504 0.411225 1.40595e-16)
(-1.72851 -0.19492 -1.36567e-18)
(9.75591 -0.359882 -2.94173e-16)
(-0.259799 0.00312591 0)
(2.08489 6.64046 1.2345e-16)
(1.09822 2.74324 -3.62998e-16)
(-0.000375924 1.83848 1.86821e-16)
(-0.0613754 -0.0853037 5.67509e-17)
(4.03465 1.02862 7.51087e-17)
(1.59673 0.082261 -2.64752e-16)
(0.0385516 -0.118011 0)
(-0.16787 -0.109019 2.72029e-16)
(0.187778 0.0654913 0)
(9.29227 -0.291054 -1.91527e-16)
(0.0415753 3.18959 0)
(0.21742 0.979123 1.39832e-16)
(-1.00018 2.4165 1.38294e-16)
(-0.176578 -0.107038 -3.19048e-17)
(0.796664 5.77152 -3.61395e-17)
(-0.46651 3.86825 1.16333e-16)
(6.84761 1.17492 1.56919e-16)
(-0.467119 3.58737 0)
(0.0828414 3.13518 -1.29529e-19)
(1.9907 0.727354 -1.81776e-16)
(3.12355 1.66313 -2.25923e-16)
(3.63377 2.22274 -3.38579e-16)
(1.53545 2.8693 0)
(3.07911 2.97643 2.42988e-16)
(-0.199098 -0.113018 0)
(-0.182243 -0.286229 3.98423e-16)
(0.305955 1.27433 0)
(0.0148544 1.97652 -1.94224e-16)
(0.0724844 1.66654 -9.00459e-17)
(1.60644 0.009649 3.25e-16)
(-0.00576509 2.97435 -4.11801e-17)
(4.81911 4.39065 -1.115e-16)
(-0.0105208 -0.143482 -1.11429e-16)
(2.31962 3.28575 -2.84764e-16)
(1.64097 -0.0285768 -2.74027e-16)
(1.72522 0.3495 2.22664e-16)
(-0.0960789 3.28202 1.37754e-16)
(5.38271 3.82803 6.56599e-16)
(-0.320594 -0.219474 -5.36448e-16)
(1.30241 6.64185 2.9799e-17)
(2.79083 4.99783 -1.39253e-16)
(6.11588 1.70787 6.58797e-17)
(2.62837 2.11473 -4.1081e-16)
(2.38789 0.0913108 3.76036e-16)
(-1.03958 2.43225 -2.19931e-16)
(-0.921663 -0.228227 -2.26667e-16)
(0.117515 0.0324537 6.88101e-19)
(5.59567 2.3367 7.78966e-17)
(-0.122153 -0.0908134 5.90468e-17)
(1.19231 3.67185 -3.49889e-17)
(-0.525799 6.00083 -7.8172e-17)
(0.313559 0.069002 -9.79665e-17)
(5.33463 -0.193745 -1.75065e-17)
(1.43464 4.75907 -9.81458e-17)
(5.94202 -0.55532 2.30059e-17)
(3.08931 3.57945 1.57239e-16)
(4.71335 5.09813 -2.68984e-18)
(7.11972 2.57109 -5.03655e-17)
(-0.601345 3.90692 -1.15895e-16)
(2.14502 2.83184 1.04961e-17)
(1.5668 1.00029 0)
(1.9567 5.01906 1.77495e-16)
(-0.290352 1.18655 -3.76982e-16)
(3.15178 0.537638 5.09198e-18)
(8.21075 2.16087 0)
(1.10254 5.35061 3.14265e-17)
(1.58701 0.503723 0)
(1.31213 6.61071 9.45615e-17)
(0.690343 7.10781 1.02819e-16)
(-1.14088 3.63526 0)
(-0.207722 -0.102149 -3.76954e-16)
(-0.352445 2.59273 1.32159e-19)
(6.25978 2.17792 5.98556e-17)
(6.75369 1.75728 4.98977e-17)
(-1.12178 -1.52282 1.66377e-16)
(0.828607 6.79994 4.6703e-18)
(0.523024 6.04407 0)
(0.462985 6.90832 8.61488e-17)
(0.300287 4.26144 -2.82331e-17)
(0.615091 6.43151 -4.31666e-18)
(-0.191998 -0.211594 8.16344e-16)
(0.01537 2.90379 7.18353e-17)
(-0.139658 0.117022 -4.21512e-17)
(0.247512 4.93242 7.16676e-17)
(-1.56012 0.0593987 6.13155e-16)
(3.01358 6.09306 -9.11292e-17)
(-0.666541 3.05876 1.26308e-16)
(-0.568724 2.89947 -4.15424e-16)
(-0.544686 3.02273 -2.64401e-16)
(-0.426264 2.96986 3.92664e-16)
(-0.31312 2.8096 0)
(-0.441318 2.85487 2.12745e-16)
(-0.145112 -0.115948 -2.8816e-17)
(-0.155656 -0.151721 -3.12664e-16)
(-0.168922 -0.133547 2.2185e-16)
(-0.157425 -0.140045 -5.55377e-17)
(0.126619 1.59724 2.38681e-17)
(0.226891 2.51154 6.72557e-17)
(-1.04053 3.35725 -7.163e-17)
(0.123062 2.46335 -7.90424e-17)
(-1.15959 2.95073 -2.69366e-20)
(-0.934182 2.04001 1.43954e-16)
(-0.161404 -0.227706 -6.84885e-17)
(0.212181 5.23173 -3.29935e-17)
(-1.2696 2.87291 7.38657e-17)
(-0.435667 1.82663 0)
(-0.201964 -0.23706 -2.32835e-16)
(-0.0162072 -0.215176 2.76639e-16)
(-0.207588 4.16476 0)
(-0.24265 -0.46767 3.25094e-16)
(-0.499456 5.27298 -2.91542e-17)
(-0.164592 -0.26464 -5.22337e-19)
(-0.099796 3.55689 -5.01416e-16)
(-0.478162 -0.00199614 -1.29061e-16)
(-0.595874 -0.564959 0)
(-0.209847 -0.414154 1.87505e-16)
(-0.170661 -0.508839 -1.62219e-16)
(-0.0674867 2.82799 -2.20406e-16)
(-0.0153335 1.25686 3.33757e-16)
(-0.193569 -0.223995 9.93686e-16)
(0.768318 -0.0479633 -1.64371e-16)
(-0.111774 -0.38406 0)
(-0.312507 -0.360912 0)
(0.13708 0.0260499 1.66907e-16)
(-0.124505 -0.3166 0)
(-1.41008 -0.187541 0)
(-0.0989624 -0.790256 -2.4733e-16)
(-0.101184 -0.401103 6.02015e-16)
(-1.35641 -0.290185 0)
(-0.141615 1.79969 1.40647e-16)
(-1.39317 -0.290399 1.43063e-16)
(0.0378993 -0.638957 -3.14036e-19)
(-0.369993 -1.52359 5.3598e-16)
(0.415916 3.38103 2.05555e-17)
(-1.44525 -0.393193 -7.63925e-16)
(-0.197055 -0.802729 4.35378e-16)
(-0.0725455 -0.137866 0)
(-1.27825 2.41671 -5.61957e-20)
(0.18538 -0.463443 5.96262e-16)
(-0.926236 3.49073 3.63679e-17)
(1.66783 0.0492163 -5.75747e-16)
(-0.486432 1.00984 -4.17282e-16)
(-0.253507 -0.201181 9.17991e-17)
(-0.924196 -0.0979045 -8.02384e-17)
(0.0688998 -0.126978 4.63285e-16)
(-0.0908047 -0.100327 -5.07131e-16)
(-0.367528 -0.207535 5.30344e-17)
(-0.032702 0.755784 -1.12187e-16)
(-0.118851 -0.0588075 3.82464e-16)
(-0.321055 -0.0927951 0)
(1.62956 0.0365103 -3.23646e-16)
(-1.3894 -0.284279 1.80353e-16)
(7.28163 -0.234372 7.13969e-17)
(1.63034 0.0387188 0)
(-1.42721 -0.361276 -1.1578e-16)
(-0.0798009 -0.000738089 2.46862e-16)
(1.64548 0.0912067 -6.99623e-19)
(-1.54094 -0.303744 -1.55083e-16)
(-0.309644 0.231892 -5.4602e-17)
(9.36476 -0.174102 2.91376e-17)
(0.0732323 2.07221 -2.68428e-18)
(0.0117312 0.901065 6.75247e-18)
(-0.0979335 -0.347775 0)
(-0.494879 0.306227 0)
(-0.00573443 0.78192 0)
(1.61061 0.0684825 2.86272e-16)
(-0.149803 -0.102246 -6.17902e-16)
(0.015566 1.5662 -2.96932e-17)
(-0.319144 -0.113986 -2.97309e-16)
(-0.201856 0.934895 7.77296e-16)
(-0.222028 -0.0120827 2.83568e-16)
(-1.34425 -0.303081 -1.71917e-16)
(-0.298562 2.66433 -1.57096e-16)
(-0.154907 1.39845 -4.39232e-17)
(-0.74692 1.35917 -7.64758e-17)
(-0.452876 2.69528 7.91406e-17)
(-0.381217 1.26351 1.72264e-16)
(-0.0263316 0.0404247 3.19385e-19)
(-0.225179 -0.126164 -7.96373e-16)
(0.210474 -0.120967 8.76462e-21)
(1.56257 0.126229 1.65652e-16)
(-1.14902 -0.0292802 7.32894e-19)
(0.151702 0.0181237 -3.21631e-16)
(-1.82655 4.33786 0)
(-1.95008 5.72758 0)
(-2.70683 4.84874 -6.74965e-18)
(0.428913 6.75158 -9.95344e-17)
(-0.0961821 1.65324 3.23878e-16)
(0.115139 3.00628 -2.47009e-16)
(-1.92551 5.30492 8.28176e-17)
(-2.35846 5.38804 -2.74493e-17)
(4.18323 3.75174 -2.17936e-16)
(-1.14664 0.495273 -1.93189e-16)
(0.187844 0.0493188 2.99683e-16)
(-0.250096 7.09126 -7.50756e-17)
(0.156288 7.08967 9.41286e-17)
(-2.32041 5.72555 1.07312e-16)
(-0.1309 3.48934 6.86284e-17)
(-0.132194 -0.188588 -2.75819e-16)
(-0.154996 2.65255 1.59083e-16)
(-1.97585 3.99573 0)
(0.149658 2.72553 3.90039e-17)
(0.108565 2.90787 0)
(-0.187552 2.78111 9.16176e-18)
(2.85007 2.30503 0)
(-0.874277 3.39543 8.89652e-17)
(-0.304282 2.91413 0)
(-0.285973 3.04662 0)
(-0.287911 0.588765 4.67447e-20)
(-0.467006 0.282511 3.40089e-16)
(0.144516 0.181023 -3.38201e-16)
(-1.10017 3.82143 0)
(0.548894 5.54674 0)
(1.5969 0.165562 2.44771e-16)
(-1.3057 0.757582 1.3725e-16)
(0.156049 2.87215 0)
(1.82527 0.00128979 3.16317e-16)
(-2.26627 5.00208 -1.39188e-17)
(-1.37885 3.72054 5.57286e-17)
(-0.262111 1.68597 -1.35813e-16)
(0.153145 2.95183 -1.44252e-16)
(-0.983504 3.52911 -1.23837e-16)
(-0.233414 1.9277 -2.98486e-17)
(9.58165 -0.377931 -2.64041e-16)
(7.60036 -0.670337 7.31668e-18)
(0.00919397 -0.250631 9.72567e-16)
(-0.201121 2.86168 -8.08798e-18)
(-0.882646 1.74551 2.87879e-16)
(-1.53208 5.10319 7.1592e-18)
(2.78924 3.8559 0)
(-2.07508 4.63722 0)
(-0.466018 2.39577 4.61786e-17)
(-0.676134 1.9287 0)
(-0.434719 -0.761321 -5.00548e-16)
(-0.278899 2.38509 -6.48976e-17)
(-1.8166 4.91727 -1.13272e-16)
(-1.89328 0.382287 1.77915e-16)
(-0.645436 2.95445 -4.37604e-17)
(1.15573 5.31404 -1.87278e-16)
(0.066288 2.68342 0)
(0.0205153 2.79188 0)
(-0.446479 1.9061 -5.51355e-17)
(2.8128 6.21703 0)
(0.711678 5.09772 0)
(-0.0709818 1.99934 0)
(0.0461903 2.61242 -2.61732e-16)
(3.61773 4.31961 9.22552e-17)
(-0.468492 0.459042 -3.25347e-16)
(0.139632 0.300784 -3.20285e-16)
(-1.19878 3.4191 1.85418e-16)
(-0.123282 2.39528 8.45267e-17)
(1.86103 6.29792 -4.08915e-17)
(0.0051139 2.4222 2.5565e-18)
(3.52428 5.65246 -4.74442e-17)
(-1.22014 4.92168 -5.98402e-17)
(1.55226 0.239928 1.3301e-16)
(-0.902799 -1.76674 2.33162e-16)
(-1.19645 1.6353 9.37244e-17)
(0.251789 0.357904 -6.29263e-17)
(-0.0745702 2.77571 -1.44329e-17)
(-0.423885 2.16644 5.25568e-17)
(0.199083 2.97561 2.45808e-16)
(0.201275 2.92188 -7.9e-20)
(-0.915649 3.3043 3.3815e-17)
(1.73269 0.27478 1.27761e-16)
(4.19584 5.00551 -2.03458e-16)
(-1.64568 4.59481 1.49154e-17)
(0.958159 3.22926 1.61266e-16)
(1.58662 0.05677 2.88911e-16)
(1.82261 4.01813 3.19326e-17)
(7.99229 -0.574686 -2.4609e-16)
(-1.21244 3.19413 6.72733e-17)
(-0.0339981 2.65974 9.8921e-18)
(-1.43517 4.79504 -1.4822e-17)
(0.929148 4.47204 6.19862e-17)
(-0.051593 2.9425 1.59377e-16)
(0.0132439 3.03069 3.63968e-17)
(-1.28972 4.54317 0)
(2.88542 0.416562 0)
(3.64695 1.62953 5.13225e-16)
(-2.47287 3.74916 -5.25483e-18)
(-0.58071 3.92001 8.48617e-17)
(6.89001 3.44211 -4.13341e-17)
(-0.0398399 2.88828 3.92909e-17)
(0.0977042 2.82575 -1.91303e-17)
(-2.43011 -1.12348 3.83113e-16)
(-2.55409 4.53746 -4.66419e-17)
(-0.0115209 2.94874 -7.38987e-17)
(0.0537704 2.86552 1.47998e-16)
(-1.31834 3.952 -1.73679e-16)
(-0.770748 3.20866 2.38194e-16)
(-2.29081 4.2384 5.46677e-17)
(-0.199969 3.53799 7.25728e-20)
(8.37922 1.28048 1.01901e-17)
(0.212455 2.78708 -2.40117e-16)
(-1.07085 3.1887 -1.12186e-16)
(0.0204973 3.13691 -1.5036e-16)
(2.44276 5.7727 0)
(2.20288 -1.1403 0)
(-0.01824 2.83882 -1.54951e-16)
(0.102333 3.47832 1.05518e-19)
(0.0129479 3.16388 5.09522e-17)
(0.515024 4.03589 9.16415e-17)
(-0.887435 4.75508 7.708e-18)
(-2.76917 3.98304 1.75164e-18)
(-1.01498 4.95619 2.25462e-17)
(1.64387 2.80903 0)
(5.95663 4.17995 -6.26218e-18)
(6.18991 4.24738 -8.85597e-17)
(1.09854 6.1832 4.02948e-18)
(0.0730762 2.83531 -9.33605e-17)
(1.90047 -0.74182 -2.09193e-16)
(1.74358 -0.0225423 -2.30715e-16)
(0.166857 -0.101393 -1.54649e-16)
(-0.158101 -0.103287 -1.30898e-16)
(-0.397196 3.11228 0)
(-2.06539 3.5388 6.17781e-18)
(-0.0975211 1.60494 0)
(3.02724 5.08555 0)
(3.87015 5.76596 4.56429e-17)
(-0.00837974 2.02169 0)
(3.72065 3.01533 1.26247e-16)
(4.16278 1.6262 -1.34397e-16)
(2.36188 4.55468 6.02362e-17)
(7.21055 0.615703 0)
(-0.405415 3.69544 -1.16864e-17)
(1.49945 5.78252 1.47939e-17)
(-0.0892756 -0.15079 4.39229e-16)
(1.82993 -0.0880348 -1.51861e-16)
(4.67776 5.29828 2.64146e-16)
(5.57103 -0.422713 -4.92985e-18)
(-0.101704 2.83452 1.60482e-16)
(-0.0921352 1.94224 1.78602e-16)
(1.95502 -0.234116 1.21303e-16)
(1.1889 1.59195 -1.78648e-16)
(0.0730055 2.939 0)
(-2.70063 5.09021 -3.69553e-17)
(6.18944 2.71743 1.14758e-16)
(7.17023 0.971233 -1.01631e-16)
(5.56127 4.79677 6.87963e-17)
(-0.101294 2.89705 -8.51307e-17)
(7.72578 2.35428 5.80053e-17)
(-0.711222 4.15828 -1.34883e-20)
(-0.908041 4.7873 -3.1798e-17)
(3.06595 1.17148 4.08398e-16)
(0.145974 2.61768 7.1173e-17)
(-1.11226 4.70201 6.42266e-17)
(-0.385431 3.67891 3.96808e-17)
(-0.619915 4.17422 8.67337e-18)
(1.2391 0.50933 2.33283e-16)
(-0.252658 3.22619 -1.39904e-16)
(5.35499 4.7626 -1.13957e-16)
(1.35861 0.290333 1.14047e-16)
(-1.06704 4.03592 0)
(-0.722447 4.56601 4.02978e-18)
(1.92823 5.22926 -3.06769e-17)
(-0.164582 2.93528 -8.36109e-17)
(8.92525 -0.469996 3.50691e-16)
(1.37181 0.846403 -1.91481e-19)
(-0.136801 -0.09537 3.18395e-16)
(-0.618255 6.27202 1.28525e-16)
(-0.351397 3.29001 2.53912e-16)
(-1.12787 2.02192 1.52098e-16)
(-0.169262 1.85707 2.06347e-16)
(1.66889 -0.0891832 3.4335e-16)
(8.71384 0.810051 6.25598e-17)
(-1.55273 5.47104 -8.10003e-17)
(3.26996 -0.425426 4.49155e-18)
(-0.970305 0.739959 4.58121e-16)
(6.47654 3.56957 0)
(-2.14012 5.90766 0)
(2.5842 0.338963 1.34696e-16)
(-0.608419 0.772916 7.40701e-19)
(2.84935 0.787551 0)
(-0.300154 0.37422 0)
(-1.37765 1.2535 0)
(-0.164217 -0.097696 -5.74335e-17)
(2.18601 -0.00880126 5.02342e-17)
(-1.71576 0.535581 0)
(0.170643 -0.00828186 1.05257e-15)
(0.0264788 -0.242928 -1.11611e-15)
(0.0357641 -0.153693 1.84738e-16)
(-0.165052 -0.146363 -3.46397e-16)
(0.5564 0.201586 2.65676e-17)
(-1.33728 -0.0938209 1.36296e-16)
(6.95799 2.33801 2.72302e-16)
(0.030389 2.75248 8.25198e-18)
(-0.166852 -0.108764 -2.72318e-17)
(1.38663 0.10954 8.29592e-16)
(-0.50973 1.21553 0)
(0.617958 0.242865 -3.30038e-16)
(1.47231 0.333557 2.5577e-16)
(1.70415 0.302294 0)
(-0.128911 0.0472005 2.27007e-16)
(-2.90579 4.28345 7.181e-18)
(-0.10342 0.108997 0)
(0.184097 5.65196 7.90523e-17)
(7.45455 1.73729 -3.75549e-17)
(6.89226 2.9896 -1.901e-16)
(-0.101008 4.96803 -1.63546e-16)
(1.03123 0.296284 2.93293e-16)
(-0.015016 0.0181566 -7.8302e-16)
(-0.309862 5.44107 -9.69602e-17)
(-0.456778 -1.18754 -1.08565e-16)
(1.94124 0.249093 -4.24687e-18)
(-1.56385 4.11471 8.94559e-17)
(-0.180765 3.39193 2.28418e-16)
(1.42542 0.311811 0)
(-0.167375 0.0715484 2.06894e-16)
(1.62356 0.00283601 0)
(-0.514346 3.16699 0)
(-0.761004 3.35918 1.46559e-16)
(2.60087 0.30166 -1.6353e-16)
(-0.989247 1.54282 9.0203e-17)
(0.132658 -0.0162534 3.70719e-16)
(-0.639841 3.20251 -1.25255e-16)
(-1.72131 3.47267 0)
(-0.117835 3.17813 2.70501e-19)
(-2.14848 -0.248696 3.32582e-16)
(-0.486197 3.47949 3.83444e-17)
(-1.01377 4.51693 7.12778e-17)
(-0.0371027 2.87245 2.30541e-16)
(3.68452 1.76586 -4.75785e-17)
(-0.840799 3.64304 -2.41125e-20)
(0.41537 2.31812 -1.51817e-16)
(3.57738 0.697079 -9.43999e-17)
(4.0403 -0.201302 5.98221e-17)
(-0.558363 -0.312453 -3.23721e-16)
(-0.550437 1.73569 0)
(0.0999176 1.3098 0)
(-0.155567 1.95424 0)
(-0.071751 3.04738 4.54865e-16)
(0.100487 2.65725 -4.23088e-17)
(-0.653912 2.39786 0)
(-0.897425 2.87646 0)
(0.44921 0.070613 5.77443e-17)
(-0.0292404 -0.169464 1.00646e-16)
(-0.0362077 1.19797 2.87275e-16)
(0.99176 -1.57894 3.72222e-16)
(-0.117705 -0.225922 0)
(-0.361161 0.911934 -5.87185e-17)
(1.55942 1.9582 7.85896e-16)
(-0.0810645 2.49929 6.8934e-21)
(-0.839709 4.58726 0)
(-0.298546 -0.0919144 -2.98396e-16)
(-1.2679 5.18071 5.05925e-17)
(0.091157 2.98381 1.33292e-16)
(-0.00648193 -0.215986 1.50206e-16)
(-0.214663 3.02731 0)
(-0.611237 -0.120234 1.8941e-16)
(0.152098 -0.951421 6.65054e-16)
(-1.36585 -0.570079 3.0846e-16)
(2.26176 0.0619752 0)
(0.0984743 0.575087 2.76318e-17)
(-1.42006 3.45584 -1.15361e-16)
(6.17779 0.42279 -9.39484e-18)
(0.063359 2.6945 -2.44956e-17)
(-2.46963 -1.76841 -3.79387e-16)
(1.36306 0.156124 5.25801e-20)
(-0.0829037 0.0815827 1.79362e-16)
(-0.389998 1.27723 4.27508e-16)
(-0.0499264 0.926572 -1.40194e-16)
(0.435366 3.37939 1.96679e-16)
(0.181297 2.63346 0)
(8.26994 0.0967522 -1.07867e-16)
(0.0456902 3.36894 -8.95426e-17)
(0.01707 2.68179 8.89383e-17)
(-1.75361 1.18908 1.75745e-16)
(1.17737 0.704663 6.09328e-19)
(2.67957 1.4128 -4.70494e-17)
(-1.35484 6.29873 -4.69748e-17)
(5.20445 1.93533 0)
(-0.152557 3.3932 -3.28276e-17)
(0.739551 0.778089 0)
(-0.421845 0.265976 0)
(-0.0676927 3.13627 2.73125e-16)
(1.97511 0.0310108 -8.37621e-17)
(-1.88708 2.76555 5.00933e-19)
(0.130959 -0.0968343 3.06343e-16)
(-1.22053 -0.271166 1.93062e-16)
(-0.349562 -0.833912 1.12571e-18)
(-0.234399 2.89025 -4.62963e-16)
(2.2415 2.03949 3.31789e-17)
(0.282543 0.180823 3.71471e-16)
(-0.605185 2.72137 -3.64432e-19)
(-0.0697122 3.02528 2.13473e-16)
(0.18397 2.08162 0)
(-1.1723 2.60963 3.70624e-17)
(-0.0974204 3.56211 4.28272e-17)
(-2.26453 -0.337292 -1.92908e-17)
(0.142356 4.09447 -6.27395e-17)
(0.00903311 -0.204189 -2.92413e-16)
(-0.11392 -0.231073 4.23906e-16)
(0.144369 2.98899 0)
(-0.770295 3.5216 8.16237e-17)
(0.0489429 6.48204 -1.53326e-16)
(-0.693073 2.92672 1.30176e-16)
(-1.75948 5.7966 -2.65987e-16)
(-0.252574 2.87483 0)
(-1.59845 1.89151 -4.44487e-16)
(1.76689 0.0727443 -1.28452e-17)
(7.96911 0.761112 -5.55916e-17)
(-0.852489 4.30727 1.40476e-16)
(-0.327896 -0.830721 1.4746e-17)
(-0.355853 -0.34849 -3.08271e-16)
(0.185696 0.871096 -6.79386e-17)
(-1.01096 2.25463 -2.61121e-16)
(0.343125 -0.795115 -1.94741e-16)
(-0.021368 3.00173 1.55342e-16)
(-0.21299 -0.148294 -3.67483e-16)
(4.87361 2.97163 1.88063e-16)
(0.0586519 -0.0893421 -4.71898e-16)
(0.0669171 0.344601 1.85275e-16)
(8.32967 -0.391348 6.73262e-17)
(-0.23888 -0.532771 7.0857e-19)
(0.17108 2.67717 1.45694e-16)
(-0.0772546 2.64729 7.72006e-17)
(-1.06142 5.12862 -7.28752e-17)
(-0.270672 3.58304 4.73118e-18)
(0.0385233 3.31465 1.50661e-16)
(1.08662 0.957546 3.84558e-20)
(-0.263477 -0.126579 2.82712e-16)
(0.730377 0.0126388 -8.37694e-17)
(-0.140799 3.41268 0)
(1.53018 0.16253 -1.71047e-16)
(-0.817381 4.39371 -8.39236e-17)
(1.09982 -0.236799 -1.01379e-16)
(-0.934514 3.78551 4.24777e-20)
(-0.549994 0.0631125 -3.40033e-16)
(4.2231 0.96183 -8.60021e-17)
(0.201839 -0.361904 2.27592e-16)
(-1.2493 -0.328647 1.91622e-16)
(-0.27792 1.96808 0)
(8.4183 0.73469 0)
(7.94553 0.271979 4.06084e-17)
(-0.195711 3.40151 0)
(4.40653 0.572298 0)
(1.94282 1.23111 -2.03797e-16)
(-1.64323 3.07506 0)
(-0.362004 -0.281742 1.63643e-16)
(-1.29507 -0.188389 2.18135e-16)
(-0.0854809 -0.496585 -2.53888e-19)
(-0.50629 -0.515631 -1.13369e-16)
(0.0381524 0.142519 -4.00617e-16)
(-1.57314 2.41594 3.23515e-19)
(-1.4132 2.73751 0)
(-1.39677 3.17563 -6.52646e-17)
(-0.531274 3.66708 1.38885e-16)
(-1.44233 4.34315 3.10113e-17)
(-1.62833 -0.183559 -4.3667e-19)
(0.204052 -1.94135 0)
(0.308535 4.9387 3.01417e-18)
(2.20934 0.00901632 -1.24704e-16)
(-0.00349138 3.01683 2.81967e-16)
(1.73203 0.106485 0)
(0.799793 -0.778504 -6.32885e-16)
(-1.38857 -1.81481 2.02063e-16)
(5.21866 -0.320874 3.50605e-17)
(-0.0444326 2.62068 -9.66639e-17)
(0.321944 2.67288 0)
(-0.971499 3.02404 1.3781e-16)
(2.1722 0.0252106 6.21306e-16)
(3.57809 0.163508 -7.98855e-19)
(1.86103 0.242727 6.1281e-16)
(0.221893 -0.281289 9.26284e-17)
(-0.434628 3.2715 -1.91755e-16)
(-0.76889 7.00499 -2.35674e-16)
(0.0236465 2.97545 -5.34749e-16)
(9.22771 -0.538191 2.76127e-19)
(-0.902786 2.63528 -5.24929e-16)
(0.803137 0.369335 -1.42612e-17)
(-1.47956 -1.57504 1.58716e-16)
(-0.257192 2.39901 1.01022e-16)
(0.00581657 1.85875 -3.3889e-16)
(1.88932 0.137707 2.88446e-16)
(0.244504 2.86873 7.94227e-17)
(-0.976057 3.16834 -8.81355e-17)
(1.13589 0.120946 5.05364e-16)
(1.67161 -1.68941 -1.01068e-16)
(1.69609 -0.247543 -6.05552e-17)
(-1.8722 6.13345 -9.72086e-17)
(-0.834567 2.29749 -8.33122e-19)
(-1.24151 4.1522 0)
(0.0867356 2.45532 0)
(0.0754432 2.35254 0)
(0.082826 2.5108 -6.09501e-17)
(-0.039412 2.14832 4.01251e-17)
(0.0537978 2.21442 0)
(-0.0713451 2.31015 0)
(0.0101021 2.12464 0)
(0.0608826 3.14293 -1.30701e-16)
(-0.0833755 3.85232 0)
(-0.0231842 3.86251 0)
(0.0791491 3.0163 1.31858e-16)
(0.0269746 3.17229 0)
(-0.00878632 3.16777 -6.18848e-17)
(0.0941515 2.86686 3.15798e-17)
(-0.147903 3.70587 0)
(0.0359203 3.71727 -1.18015e-16)
(0.117674 2.51047 -5.80178e-17)
(0.109271 2.69495 3.53314e-17)
(0.0880903 3.43661 1.27939e-16)
(0.127213 3.04916 3.67205e-17)
(0.21896 2.43317 1.71624e-17)
(0.164279 2.71546 -2.03543e-17)
(-0.0317468 3.14782 6.44119e-17)
(-0.0427838 3.13786 0)
(-0.0517372 3.12319 0)
(0.0650703 2.57067 6.08485e-17)
(2.8591 -0.375151 4.09785e-17)
(9.93256 -0.226204 -1.80117e-18)
(0.616995 0.0785209 -2.95341e-16)
(1.24042 -0.885535 -8.95817e-17)
(-2.57609 2.99135 -1.37788e-16)
(-0.776207 -0.302299 -2.13924e-16)
(-1.27248 1.66627 2.79232e-16)
(0.0240257 -0.09646 3.13228e-16)
(-0.185319 -0.0997005 0)
(-0.60806 3.9546 -2.35395e-16)
(0.0133551 3.22024 -9.73406e-17)
(-0.109589 3.1039 -8.34296e-17)
(-0.378724 -0.273922 -5.47615e-16)
(2.23277 0.12876 0)
(8.03324 1.56258 -9.90961e-18)
(-0.185854 0.0136638 -2.01302e-16)
(-1.0497 2.04485 1.54437e-16)
(2.13457 -1.55363 9.2392e-17)
(1.69702 -0.000659949 9.0575e-16)
(-0.416943 1.90635 1.99007e-16)
(1.66249 0.0266183 0)
(-0.025542 5.93965 3.85902e-16)
(-1.14209 4.34658 0)
(0.343331 -0.504252 0)
(-0.0710435 3.07685 0)
(-1.1403 -0.189757 8.86247e-17)
(0.10249 -0.0172641 2.24756e-16)
(7.82091 0.791492 -2.45805e-16)
(0.484565 -0.0618383 -2.08508e-16)
(9.15123 -0.145321 -6.54691e-17)
(-0.231177 0.882955 0)
(0.0507508 -0.281824 0)
(2.5758 -1.61443 -9.9244e-17)
(-0.0165861 3.02135 3.38866e-16)
(-0.423308 0.294846 0)
(0.0936704 -0.870867 -3.60899e-16)
(-1.37133 -0.426076 0)
(-0.196222 -0.0774297 0)
(2.06738 -0.0420893 3.12105e-17)
(2.15974 0.376906 8.72564e-19)
(-0.0322894 3.10891 -7.62166e-17)
(-1.42015 -0.260807 -3.97596e-16)
(-0.213997 -0.421579 3.33665e-16)
(2.03294 0.343107 -1.73353e-16)
(-0.0658191 2.51475 0)
(5.71749 -0.531844 2.7835e-17)
(7.96884 1.20197 0)
(1.29364 1.30135 -4.27811e-16)
(0.249313 -0.555432 -3.3633e-16)
(4.45016 0.807659 -2.71609e-16)
(-0.107189 -1.45337 -2.25419e-16)
(0.765447 0.00686488 -2.52259e-16)
(-0.814756 2.44631 -4.69527e-16)
(0.671374 0.369139 -1.49887e-17)
(-0.0462574 -0.103585 8.55542e-17)
(-0.324863 -0.541067 -2.27137e-17)
(0.794215 2.34201 1.96052e-17)
(-1.01375 4.22465 1.3952e-16)
(2.83392 2.40562 3.01232e-16)
(-0.0876751 2.77507 3.35209e-17)
(2.07441 -0.0224216 9.39617e-19)
(0.0486409 2.46409 1.94162e-20)
(-0.532383 2.85119 -6.37691e-19)
(0.0906096 -0.111249 3.09559e-16)
(-0.0514988 -0.0542403 3.80432e-16)
(-0.754098 2.70948 1.46077e-16)
(1.63541 -1.62249 -4.14313e-16)
(-0.465895 -0.264305 3.21434e-16)
(-0.135448 2.58631 5.06022e-16)
(0.0489236 -0.341463 0)
(-0.204084 2.728 -2.8946e-16)
(1.73897 0.133288 -5.58247e-16)
(1.56041 0.0927107 -3.87169e-17)
(1.39232 0.456853 -6.18112e-16)
(-0.0391435 2.88989 1.09755e-16)
(0.322107 -0.362603 -1.6058e-16)
(1.60844 0.0393928 -6.09186e-16)
(-1.96557 -0.390586 1.35245e-16)
(0.0771626 2.72802 7.07871e-17)
(-0.417209 3.23401 -2.72129e-16)
(-0.0950709 2.96271 -4.42309e-17)
(8.10854 -0.628958 -3.35703e-17)
(-0.0874252 2.92957 3.12402e-17)
(-0.411249 3.57414 5.35934e-17)
(1.74451 0.0615543 1.30308e-16)
(-0.562811 2.22458 3.02942e-16)
(0.0750532 1.83072 -2.97021e-16)
(1.49377 0.115724 3.16563e-16)
(0.105539 -0.0962892 3.44848e-17)
(-0.131219 -0.0724649 0)
(0.261781 5.83772 -1.23881e-16)
(-0.275607 3.22374 -8.93157e-17)
(-0.151535 2.67538 1.7214e-16)
(4.61103 1.04726 -3.9721e-16)
(1.16702 -1.20444 2.7568e-16)
(-0.356892 -0.124642 2.60465e-19)
(-0.68916 -0.304153 -6.75858e-17)
(-0.785774 3.07144 -4.48656e-19)
(-2.81072 3.46077 5.0987e-17)
(-0.307979 3.61709 1.53239e-16)
(8.35844 -0.170905 -9.55876e-18)
(0.244471 1.42775 -1.53669e-16)
(-1.45961 -0.284262 4.39102e-16)
(-0.26634 -0.601741 1.80017e-16)
(0.144572 -0.0640908 3.46415e-16)
(-0.0610107 -0.0654748 8.16748e-17)
(9.04502 -0.151586 -1.22508e-16)
(0.0276628 0.565203 3.31491e-16)
(-0.415212 0.783083 6.80621e-16)
(-0.288935 -0.0140256 5.14888e-16)
(0.666873 0.0760478 2.20693e-16)
(-0.489221 0.690989 -4.25928e-19)
(0.125526 0.241075 -4.14219e-16)
(0.623417 -0.984634 -1.828e-16)
(1.74779 -0.0929912 9.40688e-17)
(1.24279 -0.101516 -4.873e-16)
(-0.772379 4.23177 -2.21603e-16)
(0.046122 2.30876 3.79483e-17)
(2.07356 -1.17314 4.14774e-16)
(-0.147506 -0.29007 -4.83712e-16)
(0.35674 1.00055 0)
(0.03 3.14267 -1.71221e-16)
(-0.097494 2.73511 -3.57141e-17)
(0.00410858 2.82146 2.7038e-17)
(-0.0278685 4.11117 -4.85498e-17)
(0.0686312 3.14849 -9.90615e-17)
(0.111411 -0.169725 2.65883e-16)
(-1.2664 -0.190518 -4.17356e-17)
(0.141597 3.43556 1.76495e-16)
(1.5507 0.389038 0)
(1.16789 -0.0940558 -1.79545e-17)
(-2.91296 3.17955 2.93769e-17)
(1.91039 -1.52377 0)
(2.45056 0.708538 -4.26844e-16)
(0.606342 0.559627 0)
(-2.22035 3.65879 3.15704e-19)
(9.41116 -0.286577 1.33891e-16)
(1.60639 0.598224 3.41374e-16)
(1.48298 -0.0313264 -6.42836e-17)
(-0.844752 -0.29196 0)
(0.0160376 -0.0550663 1.16455e-15)
(1.86568 -0.0369385 -1.55768e-17)
(-0.186662 -0.333052 7.31351e-16)
(0.318683 0.882587 -3.19513e-19)
(1.07601 0.0364701 0)
(0.366538 -0.0400162 2.84301e-16)
(-0.89583 4.17026 -1.29778e-16)
(-1.06679 -0.292277 5.28538e-16)
(0.138959 0.0108441 1.10707e-15)
(1.60133 0.0301189 1.59251e-16)
(-0.00313302 3.11668 -4.75033e-19)
(1.35593 -0.0985524 -2.91953e-17)
(-1.62461 0.851361 -2.68521e-16)
(2.03502 0.106927 0)
(0.812785 2.80985 0)
(1.7383 -0.128006 -2.546e-16)
(1.91136 0.156588 4.98329e-16)
(-2.42006 1.20252 -1.67548e-16)
(8.45541 1.58442 0)
(2.13504 0.190324 1.02836e-18)
(1.64998 -0.0365846 1.37959e-16)
(0.734158 0.185944 -8.13039e-17)
(0.0119765 3.27517 3.56476e-16)
(0.161163 1.71207 3.26248e-16)
(-1.17929 -0.44117 -7.6589e-16)
(0.166571 -0.0171561 9.39074e-16)
(0.0557656 0.0576967 3.54129e-17)
(-2.81566 4.61406 -1.26868e-16)
(-0.806367 2.92769 2.41616e-16)
(1.13073 0.0254829 1.99256e-17)
(-2.22301 1.74482 1.88761e-16)
(1.33791 -0.0421289 3.04973e-16)
(-1.46196 -0.146623 -1.023e-16)
(8.49022 1.57973 0)
(1.35128 -0.029469 -5.81343e-16)
(1.29276 -0.0528569 0)
(-1.08655 0.225049 -4.7102e-19)
(0.151186 0.062843 -3.00221e-16)
(10.0588 0.0209729 0)
(-0.07356 2.70028 -1.29818e-16)
(1.25419 -0.0283891 -2.29612e-17)
(1.30982 -0.0239163 3.43131e-16)
(1.26737 -0.0133444 0)
(1.2705 -0.0271501 -2.32754e-17)
(1.08224 -0.0751807 -7.09086e-18)
(0.842176 -0.0825352 7.39914e-18)
(0.873648 -0.0945737 0)
(1.04211 -0.09119 0)
(1.15965 -0.0774948 0)
(1.23705 -0.0633393 -1.91979e-17)
(-0.0161881 -0.0967152 7.64515e-17)
(-1.14536 5.0859 8.07477e-17)
(2.28092 -1.87186 8.65153e-17)
(2.36697 0.324587 -3.18933e-16)
(1.65209 -0.043014 2.09469e-16)
(-0.0403405 1.64628 -1.24038e-16)
(-0.771022 4.00612 0)
(1.66664 0.0738048 -2.31714e-16)
(-0.114973 2.8776 2.98441e-17)
(0.0223525 2.73427 -8.47447e-17)
(-0.888068 3.06297 -2.6086e-16)
(-1.38487 -0.264395 1.68117e-16)
(-0.0195139 -0.44984 -2.15928e-16)
(-0.477512 -0.311624 0)
(-0.00194699 3.5723 2.5984e-16)
(5.36722 0.845689 0)
(-0.955128 4.37358 -9.36841e-17)
(-0.88146 3.18937 -3.15617e-16)
(0.305716 -0.0415321 0)
(0.029099 3.19664 1.0995e-16)
(1.68973 0.0332686 2.22719e-16)
(3.20577 0.603989 1.12462e-16)
(0.0122959 0.95045 -2.3391e-16)
(1.72893 -0.192231 -1.90796e-16)
(2.09775 -0.149527 4.61518e-17)
(0.0682926 3.51484 0)
(-0.542167 -0.112423 -2.82707e-17)
(0.897994 3.66627 -2.85533e-16)
(0.693205 1.16858 -8.72862e-19)
(0.0508442 2.39027 -2.10094e-17)
(0.030441 2.60298 3.48586e-17)
(-0.180631 3.1358 0)
(8.81613 0.340717 3.56115e-17)
(-0.014106 -0.364388 -1.39625e-16)
(1.64294 -0.069534 -7.04214e-17)
(3.32431 0.355266 0)
(0.0727362 -0.471862 1.24629e-16)
(4.73903 -0.406748 -1.92264e-16)
(3.70199 -0.0263054 -6.02674e-18)
(-0.0865237 -0.0140142 -4.4354e-16)
(-1.73384 -0.37456 2.10615e-16)
(0.330237 1.92058 -5.90555e-17)
(-0.969008 2.7707 0)
(2.87046 0.47141 -1.07261e-16)
(-1.91001 -0.956807 -7.56577e-16)
(-0.0318877 3.01572 -8.24142e-17)
(-0.379289 -0.1527 -6.58915e-16)
(-0.168078 3.16452 -1.53786e-16)
(-0.124452 -0.460567 -6.12181e-16)
(0.114022 -0.0643807 0)
(-0.110562 -0.0472519 -3.95777e-17)
(2.27028 2.34581 -1.7551e-16)
(-0.752929 5.68656 5.09646e-17)
(-0.13923 -0.61986 3.318e-16)
(0.101548 1.41867 0)
(-1.06971 2.37953 3.67857e-17)
(0.199484 6.12497 2.40085e-16)
(-0.142399 3.00157 -1.29208e-16)
(0.60444 -0.0827562 -5.83606e-17)
(0.395581 -0.0661627 6.56199e-17)
(-0.021456 3.04874 -4.07857e-17)
(1.14059 -0.241056 -2.83474e-16)
(-0.751363 -0.159839 -4.55819e-19)
(2.15954 0.358489 -2.27453e-16)
(0.424192 -0.345427 -7.83982e-20)
(1.7074 1.64333 -5.81607e-20)
(-0.0974468 3.27889 2.98582e-16)
(7.9177 -0.527322 2.82686e-16)
(0.832479 2.07109 7.26201e-17)
(-0.137174 2.96981 0)
(0.0256423 2.64976 -3.26946e-17)
(-0.299866 1.75015 0)
(-1.27521 6.56005 2.4089e-16)
(6.10787 1.66237 -1.24778e-16)
(-0.338616 -1.90093 -5.95167e-18)
(-0.887618 6.20073 1.74465e-16)
(0.0391025 -0.277121 1.24236e-16)
(-1.31996 -0.15411 2.51947e-17)
(-1.055 2.99029 -1.04678e-19)
(0.307676 2.57615 7.40982e-17)
(-0.856762 -0.237421 -1.01184e-15)
(-0.000740685 0.0560165 1.08228e-15)
(0.919385 -1.88577 4.04236e-16)
(5.13104 0.0868999 -3.547e-17)
(-1.56079 3.87126 -1.34434e-16)
(-1.02879 -1.03506 3.24092e-16)
(-0.250029 -0.774674 -5.38835e-20)
(-1.66854 6.451 -1.74478e-16)
(5.91551 -0.321713 0)
(1.90235 0.509535 -3.45377e-16)
(-0.0896291 3.23169 -8.33138e-17)
(-0.992027 -0.243901 4.54884e-16)
(-0.163594 1.80318 -4.30843e-19)
(-0.0524701 3.19339 -3.68829e-16)
(-1.0649 2.29282 0)
(0.126932 1.00438 0)
(-2.57993 1.98072 -2.21831e-17)
(-1.78895 -0.76004 5.34223e-17)
(-0.441579 0.0195232 -1.20766e-17)
(0.216244 -1.82904 -1.58497e-16)
(1.37438 0.66384 7.72755e-19)
(-1.32324 -0.277013 -1.66923e-16)
(-0.00280506 -0.0796432 -8.07754e-17)
(-0.677473 4.97979 -1.45123e-17)
(7.89568 -0.647221 -2.22216e-17)
(1.39226 0.131464 -7.98785e-19)
(1.0077 0.341986 4.40898e-16)
(5.01767 1.38913 1.50848e-16)
(1.18754 -0.27111 -2.11028e-16)
(-0.363644 -0.42723 4.34834e-16)
(6.2533 1.24369 -8.80322e-17)
(5.7274 1.93793 -5.66054e-19)
(1.69692 -0.0519177 0)
(0.135149 2.37844 0)
(7.88883 -0.120906 -1.62467e-16)
(-2.57716 2.19233 1.78045e-16)
(2.37646 0.211658 -1.02903e-16)
(-1.1491 0.411287 -1.99271e-16)
(0.951727 0.190298 6.67115e-17)
(2.28614 1.20024 -1.08608e-16)
(-1.07021 -0.294907 0)
(0.0953725 -0.00587976 -2.393e-16)
(8.69594 0.303315 -4.3509e-18)
(-0.128211 0.065124 3.32536e-16)
(0.000138999 -0.0593905 -8.06207e-17)
(-0.0240265 2.43182 0)
(-0.0438489 3.01026 -3.61141e-16)
(-0.474962 3.35428 -4.21369e-16)
(-0.515932 -0.292026 -2.92057e-16)
(-0.282808 3.98734 1.76886e-17)
(8.74237 0.611689 -1.62448e-17)
(-2.51052 5.08691 0)
(-2.86351 -0.588639 1.2491e-16)
(0.0839836 -0.122397 -2.57691e-17)
(-0.135312 -0.0365073 -6.66477e-16)
(-0.0941741 0.0219173 -1.17067e-15)
(0.645996 -1.42458 -3.34214e-16)
(-2.33025 4.82008 1.55487e-16)
(4.00367 0.764692 5.614e-16)
(-0.438062 1.32262 -1.16631e-16)
(-0.0117128 1.69865 -1.08813e-16)
(-1.23295 1.71252 -6.2572e-16)
(0.0101416 0.2802 1.06415e-16)
(-0.837336 -0.603381 1.50973e-16)
(-0.984858 0.0399038 2.15054e-16)
(0.0736906 -0.10028 0)
(-0.132793 -0.04468 1.63724e-16)
(-0.278482 0.0599356 -1.78318e-16)
(0.187863 -1.2081 2.57703e-16)
(-2.1745 2.99157 5.94062e-17)
(-0.228586 2.11877 5.30942e-16)
(1.1939 -0.249401 3.94897e-16)
(0.524053 2.93427 0)
(-0.0419477 -0.0896412 -5.55124e-16)
(0.167611 -0.0409875 -5.05032e-16)
(-0.312531 3.74015 0)
(-2.70116 0.826258 4.13091e-17)
(8.96332 0.0608475 0)
(0.087418 3.07904 -2.21254e-16)
(-0.0504168 2.94415 -8.30704e-18)
(2.5592 1.12262 3.42386e-16)
(-0.087003 3.17947 3.54598e-17)
(5.58203 -0.488752 -8.46625e-17)
(-0.282539 -1.22057 -5.73935e-17)
(-0.074955 0.0640599 2.90328e-16)
(-0.0221826 2.95062 0)
(-2.05089 2.37343 -2.64906e-16)
(-3.0375 3.30014 2.72451e-17)
(1.73298 0.225692 -2.11846e-16)
(-0.178765 2.34558 1.63821e-16)
(1.34381 0.944413 4.32662e-16)
(-0.317246 -0.470511 2.52258e-16)
(-1.49606 5.87911 1.76096e-16)
(-2.73261 -2.02101 -1.23507e-16)
(-0.0609195 2.00798 -8.97382e-17)
(-0.145334 1.26554 -1.20243e-16)
(0.0963818 1.80828 1.71227e-16)
(9.37184 -0.219363 -5.92177e-17)
(1.77423 0.0404122 3.84422e-16)
(0.526142 -0.481168 5.97163e-19)
(0.676181 -0.0749962 1.81904e-16)
(-0.906455 3.97358 0)
(-1.1755 1.22289 3.69529e-16)
(4.95366 0.206562 -3.30255e-19)
(-0.780566 3.75146 4.60642e-16)
(-1.25722 -0.15245 0)
(-0.406295 3.30058 0)
(0.0821082 3.0751 -1.6505e-20)
(8.74393 1.14305 -7.04599e-18)
(-0.35752 0.643071 1.8047e-16)
(1.8904 0.249287 -3.43701e-16)
(0.396879 0.227216 0)
(5.42141 -0.350632 -2.70569e-17)
(0.29218 -0.444373 -4.50401e-16)
(0.261221 1.99841 -9.42024e-18)
(-1.10644 2.71576 0)
(-0.382988 1.77178 -1.45143e-16)
(-0.28 3.48025 -2.04813e-16)
(3.14794 -1.17793 1.45793e-16)
(0.298906 5.85483 -2.21924e-16)
(-0.175347 0.637613 1.65179e-17)
(-0.973352 2.37299 -9.03269e-17)
(0.0969632 2.36809 1.01888e-17)
(-0.0946303 1.17539 2.23573e-16)
(-0.43821 1.1906 -4.6611e-16)
(0.300144 -0.0685398 -7.27736e-17)
(0.151261 4.14011 6.69223e-17)
(0.0355068 3.1413 8.86571e-17)
(0.172706 3.45372 -9.82187e-17)
(-0.0951342 -0.101556 0)
(-0.304194 0.485466 -1.38391e-16)
(-0.419693 -0.197215 2.23535e-16)
(8.79602 -0.00437354 0)
(0.0965137 2.78717 -1.5046e-16)
(-0.522812 3.11133 0)
(-0.20694 1.59249 6.26334e-17)
(-0.077887 -0.277926 1.36156e-16)
(-1.08978 1.35885 2.56703e-16)
(0.198747 0.26972 3.26288e-16)
(-1.21392 -0.114236 -5.78667e-17)
(0.0822146 -0.0719862 -6.14486e-17)
(-1.40168 -0.246901 0)
(1.65184 -0.00253304 -3.14339e-16)
(-0.613895 3.37838 2.34505e-19)
(8.62741 0.934236 3.11928e-18)
(0.738604 0.0778562 -4.28598e-16)
(-2.55716 0.541617 -7.60483e-18)
(-1.25471 -0.388297 0)
(3.66679 -0.175877 0)
(-0.649197 3.74409 -2.08951e-16)
(-0.306182 -1.11772 0)
(0.135805 0.0988163 1.40506e-16)
(3.64488 -0.411689 1.64255e-17)
(-0.00904567 0.866686 2.70568e-16)
(8.6145 -0.0579012 0)
(-0.250327 -0.216791 -5.70309e-16)
(-0.235559 -0.4834 0)
(0.487345 0.412539 3.79208e-17)
(0.0260813 1.85318 1.44657e-16)
(0.900286 0.0826414 0)
(-0.619147 3.55745 -1.36627e-16)
(0.325794 1.96215 7.08454e-17)
(-1.01519 2.77166 -6.2229e-17)
(-0.5332 -0.374484 3.39076e-16)
(-0.472101 -0.273255 2.14613e-20)
(-1.0866 5.8455 -7.4226e-17)
(0.078674 0.131254 0)
(1.58234 0.00434547 -2.9861e-17)
(-0.165386 1.39255 3.43945e-16)
(1.53733 -0.0521326 0)
(-1.09853 -1.60038 5.54552e-17)
(-0.855835 -0.141564 -1.9106e-16)
(-0.985566 3.44716 -1.26129e-16)
(3.26673 0.497759 1.83162e-16)
(2.46365 0.444719 0)
(-2.90339 2.0558 -1.71362e-17)
(1.65423 0.246038 -1.85412e-17)
(0.126788 -0.02728 0)
(1.6851 -0.128582 1.35485e-16)
(2.02258 0.356654 -1.31671e-16)
(0.0505896 3.27184 -1.4576e-16)
(-0.62848 -0.0195891 -5.71705e-16)
(5.05892 1.12176 -7.62984e-17)
(0.771242 -0.360481 -1.44684e-16)
(1.97165 0.789399 6.9217e-16)
(3.47697 0.266106 3.17841e-18)
(2.9493 0.495243 -8.56374e-17)
(-0.173007 3.59742 7.4076e-17)
(1.79171 0.0584904 1.79118e-16)
(-0.960299 4.74957 1.47811e-17)
(0.32902 0.500418 -2.32729e-17)
(5.65404 1.21694 0)
(-1.21573 5.49376 5.43468e-17)
(-2.97326 1.99848 3.80351e-18)
(0.26072 0.277251 -1.7725e-16)
(0.0536123 0.158206 -2.39502e-16)
(1.08657 -0.0199231 -2.9294e-17)
(1.24591 0.0114859 2.73913e-16)
(-0.216464 2.14499 0)
(3.21448 -0.261317 1.2127e-16)
(1.63369 0.907854 -1.16016e-15)
(-0.93049 5.38475 1.39533e-17)
(0.258415 1.88201 0)
(1.65392 0.0107856 -5.21517e-17)
(-0.243295 -1.74036 -3.74849e-17)
(1.68971 1.32016 2.64757e-18)
(-0.614566 -0.117897 -2.61498e-16)
(-0.507116 -0.263728 -5.97514e-20)
(-1.25703 -0.512907 -1.14608e-16)
(0.302265 -1.57996 -4.13351e-16)
(-0.123207 -0.437594 0)
(-0.32813 -0.470029 0)
(-0.314511 0.797131 0)
(-0.0186072 3.60844 0)
(-0.48856 -0.290571 -1.92777e-16)
(0.51522 3.25418 -1.64106e-16)
(0.190903 1.28193 1.59376e-16)
(-0.0274897 3.07227 0)
(0.458712 3.63408 2.21976e-16)
(0.0140619 3.09484 -1.27257e-16)
(0.0254574 3.58149 -2.80368e-17)
(0.00320603 3.61077 -6.11597e-17)
(3.06928 -0.418478 -7.83325e-17)
(0.172514 3.21181 -1.73344e-17)
(0.122986 0.168238 -3.33578e-16)
(-1.1448 0.87094 5.20636e-16)
(1.57166 0.0378798 -1.91255e-16)
(0.0710397 -0.0774751 0)
(-0.132881 -0.0753533 -8.30857e-21)
(1.3726 -0.21845 -5.65904e-16)
(-2.09646 -1.5477 -2.49489e-16)
(1.69002 0.452696 5.1055e-16)
(-0.25743 3.84227 9.63001e-17)
(0.0476832 3.18923 0)
(0.927029 3.206 0)
(-0.0289365 3.24654 -1.45983e-16)
(0.0287087 3.56767 3.43235e-17)
(1.5152 0.0921079 7.34821e-17)
(-0.0924509 3.46975 3.25305e-18)
(0.0752738 -0.668325 -9.67316e-17)
(-1.4874 -0.256912 -4.09772e-16)
(-0.73898 -0.176965 0)
(0.14313 3.2547 -4.02093e-16)
(-2.89139 0.637504 4.71043e-20)
(-1.19395 -0.232576 -2.60828e-16)
(-1.16594 -0.345947 -5.84057e-17)
(3.64683 0.0664487 0)
(1.74873 0.106814 -4.49663e-16)
(0.131414 1.86628 -8.93335e-18)
(1.82578 0.0843706 -5.04613e-17)
(1.85049 0.179323 -1.15114e-16)
(1.55116 0.0518202 -6.11989e-17)
(8.99567 0.147457 -6.30017e-17)
(5.00719 0.888864 0)
(0.0711865 3.16449 -1.00098e-16)
(-2.846 -1.58007 -1.31902e-16)
(1.58383 0.0678263 -1.64829e-17)
(0.743219 -0.0555417 6.04126e-16)
(-1.12134 -0.305342 1.64129e-16)
(1.42225 0.113275 -3.4018e-16)
(2.40425 -0.149462 -9.93266e-17)
(6.31814 -0.0665283 1.36628e-16)
(-1.1351 0.380212 1.02787e-15)
(-2.0723 -0.707855 4.68902e-16)
(-3.27148 -2.00352 -2.87005e-16)
(-0.0967147 0.0500481 -1.16229e-15)
(-1.66248 -0.0368041 -5.04492e-16)
(-0.122183 0.191548 -2.95337e-16)
(-0.0950259 -0.0836605 -1.17004e-15)
(0.151292 -0.0746152 -1.98504e-16)
(0.181962 0.248178 -7.82233e-18)
(-0.516037 0.00894847 0)
(-0.0394013 0.310046 0)
(0.938428 0.341855 1.42444e-16)
(-0.438022 0.340653 1.02896e-16)
(0.19904 0.461258 -9.76995e-16)
(-0.018623 0.0908855 1.21868e-15)
(3.2342 0.490636 -6.07928e-17)
(0.0169476 0.258092 0)
(5.71798 -0.00241087 7.60459e-17)
(6.19911 -0.118255 2.89584e-16)
(6.77634 -0.13309 -1.35281e-17)
(-1.40553 -0.105956 1.67996e-16)
(-1.1515 -0.118295 2.74564e-17)
(-0.112842 -0.0105059 1.55403e-18)
(0.682326 -0.105435 0)
(-0.405813 -0.0562974 1.38869e-16)
(-0.471818 -0.0622372 0)
(0.466448 -0.0787987 -1.5044e-17)
(-0.555021 -0.062982 -4.01224e-18)
(1.22835 0.0403614 3.15943e-16)
(1.60416 0.0747391 -4.55296e-16)
(1.71663 -0.0250369 0)
)
;

boundaryField
{
    frontAndBack
    {
        type            empty;
    }
    wallOuter
    {
        type            noSlip;
    }
    inlet
    {
        type            fixedValue;
        value           nonuniform 0();
    }
    outlet
    {
        type            zeroGradient;
    }
    wallInner
    {
        type            noSlip;
    }
    procBoundary1to0
    {
        type            processor;
        value           nonuniform List<vector> 
29
(
(-0.658226 -0.571354 -2.34253e-16)
(-0.658226 -0.571354 -2.34253e-16)
(-1.89673 -0.297389 0)
(-1.64721 -0.621173 1.78257e-16)
(-0.818215 -1.26523 -1.34193e-16)
(-1.37642 -0.402159 -1.42273e-16)
(1.90131 -0.0350198 2.49229e-16)
(-0.518782 -0.269843 0)
(0.984075 -0.402914 0)
(-1.01465 -0.831132 -1.73254e-16)
(-0.527294 -0.526559 -3.36952e-16)
(-1.37642 -0.402159 -1.42273e-16)
(-1.89673 -0.297389 0)
(-0.992506 -0.389384 0)
(4.21048 -0.0313516 9.33415e-17)
(7.32273 0.0392832 0)
(-0.818215 -1.26523 -1.34193e-16)
(-0.0700979 -1.25931 0)
(-1.64721 -0.621173 1.78257e-16)
(-0.461588 -0.715229 3.26899e-18)
(9.63789 0.0700326 -2.54312e-17)
(9.81039 -0.0154734 -1.16163e-17)
(0.919773 -1.17126 -2.15776e-16)
(7.69745 0.051823 1.44182e-16)
(7.69745 0.051823 1.44182e-16)
(0.919773 -1.17126 -2.15776e-16)
(10.3212 -0.00348685 -5.03577e-17)
(-0.111565 -0.048599 0)
(10.3212 -0.00348685 -5.03577e-17)
)
;
    }
    procBoundary1to2
    {
        type            processor;
        value           uniform (0.758496 -0.85063 -2.12291e-16);
    }
    procBoundary1to3
    {
        type            processor;
        value           nonuniform List<vector> 
48
(
(0.159994 3.05194 0)
(0.158715 3.18002 5.9801e-20)
(0.0985936 3.16379 2.006e-16)
(0.0985936 3.16379 2.006e-16)
(0.086202 2.44391 -1.0609e-16)
(0.0467809 2.20418 7.34636e-16)
(0.0467809 2.20418 7.34636e-16)
(0.22922 0.694999 0)
(0.20592 3.01548 0)
(0.00782355 -0.536822 0)
(-0.0228572 -0.39504 -3.38034e-16)
(0.00782355 -0.536822 0)
(0.0621808 -0.299629 4.16707e-16)
(0.307171 -0.380552 3.61266e-16)
(0.307689 -0.626214 -2.04055e-16)
(0.0621808 -0.299629 4.16707e-16)
(0.0866929 -0.153553 3.5302e-20)
(0.0866929 -0.153553 3.5302e-20)
(0.0686879 -0.117804 0)
(0.0686879 -0.117804 0)
(0.175056 -0.0899642 2.74975e-17)
(0.157194 -0.0260293 2.14075e-16)
(0.0409379 -0.140939 -2.26941e-16)
(-0.100214 0.512971 1.07136e-15)
(-0.100214 0.512971 1.07136e-15)
(0.104063 -0.185973 0)
(0.185097 0.00436364 0)
(0.185097 0.00436364 0)
(0.202918 0.0632931 5.10145e-16)
(0.122333 0.879579 -3.80036e-16)
(0.00366231 0.00855781 -1.74324e-16)
(0.202918 0.0632931 5.10145e-16)
(0.22922 0.694999 0)
(0.249407 2.95527 -5.97052e-16)
(0.111182 -0.149123 -2.13641e-16)
(0.122333 0.879579 -3.80036e-16)
(0.271091 2.14693 -3.21321e-16)
(-0.0228572 -0.39504 -3.38034e-16)
(0.166744 3.01713 0)
(-0.00594473 3.3669 2.31531e-17)
(0.230195 -0.22638 5.12298e-16)
(0.296673 2.81171 2.52223e-16)
(0.249407 2.95527 -5.97052e-16)
(0.111182 -0.149123 -2.13641e-16)
(0.512317 -0.792883 8.19783e-17)
(-0.0309533 2.76103 1.4518e-20)
(0.0555678 3.1611 0)
(0.230195 -0.22638 5.12298e-16)
)
;
    }
}


// ************************************************************************* //
